COUNTY,PRECINCT,CANDIDATE,Timestamp,VOTES,TOTAL_VOTES,GEOID
Floyd,A101,bidenj,12/27/2021 20:35:30.140709,130,381,21071-COURT HOUSE/TRIMBLE BR (A101)
Floyd,A101,jorgensenj,12/27/2021 20:35:30.140709,4,381,21071-COURT HOUSE/TRIMBLE BR (A101)
Floyd,A101,pierceb,12/27/2021 20:35:30.140709,0,381,21071-COURT HOUSE/TRIMBLE BR (A101)
Floyd,A101,trumpd,12/27/2021 20:35:30.140709,246,381,21071-COURT HOUSE/TRIMBLE BR (A101)
Floyd,A101,westk,12/27/2021 20:35:30.140709,1,381,21071-COURT HOUSE/TRIMBLE BR (A101)
Floyd,A102,bidenj,12/27/2021 20:35:30.140709,9,76,21071-ENDICOTT/BUFFALO (A102)
Floyd,A102,jorgensenj,12/27/2021 20:35:30.140709,0,76,21071-ENDICOTT/BUFFALO (A102)
Floyd,A102,pierceb,12/27/2021 20:35:30.140709,0,76,21071-ENDICOTT/BUFFALO (A102)
Floyd,A102,trumpd,12/27/2021 20:35:30.140709,66,76,21071-ENDICOTT/BUFFALO (A102)
Floyd,A102,westk,12/27/2021 20:35:30.140709,1,76,21071-ENDICOTT/BUFFALO (A102)
Floyd,A103,bidenj,12/27/2021 20:35:30.140709,66,412,21071-DEPOT (A103)
Floyd,A103,jorgensenj,12/27/2021 20:35:30.140709,3,412,21071-DEPOT (A103)
Floyd,A103,pierceb,12/27/2021 20:35:30.140709,0,412,21071-DEPOT (A103)
Floyd,A103,trumpd,12/27/2021 20:35:30.140709,341,412,21071-DEPOT (A103)
Floyd,A103,westk,12/27/2021 20:35:30.140709,2,412,21071-DEPOT (A103)
Floyd,A104,bidenj,12/27/2021 20:35:30.140709,66,216,21071-RICHMOND (A104)
Floyd,A104,jorgensenj,12/27/2021 20:35:30.140709,4,216,21071-RICHMOND (A104)
Floyd,A104,pierceb,12/27/2021 20:35:30.140709,0,216,21071-RICHMOND (A104)
Floyd,A104,trumpd,12/27/2021 20:35:30.140709,146,216,21071-RICHMOND (A104)
Floyd,A104,westk,12/27/2021 20:35:30.140709,0,216,21071-RICHMOND (A104)
Floyd,A105,bidenj,12/27/2021 20:35:30.140709,155,561,21071-NORTH PRESTONBURG (A105)
Floyd,A105,jorgensenj,12/27/2021 20:35:30.140709,1,561,21071-NORTH PRESTONBURG (A105)
Floyd,A105,pierceb,12/27/2021 20:35:30.140709,0,561,21071-NORTH PRESTONBURG (A105)
Floyd,A105,trumpd,12/27/2021 20:35:30.140709,400,561,21071-NORTH PRESTONBURG (A105)
Floyd,A105,westk,12/27/2021 20:35:30.140709,5,561,21071-NORTH PRESTONBURG (A105)
Floyd,A106,bidenj,12/27/2021 20:35:30.140709,153,569,21071-PORTER (A106)
Floyd,A106,jorgensenj,12/27/2021 20:35:30.140709,3,569,21071-PORTER (A106)
Floyd,A106,pierceb,12/27/2021 20:35:30.140709,1,569,21071-PORTER (A106)
Floyd,A106,trumpd,12/27/2021 20:35:30.140709,409,569,21071-PORTER (A106)
Floyd,A106,westk,12/27/2021 20:35:30.140709,3,569,21071-PORTER (A106)
Floyd,A107,bidenj,12/27/2021 20:35:30.140709,128,476,21071-AUXIER (A107)
Floyd,A107,jorgensenj,12/27/2021 20:35:30.140709,5,476,21071-AUXIER (A107)
Floyd,A107,pierceb,12/27/2021 20:35:30.140709,1,476,21071-AUXIER (A107)
Floyd,A107,trumpd,12/27/2021 20:35:30.140709,337,476,21071-AUXIER (A107)
Floyd,A107,westk,12/27/2021 20:35:30.140709,5,476,21071-AUXIER (A107)
Floyd,A109,bidenj,12/27/2021 20:35:30.140709,107,579,21071-COW CREEK (A109)
Floyd,A109,jorgensenj,12/27/2021 20:35:30.140709,5,579,21071-COW CREEK (A109)
Floyd,A109,pierceb,12/27/2021 20:35:30.140709,1,579,21071-COW CREEK (A109)
Floyd,A109,trumpd,12/27/2021 20:35:30.140709,465,579,21071-COW CREEK (A109)
Floyd,A109,westk,12/27/2021 20:35:30.140709,1,579,21071-COW CREEK (A109)
Floyd,A110,bidenj,12/27/2021 20:35:30.140709,105,369,21071-ALLEN-DWALE (A110)
Floyd,A110,jorgensenj,12/27/2021 20:35:30.140709,5,369,21071-ALLEN-DWALE (A110)
Floyd,A110,pierceb,12/27/2021 20:35:30.140709,1,369,21071-ALLEN-DWALE (A110)
Floyd,A110,trumpd,12/27/2021 20:35:30.140709,256,369,21071-ALLEN-DWALE (A110)
Floyd,A110,westk,12/27/2021 20:35:30.140709,2,369,21071-ALLEN-DWALE (A110)
Floyd,A111,bidenj,12/27/2021 20:35:30.140709,142,505,21071-JIM BANKS (A111)
Floyd,A111,jorgensenj,12/27/2021 20:35:30.140709,2,505,21071-JIM BANKS (A111)
Floyd,A111,pierceb,12/27/2021 20:35:30.140709,0,505,21071-JIM BANKS (A111)
Floyd,A111,trumpd,12/27/2021 20:35:30.140709,359,505,21071-JIM BANKS (A111)
Floyd,A111,westk,12/27/2021 20:35:30.140709,2,505,21071-JIM BANKS (A111)
Floyd,A113,bidenj,12/27/2021 20:35:30.140709,89,542,21071-ABBOTT (A113)
Floyd,A113,jorgensenj,12/27/2021 20:35:30.140709,9,542,21071-ABBOTT (A113)
Floyd,A113,pierceb,12/27/2021 20:35:30.140709,2,542,21071-ABBOTT (A113)
Floyd,A113,trumpd,12/27/2021 20:35:30.140709,442,542,21071-ABBOTT (A113)
Floyd,A113,westk,12/27/2021 20:35:30.140709,0,542,21071-ABBOTT (A113)
Floyd,A116,bidenj,12/27/2021 20:35:30.140709,130,671,21071-CLIFF (A116)
Floyd,A116,jorgensenj,12/27/2021 20:35:30.140709,8,671,21071-CLIFF (A116)
Floyd,A116,pierceb,12/27/2021 20:35:30.140709,0,671,21071-CLIFF (A116)
Floyd,A116,trumpd,12/27/2021 20:35:30.140709,530,671,21071-CLIFF (A116)
Floyd,A116,westk,12/27/2021 20:35:30.140709,3,671,21071-CLIFF (A116)
Floyd,B101,bidenj,12/27/2021 20:35:30.140709,77,285,21071-JOHN POSSUM (B101)
Floyd,B101,jorgensenj,12/27/2021 20:35:30.140709,3,285,21071-JOHN POSSUM (B101)
Floyd,B101,pierceb,12/27/2021 20:35:30.140709,1,285,21071-JOHN POSSUM (B101)
Floyd,B101,trumpd,12/27/2021 20:35:30.140709,203,285,21071-JOHN POSSUM (B101)
Floyd,B101,westk,12/27/2021 20:35:30.140709,1,285,21071-JOHN POSSUM (B101)
Floyd,B102,bidenj,12/27/2021 20:35:30.140709,139,554,21071-MAYTOWN (B102)
Floyd,B102,jorgensenj,12/27/2021 20:35:30.140709,2,554,21071-MAYTOWN (B102)
Floyd,B102,pierceb,12/27/2021 20:35:30.140709,2,554,21071-MAYTOWN (B102)
Floyd,B102,trumpd,12/27/2021 20:35:30.140709,410,554,21071-MAYTOWN (B102)
Floyd,B102,westk,12/27/2021 20:35:30.140709,1,554,21071-MAYTOWN (B102)
Floyd,B103,bidenj,12/27/2021 20:35:30.140709,88,366,21071-BOSCO (B103)
Floyd,B103,jorgensenj,12/27/2021 20:35:30.140709,3,366,21071-BOSCO (B103)
Floyd,B103,pierceb,12/27/2021 20:35:30.140709,0,366,21071-BOSCO (B103)
Floyd,B103,trumpd,12/27/2021 20:35:30.140709,273,366,21071-BOSCO (B103)
Floyd,B103,westk,12/27/2021 20:35:30.140709,2,366,21071-BOSCO (B103)
Floyd,B104,bidenj,12/27/2021 20:35:30.140709,84,354,21071-GARRETT/ROCK FORK (B104)
Floyd,B104,jorgensenj,12/27/2021 20:35:30.140709,0,354,21071-GARRETT/ROCK FORK (B104)
Floyd,B104,pierceb,12/27/2021 20:35:30.140709,0,354,21071-GARRETT/ROCK FORK (B104)
Floyd,B104,trumpd,12/27/2021 20:35:30.140709,270,354,21071-GARRETT/ROCK FORK (B104)
Floyd,B104,westk,12/27/2021 20:35:30.140709,0,354,21071-GARRETT/ROCK FORK (B104)
Floyd,B105,bidenj,12/27/2021 20:35:30.140709,101,353,21071-LACKEY/WAYLAND (B105)
Floyd,B105,jorgensenj,12/27/2021 20:35:30.140709,0,353,21071-LACKEY/WAYLAND (B105)
Floyd,B105,pierceb,12/27/2021 20:35:30.140709,0,353,21071-LACKEY/WAYLAND (B105)
Floyd,B105,trumpd,12/27/2021 20:35:30.140709,249,353,21071-LACKEY/WAYLAND (B105)
Floyd,B105,westk,12/27/2021 20:35:30.140709,3,353,21071-LACKEY/WAYLAND (B105)
Floyd,B106,bidenj,12/27/2021 20:35:30.140709,111,557,21071-MIDDLE CREEK/JACK ALLEN (B106)
Floyd,B106,jorgensenj,12/27/2021 20:35:30.140709,4,557,21071-MIDDLE CREEK/JACK ALLEN (B106)
Floyd,B106,pierceb,12/27/2021 20:35:30.140709,1,557,21071-MIDDLE CREEK/JACK ALLEN (B106)
Floyd,B106,trumpd,12/27/2021 20:35:30.140709,439,557,21071-MIDDLE CREEK/JACK ALLEN (B106)
Floyd,B106,westk,12/27/2021 20:35:30.140709,2,557,21071-MIDDLE CREEK/JACK ALLEN (B106)
Floyd,B108,bidenj,12/27/2021 20:35:30.140709,73,387,21071-BEECH GROVE (B108)
Floyd,B108,jorgensenj,12/27/2021 20:35:30.140709,2,387,21071-BEECH GROVE (B108)
Floyd,B108,pierceb,12/27/2021 20:35:30.140709,0,387,21071-BEECH GROVE (B108)
Floyd,B108,trumpd,12/27/2021 20:35:30.140709,311,387,21071-BEECH GROVE (B108)
Floyd,B108,westk,12/27/2021 20:35:30.140709,1,387,21071-BEECH GROVE (B108)
Floyd,B109,bidenj,12/27/2021 20:35:30.140709,31,181,21071-MOUTH OF BEAVER (B109)
Floyd,B109,jorgensenj,12/27/2021 20:35:30.140709,0,181,21071-MOUTH OF BEAVER (B109)
Floyd,B109,pierceb,12/27/2021 20:35:30.140709,1,181,21071-MOUTH OF BEAVER (B109)
Floyd,B109,trumpd,12/27/2021 20:35:30.140709,148,181,21071-MOUTH OF BEAVER (B109)
Floyd,B109,westk,12/27/2021 20:35:30.140709,1,181,21071-MOUTH OF BEAVER (B109)
Floyd,B112,bidenj,12/27/2021 20:35:30.140709,95,480,21071-ROUGH & TOUGH (B112)
Floyd,B112,jorgensenj,12/27/2021 20:35:30.140709,1,480,21071-ROUGH & TOUGH (B112)
Floyd,B112,pierceb,12/27/2021 20:35:30.140709,0,480,21071-ROUGH & TOUGH (B112)
Floyd,B112,trumpd,12/27/2021 20:35:30.140709,381,480,21071-ROUGH & TOUGH (B112)
Floyd,B112,westk,12/27/2021 20:35:30.140709,3,480,21071-ROUGH & TOUGH (B112)
Floyd,C101,bidenj,12/27/2021 20:35:30.140709,104,382,21071-MARTIN (C101)
Floyd,C101,jorgensenj,12/27/2021 20:35:30.140709,2,382,21071-MARTIN (C101)
Floyd,C101,pierceb,12/27/2021 20:35:30.140709,3,382,21071-MARTIN (C101)
Floyd,C101,trumpd,12/27/2021 20:35:30.140709,270,382,21071-MARTIN (C101)
Floyd,C101,westk,12/27/2021 20:35:30.140709,3,382,21071-MARTIN (C101)
Floyd,C102,bidenj,12/27/2021 20:35:30.140709,91,300,21071-HALBERT (C102)
Floyd,C102,jorgensenj,12/27/2021 20:35:30.140709,2,300,21071-HALBERT (C102)
Floyd,C102,pierceb,12/27/2021 20:35:30.140709,1,300,21071-HALBERT (C102)
Floyd,C102,trumpd,12/27/2021 20:35:30.140709,205,300,21071-HALBERT (C102)
Floyd,C102,westk,12/27/2021 20:35:30.140709,1,300,21071-HALBERT (C102)
Floyd,C103,bidenj,12/27/2021 20:35:30.140709,110,394,21071-DRIFT (C103)
Floyd,C103,jorgensenj,12/27/2021 20:35:30.140709,3,394,21071-DRIFT (C103)
Floyd,C103,pierceb,12/27/2021 20:35:30.140709,1,394,21071-DRIFT (C103)
Floyd,C103,trumpd,12/27/2021 20:35:30.140709,279,394,21071-DRIFT (C103)
Floyd,C103,westk,12/27/2021 20:35:30.140709,1,394,21071-DRIFT (C103)
Floyd,C104,bidenj,12/27/2021 20:35:30.140709,173,527,21071-JOHN ANT/FRASURES CREEK (C104)
Floyd,C104,jorgensenj,12/27/2021 20:35:30.140709,3,527,21071-JOHN ANT/FRASURES CREEK (C104)
Floyd,C104,pierceb,12/27/2021 20:35:30.140709,4,527,21071-JOHN ANT/FRASURES CREEK (C104)
Floyd,C104,trumpd,12/27/2021 20:35:30.140709,345,527,21071-JOHN ANT/FRASURES CREEK (C104)
Floyd,C104,westk,12/27/2021 20:35:30.140709,2,527,21071-JOHN ANT/FRASURES CREEK (C104)
Floyd,C105,bidenj,12/27/2021 20:35:30.140709,21,118,21071-GEARHEART (C105)
Floyd,C105,jorgensenj,12/27/2021 20:35:30.140709,1,118,21071-GEARHEART (C105)
Floyd,C105,pierceb,12/27/2021 20:35:30.140709,0,118,21071-GEARHEART (C105)
Floyd,C105,trumpd,12/27/2021 20:35:30.140709,96,118,21071-GEARHEART (C105)
Floyd,C105,westk,12/27/2021 20:35:30.140709,0,118,21071-GEARHEART (C105)
Floyd,C106,bidenj,12/27/2021 20:35:30.140709,89,321,21071-CLEAR CREEK (C106)
Floyd,C106,jorgensenj,12/27/2021 20:35:30.140709,1,321,21071-CLEAR CREEK (C106)
Floyd,C106,pierceb,12/27/2021 20:35:30.140709,0,321,21071-CLEAR CREEK (C106)
Floyd,C106,trumpd,12/27/2021 20:35:30.140709,230,321,21071-CLEAR CREEK (C106)
Floyd,C106,westk,12/27/2021 20:35:30.140709,1,321,21071-CLEAR CREEK (C106)
Floyd,C107,bidenj,12/27/2021 20:35:30.140709,74,299,21071-JACKS CREEK (C107)
Floyd,C107,jorgensenj,12/27/2021 20:35:30.140709,3,299,21071-JACKS CREEK (C107)
Floyd,C107,pierceb,12/27/2021 20:35:30.140709,0,299,21071-JACKS CREEK (C107)
Floyd,C107,trumpd,12/27/2021 20:35:30.140709,221,299,21071-JACKS CREEK (C107)
Floyd,C107,westk,12/27/2021 20:35:30.140709,1,299,21071-JACKS CREEK (C107)
Floyd,C108,bidenj,12/27/2021 20:35:30.140709,116,370,21071-LEE HALL (C108)
Floyd,C108,jorgensenj,12/27/2021 20:35:30.140709,3,370,21071-LEE HALL (C108)
Floyd,C108,pierceb,12/27/2021 20:35:30.140709,1,370,21071-LEE HALL (C108)
Floyd,C108,trumpd,12/27/2021 20:35:30.140709,245,370,21071-LEE HALL (C108)
Floyd,C108,westk,12/27/2021 20:35:30.140709,5,370,21071-LEE HALL (C108)
Floyd,C109,bidenj,12/27/2021 20:35:30.140709,88,327,21071-MELVIN (C109)
Floyd,C109,jorgensenj,12/27/2021 20:35:30.140709,2,327,21071-MELVIN (C109)
Floyd,C109,pierceb,12/27/2021 20:35:30.140709,1,327,21071-MELVIN (C109)
Floyd,C109,trumpd,12/27/2021 20:35:30.140709,236,327,21071-MELVIN (C109)
Floyd,C109,westk,12/27/2021 20:35:30.140709,0,327,21071-MELVIN (C109)
Floyd,C110,bidenj,12/27/2021 20:35:30.140709,62,232,21071-WEEKSBURY (C110)
Floyd,C110,jorgensenj,12/27/2021 20:35:30.140709,1,232,21071-WEEKSBURY (C110)
Floyd,C110,pierceb,12/27/2021 20:35:30.140709,0,232,21071-WEEKSBURY (C110)
Floyd,C110,trumpd,12/27/2021 20:35:30.140709,169,232,21071-WEEKSBURY (C110)
Floyd,C110,westk,12/27/2021 20:35:30.140709,0,232,21071-WEEKSBURY (C110)
Floyd,C111,bidenj,12/27/2021 20:35:30.140709,48,244,21071-ARKANSAS (C111)
Floyd,C111,jorgensenj,12/27/2021 20:35:30.140709,0,244,21071-ARKANSAS (C111)
Floyd,C111,pierceb,12/27/2021 20:35:30.140709,1,244,21071-ARKANSAS (C111)
Floyd,C111,trumpd,12/27/2021 20:35:30.140709,193,244,21071-ARKANSAS (C111)
Floyd,C111,westk,12/27/2021 20:35:30.140709,2,244,21071-ARKANSAS (C111)
Floyd,D101,bidenj,12/27/2021 20:35:30.140709,71,284,21071-ANTIOCH (D101)
Floyd,D101,jorgensenj,12/27/2021 20:35:30.140709,5,284,21071-ANTIOCH (D101)
Floyd,D101,pierceb,12/27/2021 20:35:30.140709,2,284,21071-ANTIOCH (D101)
Floyd,D101,trumpd,12/27/2021 20:35:30.140709,206,284,21071-ANTIOCH (D101)
Floyd,D101,westk,12/27/2021 20:35:30.140709,0,284,21071-ANTIOCH (D101)
Floyd,D102,bidenj,12/27/2021 20:35:30.140709,81,463,21071-TICKEY (D102)
Floyd,D102,jorgensenj,12/27/2021 20:35:30.140709,2,463,21071-TICKEY (D102)
Floyd,D102,pierceb,12/27/2021 20:35:30.140709,1,463,21071-TICKEY (D102)
Floyd,D102,trumpd,12/27/2021 20:35:30.140709,375,463,21071-TICKEY (D102)
Floyd,D102,westk,12/27/2021 20:35:30.140709,4,463,21071-TICKEY (D102)
Floyd,D103,bidenj,12/27/2021 20:35:30.140709,88,331,21071-TOLER (D103)
Floyd,D103,jorgensenj,12/27/2021 20:35:30.140709,3,331,21071-TOLER (D103)
Floyd,D103,pierceb,12/27/2021 20:35:30.140709,2,331,21071-TOLER (D103)
Floyd,D103,trumpd,12/27/2021 20:35:30.140709,236,331,21071-TOLER (D103)
Floyd,D103,westk,12/27/2021 20:35:30.140709,2,331,21071-TOLER (D103)
Floyd,D104,bidenj,12/27/2021 20:35:30.140709,100,526,21071-MOUTH OF MUD (D104)
Floyd,D104,jorgensenj,12/27/2021 20:35:30.140709,7,526,21071-MOUTH OF MUD (D104)
Floyd,D104,pierceb,12/27/2021 20:35:30.140709,1,526,21071-MOUTH OF MUD (D104)
Floyd,D104,trumpd,12/27/2021 20:35:30.140709,417,526,21071-MOUTH OF MUD (D104)
Floyd,D104,westk,12/27/2021 20:35:30.140709,1,526,21071-MOUTH OF MUD (D104)
Floyd,D105,bidenj,12/27/2021 20:35:30.140709,51,260,21071-LITTLE MUD (D105)
Floyd,D105,jorgensenj,12/27/2021 20:35:30.140709,0,260,21071-LITTLE MUD (D105)
Floyd,D105,pierceb,12/27/2021 20:35:30.140709,0,260,21071-LITTLE MUD (D105)
Floyd,D105,trumpd,12/27/2021 20:35:30.140709,208,260,21071-LITTLE MUD (D105)
Floyd,D105,westk,12/27/2021 20:35:30.140709,1,260,21071-LITTLE MUD (D105)
Floyd,D106,bidenj,12/27/2021 20:35:30.140709,104,492,21071-IVEL (D106)
Floyd,D106,jorgensenj,12/27/2021 20:35:30.140709,3,492,21071-IVEL (D106)
Floyd,D106,pierceb,12/27/2021 20:35:30.140709,3,492,21071-IVEL (D106)
Floyd,D106,trumpd,12/27/2021 20:35:30.140709,381,492,21071-IVEL (D106)
Floyd,D106,westk,12/27/2021 20:35:30.140709,1,492,21071-IVEL (D106)
Floyd,D107,bidenj,12/27/2021 20:35:30.140709,140,594,21071-BETSY LAYNE (D107)
Floyd,D107,jorgensenj,12/27/2021 20:35:30.140709,1,594,21071-BETSY LAYNE (D107)
Floyd,D107,pierceb,12/27/2021 20:35:30.140709,4,594,21071-BETSY LAYNE (D107)
Floyd,D107,trumpd,12/27/2021 20:35:30.140709,449,594,21071-BETSY LAYNE (D107)
Floyd,D107,westk,12/27/2021 20:35:30.140709,0,594,21071-BETSY LAYNE (D107)
Floyd,D108,bidenj,12/27/2021 20:35:30.140709,116,677,21071-PRATER CREEK (D108)
Floyd,D108,jorgensenj,12/27/2021 20:35:30.140709,2,677,21071-PRATER CREEK (D108)
Floyd,D108,pierceb,12/27/2021 20:35:30.140709,0,677,21071-PRATER CREEK (D108)
Floyd,D108,trumpd,12/27/2021 20:35:30.140709,557,677,21071-PRATER CREEK (D108)
Floyd,D108,westk,12/27/2021 20:35:30.140709,2,677,21071-PRATER CREEK (D108)
Floyd,D109,bidenj,12/27/2021 20:35:30.140709,34,168,21071-BRANHAMS CREEK (D109)
Floyd,D109,jorgensenj,12/27/2021 20:35:30.140709,1,168,21071-BRANHAMS CREEK (D109)
Floyd,D109,pierceb,12/27/2021 20:35:30.140709,0,168,21071-BRANHAMS CREEK (D109)
Floyd,D109,trumpd,12/27/2021 20:35:30.140709,133,168,21071-BRANHAMS CREEK (D109)
Floyd,D109,westk,12/27/2021 20:35:30.140709,0,168,21071-BRANHAMS CREEK (D109)
Floyd,D110,bidenj,12/27/2021 20:35:30.140709,44,166,21071-HEAD OF MUD (D110)
Floyd,D110,jorgensenj,12/27/2021 20:35:30.140709,2,166,21071-HEAD OF MUD (D110)
Floyd,D110,pierceb,12/27/2021 20:35:30.140709,1,166,21071-HEAD OF MUD (D110)
Floyd,D110,trumpd,12/27/2021 20:35:30.140709,116,166,21071-HEAD OF MUD (D110)
Floyd,D110,westk,12/27/2021 20:35:30.140709,3,166,21071-HEAD OF MUD (D110)
Floyd,Pres,bidenj,12/27/2021 20:35:30.140709,0,2,
Floyd,Pres,jorgensenj,12/27/2021 20:35:30.140709,0,2,
Floyd,Pres,pierceb,12/27/2021 20:35:30.140709,0,2,
Floyd,Pres,trumpd,12/27/2021 20:35:30.140709,2,2,
Floyd,Pres,westk,12/27/2021 20:35:30.140709,0,2,
Jefferson,A105,bidenj,12/27/2021 20:35:30.140709,705,1264,21111-28-PRECINCT 105 28 DISTRICT (A105)
Jefferson,A105,jorgensenj,12/27/2021 20:35:30.140709,20,1264,21111-28-PRECINCT 105 28 DISTRICT (A105)
Jefferson,A105,pierceb,12/27/2021 20:35:30.140709,3,1264,21111-28-PRECINCT 105 28 DISTRICT (A105)
Jefferson,A105,trumpd,12/27/2021 20:35:30.140709,534,1264,21111-28-PRECINCT 105 28 DISTRICT (A105)
Jefferson,A105,westk,12/27/2021 20:35:30.140709,2,1264,21111-28-PRECINCT 105 28 DISTRICT (A105)
Jefferson,A107,bidenj,12/27/2021 20:35:30.140709,317,616,21111-28-PRECINCT 107 28 DISTRICT (A107)
Jefferson,A107,jorgensenj,12/27/2021 20:35:30.140709,11,616,21111-28-PRECINCT 107 28 DISTRICT (A107)
Jefferson,A107,pierceb,12/27/2021 20:35:30.140709,1,616,21111-28-PRECINCT 107 28 DISTRICT (A107)
Jefferson,A107,trumpd,12/27/2021 20:35:30.140709,283,616,21111-28-PRECINCT 107 28 DISTRICT (A107)
Jefferson,A107,westk,12/27/2021 20:35:30.140709,4,616,21111-28-PRECINCT 107 28 DISTRICT (A107)
Jefferson,A108,bidenj,12/27/2021 20:35:30.140709,437,959,21111-28-PRECINCT 108 28 DISTRICT (A108)
Jefferson,A108,jorgensenj,12/27/2021 20:35:30.140709,7,959,21111-28-PRECINCT 108 28 DISTRICT (A108)
Jefferson,A108,pierceb,12/27/2021 20:35:30.140709,2,959,21111-28-PRECINCT 108 28 DISTRICT (A108)
Jefferson,A108,trumpd,12/27/2021 20:35:30.140709,508,959,21111-28-PRECINCT 108 28 DISTRICT (A108)
Jefferson,A108,westk,12/27/2021 20:35:30.140709,5,959,21111-28-PRECINCT 108 28 DISTRICT (A108)
Jefferson,A111,bidenj,12/27/2021 20:35:30.140709,386,807,21111-28-PRECINCT 111 28 DISTRICT (A111)
Jefferson,A111,jorgensenj,12/27/2021 20:35:30.140709,13,807,21111-28-PRECINCT 111 28 DISTRICT (A111)
Jefferson,A111,pierceb,12/27/2021 20:35:30.140709,0,807,21111-28-PRECINCT 111 28 DISTRICT (A111)
Jefferson,A111,trumpd,12/27/2021 20:35:30.140709,407,807,21111-28-PRECINCT 111 28 DISTRICT (A111)
Jefferson,A111,westk,12/27/2021 20:35:30.140709,1,807,21111-28-PRECINCT 111 28 DISTRICT (A111)
Jefferson,A113,bidenj,12/27/2021 20:35:30.140709,387,845,21111-28-PRECINCT 113 28 DISTRICT (A113)
Jefferson,A113,jorgensenj,12/27/2021 20:35:30.140709,5,845,21111-28-PRECINCT 113 28 DISTRICT (A113)
Jefferson,A113,pierceb,12/27/2021 20:35:30.140709,1,845,21111-28-PRECINCT 113 28 DISTRICT (A113)
Jefferson,A113,trumpd,12/27/2021 20:35:30.140709,446,845,21111-28-PRECINCT 113 28 DISTRICT (A113)
Jefferson,A113,westk,12/27/2021 20:35:30.140709,6,845,21111-28-PRECINCT 113 28 DISTRICT (A113)
Jefferson,A114,bidenj,12/27/2021 20:35:30.140709,315,694,21111-28-PRECINCT 114 28 DISTRICT (A114)
Jefferson,A114,jorgensenj,12/27/2021 20:35:30.140709,11,694,21111-28-PRECINCT 114 28 DISTRICT (A114)
Jefferson,A114,pierceb,12/27/2021 20:35:30.140709,2,694,21111-28-PRECINCT 114 28 DISTRICT (A114)
Jefferson,A114,trumpd,12/27/2021 20:35:30.140709,363,694,21111-28-PRECINCT 114 28 DISTRICT (A114)
Jefferson,A114,westk,12/27/2021 20:35:30.140709,3,694,21111-28-PRECINCT 114 28 DISTRICT (A114)
Jefferson,A115,bidenj,12/27/2021 20:35:30.140709,315,769,21111-28-PRECINCT 115 28 DISTRICT (A115)
Jefferson,A115,jorgensenj,12/27/2021 20:35:30.140709,5,769,21111-28-PRECINCT 115 28 DISTRICT (A115)
Jefferson,A115,pierceb,12/27/2021 20:35:30.140709,0,769,21111-28-PRECINCT 115 28 DISTRICT (A115)
Jefferson,A115,trumpd,12/27/2021 20:35:30.140709,449,769,21111-28-PRECINCT 115 28 DISTRICT (A115)
Jefferson,A115,westk,12/27/2021 20:35:30.140709,0,769,21111-28-PRECINCT 115 28 DISTRICT (A115)
Jefferson,A118,bidenj,12/27/2021 20:35:30.140709,169,424,21111-28-PRECINCT 118 28 DISTRICT (A118)
Jefferson,A118,jorgensenj,12/27/2021 20:35:30.140709,5,424,21111-28-PRECINCT 118 28 DISTRICT (A118)
Jefferson,A118,pierceb,12/27/2021 20:35:30.140709,0,424,21111-28-PRECINCT 118 28 DISTRICT (A118)
Jefferson,A118,trumpd,12/27/2021 20:35:30.140709,247,424,21111-28-PRECINCT 118 28 DISTRICT (A118)
Jefferson,A118,westk,12/27/2021 20:35:30.140709,3,424,21111-28-PRECINCT 118 28 DISTRICT (A118)
Jefferson,A119,bidenj,12/27/2021 20:35:30.140709,296,687,21111-28-PRECINCT 119 28 DISTRICT (A119)
Jefferson,A119,jorgensenj,12/27/2021 20:35:30.140709,10,687,21111-28-PRECINCT 119 28 DISTRICT (A119)
Jefferson,A119,pierceb,12/27/2021 20:35:30.140709,3,687,21111-28-PRECINCT 119 28 DISTRICT (A119)
Jefferson,A119,trumpd,12/27/2021 20:35:30.140709,376,687,21111-28-PRECINCT 119 28 DISTRICT (A119)
Jefferson,A119,westk,12/27/2021 20:35:30.140709,2,687,21111-28-PRECINCT 119 28 DISTRICT (A119)
Jefferson,A121,bidenj,12/27/2021 20:35:30.140709,359,804,21111-28-PRECINCT 121 28 DISTRICT (A121)
Jefferson,A121,jorgensenj,12/27/2021 20:35:30.140709,8,804,21111-28-PRECINCT 121 28 DISTRICT (A121)
Jefferson,A121,pierceb,12/27/2021 20:35:30.140709,3,804,21111-28-PRECINCT 121 28 DISTRICT (A121)
Jefferson,A121,trumpd,12/27/2021 20:35:30.140709,432,804,21111-28-PRECINCT 121 28 DISTRICT (A121)
Jefferson,A121,westk,12/27/2021 20:35:30.140709,2,804,21111-28-PRECINCT 121 28 DISTRICT (A121)
Jefferson,A123,bidenj,12/27/2021 20:35:30.140709,467,911,21111-28-PRECINCT 123 28 DISTRICT (A123)
Jefferson,A123,jorgensenj,12/27/2021 20:35:30.140709,14,911,21111-28-PRECINCT 123 28 DISTRICT (A123)
Jefferson,A123,pierceb,12/27/2021 20:35:30.140709,1,911,21111-28-PRECINCT 123 28 DISTRICT (A123)
Jefferson,A123,trumpd,12/27/2021 20:35:30.140709,424,911,21111-28-PRECINCT 123 28 DISTRICT (A123)
Jefferson,A123,westk,12/27/2021 20:35:30.140709,5,911,21111-28-PRECINCT 123 28 DISTRICT (A123)
Jefferson,A124,bidenj,12/27/2021 20:35:30.140709,338,837,21111-28-PRECINCT 124 28 DISTRICT (A124)
Jefferson,A124,jorgensenj,12/27/2021 20:35:30.140709,7,837,21111-28-PRECINCT 124 28 DISTRICT (A124)
Jefferson,A124,pierceb,12/27/2021 20:35:30.140709,0,837,21111-28-PRECINCT 124 28 DISTRICT (A124)
Jefferson,A124,trumpd,12/27/2021 20:35:30.140709,492,837,21111-28-PRECINCT 124 28 DISTRICT (A124)
Jefferson,A124,westk,12/27/2021 20:35:30.140709,0,837,21111-28-PRECINCT 124 28 DISTRICT (A124)
Jefferson,A125,bidenj,12/27/2021 20:35:30.140709,322,861,21111-28-PRECINCT 125 28 DISTRICT (A125)
Jefferson,A125,jorgensenj,12/27/2021 20:35:30.140709,5,861,21111-28-PRECINCT 125 28 DISTRICT (A125)
Jefferson,A125,pierceb,12/27/2021 20:35:30.140709,0,861,21111-28-PRECINCT 125 28 DISTRICT (A125)
Jefferson,A125,trumpd,12/27/2021 20:35:30.140709,530,861,21111-28-PRECINCT 125 28 DISTRICT (A125)
Jefferson,A125,westk,12/27/2021 20:35:30.140709,4,861,21111-28-PRECINCT 125 28 DISTRICT (A125)
Jefferson,A126,bidenj,12/27/2021 20:35:30.140709,339,837,21111-28-PRECINCT 126 28 DISTRICT (A126)
Jefferson,A126,jorgensenj,12/27/2021 20:35:30.140709,4,837,21111-28-PRECINCT 126 28 DISTRICT (A126)
Jefferson,A126,pierceb,12/27/2021 20:35:30.140709,3,837,21111-28-PRECINCT 126 28 DISTRICT (A126)
Jefferson,A126,trumpd,12/27/2021 20:35:30.140709,488,837,21111-28-PRECINCT 126 28 DISTRICT (A126)
Jefferson,A126,westk,12/27/2021 20:35:30.140709,3,837,21111-28-PRECINCT 126 28 DISTRICT (A126)
Jefferson,A127,bidenj,12/27/2021 20:35:30.140709,330,664,21111-28-PRECINCT 127 28 DISTRICT (A127)
Jefferson,A127,jorgensenj,12/27/2021 20:35:30.140709,11,664,21111-28-PRECINCT 127 28 DISTRICT (A127)
Jefferson,A127,pierceb,12/27/2021 20:35:30.140709,1,664,21111-28-PRECINCT 127 28 DISTRICT (A127)
Jefferson,A127,trumpd,12/27/2021 20:35:30.140709,319,664,21111-28-PRECINCT 127 28 DISTRICT (A127)
Jefferson,A127,westk,12/27/2021 20:35:30.140709,3,664,21111-28-PRECINCT 127 28 DISTRICT (A127)
Jefferson,A128,bidenj,12/27/2021 20:35:30.140709,294,715,21111-28-PRECINCT 128 28 DISTRICT (A128)
Jefferson,A128,jorgensenj,12/27/2021 20:35:30.140709,8,715,21111-28-PRECINCT 128 28 DISTRICT (A128)
Jefferson,A128,pierceb,12/27/2021 20:35:30.140709,1,715,21111-28-PRECINCT 128 28 DISTRICT (A128)
Jefferson,A128,trumpd,12/27/2021 20:35:30.140709,407,715,21111-28-PRECINCT 128 28 DISTRICT (A128)
Jefferson,A128,westk,12/27/2021 20:35:30.140709,5,715,21111-28-PRECINCT 128 28 DISTRICT (A128)
Jefferson,A129,bidenj,12/27/2021 20:35:30.140709,320,969,21111-28-PRECINCT 129 28 DISTRICT (A129)
Jefferson,A129,jorgensenj,12/27/2021 20:35:30.140709,9,969,21111-28-PRECINCT 129 28 DISTRICT (A129)
Jefferson,A129,pierceb,12/27/2021 20:35:30.140709,4,969,21111-28-PRECINCT 129 28 DISTRICT (A129)
Jefferson,A129,trumpd,12/27/2021 20:35:30.140709,632,969,21111-28-PRECINCT 129 28 DISTRICT (A129)
Jefferson,A129,westk,12/27/2021 20:35:30.140709,4,969,21111-28-PRECINCT 129 28 DISTRICT (A129)
Jefferson,A130,bidenj,12/27/2021 20:35:30.140709,99,446,21111-28-PRECINCT 130 28 DISTRICT (A130)
Jefferson,A130,jorgensenj,12/27/2021 20:35:30.140709,5,446,21111-28-PRECINCT 130 28 DISTRICT (A130)
Jefferson,A130,pierceb,12/27/2021 20:35:30.140709,2,446,21111-28-PRECINCT 130 28 DISTRICT (A130)
Jefferson,A130,trumpd,12/27/2021 20:35:30.140709,338,446,21111-28-PRECINCT 130 28 DISTRICT (A130)
Jefferson,A130,westk,12/27/2021 20:35:30.140709,2,446,21111-28-PRECINCT 130 28 DISTRICT (A130)
Jefferson,A131,bidenj,12/27/2021 20:35:30.140709,385,835,21111-28-PRECINCT 131 28 DISTRICT (A131)
Jefferson,A131,jorgensenj,12/27/2021 20:35:30.140709,5,835,21111-28-PRECINCT 131 28 DISTRICT (A131)
Jefferson,A131,pierceb,12/27/2021 20:35:30.140709,0,835,21111-28-PRECINCT 131 28 DISTRICT (A131)
Jefferson,A131,trumpd,12/27/2021 20:35:30.140709,440,835,21111-28-PRECINCT 131 28 DISTRICT (A131)
Jefferson,A131,westk,12/27/2021 20:35:30.140709,5,835,21111-28-PRECINCT 131 28 DISTRICT (A131)
Jefferson,A134,bidenj,12/27/2021 20:35:30.140709,182,537,21111-28-PRECINCT 134 28 DISTRICT (A134)
Jefferson,A134,jorgensenj,12/27/2021 20:35:30.140709,4,537,21111-28-PRECINCT 134 28 DISTRICT (A134)
Jefferson,A134,pierceb,12/27/2021 20:35:30.140709,3,537,21111-28-PRECINCT 134 28 DISTRICT (A134)
Jefferson,A134,trumpd,12/27/2021 20:35:30.140709,344,537,21111-28-PRECINCT 134 28 DISTRICT (A134)
Jefferson,A134,westk,12/27/2021 20:35:30.140709,4,537,21111-28-PRECINCT 134 28 DISTRICT (A134)
Jefferson,A135,bidenj,12/27/2021 20:35:30.140709,296,660,21111-28-PRECINCT 135 28 DISTRICT (A135)
Jefferson,A135,jorgensenj,12/27/2021 20:35:30.140709,8,660,21111-28-PRECINCT 135 28 DISTRICT (A135)
Jefferson,A135,pierceb,12/27/2021 20:35:30.140709,2,660,21111-28-PRECINCT 135 28 DISTRICT (A135)
Jefferson,A135,trumpd,12/27/2021 20:35:30.140709,348,660,21111-28-PRECINCT 135 28 DISTRICT (A135)
Jefferson,A135,westk,12/27/2021 20:35:30.140709,6,660,21111-28-PRECINCT 135 28 DISTRICT (A135)
Jefferson,A136,bidenj,12/27/2021 20:35:30.140709,195,433,21111-28-PRECINCT 136 28 DISTRICT (A136)
Jefferson,A136,jorgensenj,12/27/2021 20:35:30.140709,10,433,21111-28-PRECINCT 136 28 DISTRICT (A136)
Jefferson,A136,pierceb,12/27/2021 20:35:30.140709,2,433,21111-28-PRECINCT 136 28 DISTRICT (A136)
Jefferson,A136,trumpd,12/27/2021 20:35:30.140709,222,433,21111-28-PRECINCT 136 28 DISTRICT (A136)
Jefferson,A136,westk,12/27/2021 20:35:30.140709,4,433,21111-28-PRECINCT 136 28 DISTRICT (A136)
Jefferson,A139,bidenj,12/27/2021 20:35:30.140709,211,504,21111-28-PRECINCT 139 28 DISTRICT (A139)
Jefferson,A139,jorgensenj,12/27/2021 20:35:30.140709,13,504,21111-28-PRECINCT 139 28 DISTRICT (A139)
Jefferson,A139,pierceb,12/27/2021 20:35:30.140709,2,504,21111-28-PRECINCT 139 28 DISTRICT (A139)
Jefferson,A139,trumpd,12/27/2021 20:35:30.140709,275,504,21111-28-PRECINCT 139 28 DISTRICT (A139)
Jefferson,A139,westk,12/27/2021 20:35:30.140709,3,504,21111-28-PRECINCT 139 28 DISTRICT (A139)
Jefferson,A140,bidenj,12/27/2021 20:35:30.140709,454,1052,21111-28-PRECINCT 140 28 DISTRICT (A140)
Jefferson,A140,jorgensenj,12/27/2021 20:35:30.140709,10,1052,21111-28-PRECINCT 140 28 DISTRICT (A140)
Jefferson,A140,pierceb,12/27/2021 20:35:30.140709,2,1052,21111-28-PRECINCT 140 28 DISTRICT (A140)
Jefferson,A140,trumpd,12/27/2021 20:35:30.140709,582,1052,21111-28-PRECINCT 140 28 DISTRICT (A140)
Jefferson,A140,westk,12/27/2021 20:35:30.140709,4,1052,21111-28-PRECINCT 140 28 DISTRICT (A140)
Jefferson,A141,bidenj,12/27/2021 20:35:30.140709,21,36,21111-28-PRECINCT 141 28 DISTRICT (A141)
Jefferson,A141,jorgensenj,12/27/2021 20:35:30.140709,1,36,21111-28-PRECINCT 141 28 DISTRICT (A141)
Jefferson,A141,pierceb,12/27/2021 20:35:30.140709,0,36,21111-28-PRECINCT 141 28 DISTRICT (A141)
Jefferson,A141,trumpd,12/27/2021 20:35:30.140709,14,36,21111-28-PRECINCT 141 28 DISTRICT (A141)
Jefferson,A141,westk,12/27/2021 20:35:30.140709,0,36,21111-28-PRECINCT 141 28 DISTRICT (A141)
Jefferson,A142,bidenj,12/27/2021 20:35:30.140709,83,221,21111-28-PRECINCT 142 28 DISTRICT (A142)
Jefferson,A142,jorgensenj,12/27/2021 20:35:30.140709,4,221,21111-28-PRECINCT 142 28 DISTRICT (A142)
Jefferson,A142,pierceb,12/27/2021 20:35:30.140709,1,221,21111-28-PRECINCT 142 28 DISTRICT (A142)
Jefferson,A142,trumpd,12/27/2021 20:35:30.140709,132,221,21111-28-PRECINCT 142 28 DISTRICT (A142)
Jefferson,A142,westk,12/27/2021 20:35:30.140709,1,221,21111-28-PRECINCT 142 28 DISTRICT (A142)
Jefferson,A143,bidenj,12/27/2021 20:35:30.140709,3,12,21111-28-PRECINCT 143 28 DISTRICT (A143)
Jefferson,A143,jorgensenj,12/27/2021 20:35:30.140709,0,12,21111-28-PRECINCT 143 28 DISTRICT (A143)
Jefferson,A143,pierceb,12/27/2021 20:35:30.140709,0,12,21111-28-PRECINCT 143 28 DISTRICT (A143)
Jefferson,A143,trumpd,12/27/2021 20:35:30.140709,9,12,21111-28-PRECINCT 143 28 DISTRICT (A143)
Jefferson,A143,westk,12/27/2021 20:35:30.140709,0,12,21111-28-PRECINCT 143 28 DISTRICT (A143)
Jefferson,B124,bidenj,12/27/2021 20:35:30.140709,375,806,21111-29-PRECINCT 124 29 DISTRICT (B124)
Jefferson,B124,jorgensenj,12/27/2021 20:35:30.140709,10,806,21111-29-PRECINCT 124 29 DISTRICT (B124)
Jefferson,B124,pierceb,12/27/2021 20:35:30.140709,1,806,21111-29-PRECINCT 124 29 DISTRICT (B124)
Jefferson,B124,trumpd,12/27/2021 20:35:30.140709,416,806,21111-29-PRECINCT 124 29 DISTRICT (B124)
Jefferson,B124,westk,12/27/2021 20:35:30.140709,4,806,21111-29-PRECINCT 124 29 DISTRICT (B124)
Jefferson,B132,bidenj,12/27/2021 20:35:30.140709,410,1010,21111-29-PRECINCT 132 29 DISTRICT (B132)
Jefferson,B132,jorgensenj,12/27/2021 20:35:30.140709,14,1010,21111-29-PRECINCT 132 29 DISTRICT (B132)
Jefferson,B132,pierceb,12/27/2021 20:35:30.140709,1,1010,21111-29-PRECINCT 132 29 DISTRICT (B132)
Jefferson,B132,trumpd,12/27/2021 20:35:30.140709,582,1010,21111-29-PRECINCT 132 29 DISTRICT (B132)
Jefferson,B132,westk,12/27/2021 20:35:30.140709,3,1010,21111-29-PRECINCT 132 29 DISTRICT (B132)
Jefferson,B133,bidenj,12/27/2021 20:35:30.140709,433,1052,21111-29-PRECINCT 133 29 DISTRICT (B133)
Jefferson,B133,jorgensenj,12/27/2021 20:35:30.140709,7,1052,21111-29-PRECINCT 133 29 DISTRICT (B133)
Jefferson,B133,pierceb,12/27/2021 20:35:30.140709,6,1052,21111-29-PRECINCT 133 29 DISTRICT (B133)
Jefferson,B133,trumpd,12/27/2021 20:35:30.140709,602,1052,21111-29-PRECINCT 133 29 DISTRICT (B133)
Jefferson,B133,westk,12/27/2021 20:35:30.140709,4,1052,21111-29-PRECINCT 133 29 DISTRICT (B133)
Jefferson,B134,bidenj,12/27/2021 20:35:30.140709,880,1865,21111-29-PRECINCT 134 29 DISTRICT (B134)
Jefferson,B134,jorgensenj,12/27/2021 20:35:30.140709,27,1865,21111-29-PRECINCT 134 29 DISTRICT (B134)
Jefferson,B134,pierceb,12/27/2021 20:35:30.140709,9,1865,21111-29-PRECINCT 134 29 DISTRICT (B134)
Jefferson,B134,trumpd,12/27/2021 20:35:30.140709,944,1865,21111-29-PRECINCT 134 29 DISTRICT (B134)
Jefferson,B134,westk,12/27/2021 20:35:30.140709,5,1865,21111-29-PRECINCT 134 29 DISTRICT (B134)
Jefferson,B149,bidenj,12/27/2021 20:35:30.140709,263,642,21111-29-PRECINCT 149 29 DISTRICT (B149)
Jefferson,B149,jorgensenj,12/27/2021 20:35:30.140709,14,642,21111-29-PRECINCT 149 29 DISTRICT (B149)
Jefferson,B149,pierceb,12/27/2021 20:35:30.140709,1,642,21111-29-PRECINCT 149 29 DISTRICT (B149)
Jefferson,B149,trumpd,12/27/2021 20:35:30.140709,364,642,21111-29-PRECINCT 149 29 DISTRICT (B149)
Jefferson,B149,westk,12/27/2021 20:35:30.140709,0,642,21111-29-PRECINCT 149 29 DISTRICT (B149)
Jefferson,B151,bidenj,12/27/2021 20:35:30.140709,570,1222,21111-29-PRECINCT 151 29 DISTRICT (B151)
Jefferson,B151,jorgensenj,12/27/2021 20:35:30.140709,19,1222,21111-29-PRECINCT 151 29 DISTRICT (B151)
Jefferson,B151,pierceb,12/27/2021 20:35:30.140709,7,1222,21111-29-PRECINCT 151 29 DISTRICT (B151)
Jefferson,B151,trumpd,12/27/2021 20:35:30.140709,623,1222,21111-29-PRECINCT 151 29 DISTRICT (B151)
Jefferson,B151,westk,12/27/2021 20:35:30.140709,3,1222,21111-29-PRECINCT 151 29 DISTRICT (B151)
Jefferson,B153,bidenj,12/27/2021 20:35:30.140709,26,63,21111-29-PRECINCT 153 29 DISTRICT (B153)
Jefferson,B153,jorgensenj,12/27/2021 20:35:30.140709,1,63,21111-29-PRECINCT 153 29 DISTRICT (B153)
Jefferson,B153,pierceb,12/27/2021 20:35:30.140709,0,63,21111-29-PRECINCT 153 29 DISTRICT (B153)
Jefferson,B153,trumpd,12/27/2021 20:35:30.140709,36,63,21111-29-PRECINCT 153 29 DISTRICT (B153)
Jefferson,B153,westk,12/27/2021 20:35:30.140709,0,63,21111-29-PRECINCT 153 29 DISTRICT (B153)
Jefferson,B154,bidenj,12/27/2021 20:35:30.140709,400,785,21111-29-PRECINCT 154 29 DISTRICT (B154)
Jefferson,B154,jorgensenj,12/27/2021 20:35:30.140709,12,785,21111-29-PRECINCT 154 29 DISTRICT (B154)
Jefferson,B154,pierceb,12/27/2021 20:35:30.140709,3,785,21111-29-PRECINCT 154 29 DISTRICT (B154)
Jefferson,B154,trumpd,12/27/2021 20:35:30.140709,366,785,21111-29-PRECINCT 154 29 DISTRICT (B154)
Jefferson,B154,westk,12/27/2021 20:35:30.140709,4,785,21111-29-PRECINCT 154 29 DISTRICT (B154)
Jefferson,B155,bidenj,12/27/2021 20:35:30.140709,359,632,21111-29-PRECINCT 155 29 DISTRICT (B155)
Jefferson,B155,jorgensenj,12/27/2021 20:35:30.140709,10,632,21111-29-PRECINCT 155 29 DISTRICT (B155)
Jefferson,B155,pierceb,12/27/2021 20:35:30.140709,2,632,21111-29-PRECINCT 155 29 DISTRICT (B155)
Jefferson,B155,trumpd,12/27/2021 20:35:30.140709,256,632,21111-29-PRECINCT 155 29 DISTRICT (B155)
Jefferson,B155,westk,12/27/2021 20:35:30.140709,5,632,21111-29-PRECINCT 155 29 DISTRICT (B155)
Jefferson,B156,bidenj,12/27/2021 20:35:30.140709,584,1149,21111-29-PRECINCT 156 29 DISTRICT (B156)
Jefferson,B156,jorgensenj,12/27/2021 20:35:30.140709,17,1149,21111-29-PRECINCT 156 29 DISTRICT (B156)
Jefferson,B156,pierceb,12/27/2021 20:35:30.140709,3,1149,21111-29-PRECINCT 156 29 DISTRICT (B156)
Jefferson,B156,trumpd,12/27/2021 20:35:30.140709,544,1149,21111-29-PRECINCT 156 29 DISTRICT (B156)
Jefferson,B156,westk,12/27/2021 20:35:30.140709,1,1149,21111-29-PRECINCT 156 29 DISTRICT (B156)
Jefferson,B157,bidenj,12/27/2021 20:35:30.140709,754,1516,21111-29-PRECINCT 157 29 DISTRICT (B157)
Jefferson,B157,jorgensenj,12/27/2021 20:35:30.140709,22,1516,21111-29-PRECINCT 157 29 DISTRICT (B157)
Jefferson,B157,pierceb,12/27/2021 20:35:30.140709,4,1516,21111-29-PRECINCT 157 29 DISTRICT (B157)
Jefferson,B157,trumpd,12/27/2021 20:35:30.140709,733,1516,21111-29-PRECINCT 157 29 DISTRICT (B157)
Jefferson,B157,westk,12/27/2021 20:35:30.140709,3,1516,21111-29-PRECINCT 157 29 DISTRICT (B157)
Jefferson,B158,bidenj,12/27/2021 20:35:30.140709,385,1121,21111-29-PRECINCT 158 29 DISTRICT (B158)
Jefferson,B158,jorgensenj,12/27/2021 20:35:30.140709,8,1121,21111-29-PRECINCT 158 29 DISTRICT (B158)
Jefferson,B158,pierceb,12/27/2021 20:35:30.140709,2,1121,21111-29-PRECINCT 158 29 DISTRICT (B158)
Jefferson,B158,trumpd,12/27/2021 20:35:30.140709,723,1121,21111-29-PRECINCT 158 29 DISTRICT (B158)
Jefferson,B158,westk,12/27/2021 20:35:30.140709,3,1121,21111-29-PRECINCT 158 29 DISTRICT (B158)
Jefferson,B159,bidenj,12/27/2021 20:35:30.140709,933,2056,21111-29-PRECINCT 159 29 DISTRICT (B159)
Jefferson,B159,jorgensenj,12/27/2021 20:35:30.140709,41,2056,21111-29-PRECINCT 159 29 DISTRICT (B159)
Jefferson,B159,pierceb,12/27/2021 20:35:30.140709,7,2056,21111-29-PRECINCT 159 29 DISTRICT (B159)
Jefferson,B159,trumpd,12/27/2021 20:35:30.140709,1063,2056,21111-29-PRECINCT 159 29 DISTRICT (B159)
Jefferson,B159,westk,12/27/2021 20:35:30.140709,12,2056,21111-29-PRECINCT 159 29 DISTRICT (B159)
Jefferson,B160,bidenj,12/27/2021 20:35:30.140709,253,567,21111-29-PRECINCT 160 29 DISTRICT (B160)
Jefferson,B160,jorgensenj,12/27/2021 20:35:30.140709,12,567,21111-29-PRECINCT 160 29 DISTRICT (B160)
Jefferson,B160,pierceb,12/27/2021 20:35:30.140709,1,567,21111-29-PRECINCT 160 29 DISTRICT (B160)
Jefferson,B160,trumpd,12/27/2021 20:35:30.140709,300,567,21111-29-PRECINCT 160 29 DISTRICT (B160)
Jefferson,B160,westk,12/27/2021 20:35:30.140709,1,567,21111-29-PRECINCT 160 29 DISTRICT (B160)
Jefferson,B161,bidenj,12/27/2021 20:35:30.140709,38,109,21111-29-PRECINCT 161 29 DISTRICT (B161)
Jefferson,B161,jorgensenj,12/27/2021 20:35:30.140709,1,109,21111-29-PRECINCT 161 29 DISTRICT (B161)
Jefferson,B161,pierceb,12/27/2021 20:35:30.140709,1,109,21111-29-PRECINCT 161 29 DISTRICT (B161)
Jefferson,B161,trumpd,12/27/2021 20:35:30.140709,69,109,21111-29-PRECINCT 161 29 DISTRICT (B161)
Jefferson,B161,westk,12/27/2021 20:35:30.140709,0,109,21111-29-PRECINCT 161 29 DISTRICT (B161)
Jefferson,B162,bidenj,12/27/2021 20:35:30.140709,407,1086,21111-29-PRECINCT 162 29 DISTRICT (B162)
Jefferson,B162,jorgensenj,12/27/2021 20:35:30.140709,14,1086,21111-29-PRECINCT 162 29 DISTRICT (B162)
Jefferson,B162,pierceb,12/27/2021 20:35:30.140709,0,1086,21111-29-PRECINCT 162 29 DISTRICT (B162)
Jefferson,B162,trumpd,12/27/2021 20:35:30.140709,661,1086,21111-29-PRECINCT 162 29 DISTRICT (B162)
Jefferson,B162,westk,12/27/2021 20:35:30.140709,4,1086,21111-29-PRECINCT 162 29 DISTRICT (B162)
Jefferson,B163,bidenj,12/27/2021 20:35:30.140709,543,1007,21111-29-PRECINCT 163 29 DISTRICT (B163)
Jefferson,B163,jorgensenj,12/27/2021 20:35:30.140709,20,1007,21111-29-PRECINCT 163 29 DISTRICT (B163)
Jefferson,B163,pierceb,12/27/2021 20:35:30.140709,4,1007,21111-29-PRECINCT 163 29 DISTRICT (B163)
Jefferson,B163,trumpd,12/27/2021 20:35:30.140709,434,1007,21111-29-PRECINCT 163 29 DISTRICT (B163)
Jefferson,B163,westk,12/27/2021 20:35:30.140709,6,1007,21111-29-PRECINCT 163 29 DISTRICT (B163)
Jefferson,B166,bidenj,12/27/2021 20:35:30.140709,287,658,21111-29-PRECINCT 166 29 DISTRICT (B166)
Jefferson,B166,jorgensenj,12/27/2021 20:35:30.140709,13,658,21111-29-PRECINCT 166 29 DISTRICT (B166)
Jefferson,B166,pierceb,12/27/2021 20:35:30.140709,0,658,21111-29-PRECINCT 166 29 DISTRICT (B166)
Jefferson,B166,trumpd,12/27/2021 20:35:30.140709,357,658,21111-29-PRECINCT 166 29 DISTRICT (B166)
Jefferson,B166,westk,12/27/2021 20:35:30.140709,1,658,21111-29-PRECINCT 166 29 DISTRICT (B166)
Jefferson,B168,bidenj,12/27/2021 20:35:30.140709,511,1048,21111-29-PRECINCT 168 29 DISTRICT (B168)
Jefferson,B168,jorgensenj,12/27/2021 20:35:30.140709,8,1048,21111-29-PRECINCT 168 29 DISTRICT (B168)
Jefferson,B168,pierceb,12/27/2021 20:35:30.140709,4,1048,21111-29-PRECINCT 168 29 DISTRICT (B168)
Jefferson,B168,trumpd,12/27/2021 20:35:30.140709,523,1048,21111-29-PRECINCT 168 29 DISTRICT (B168)
Jefferson,B168,westk,12/27/2021 20:35:30.140709,2,1048,21111-29-PRECINCT 168 29 DISTRICT (B168)
Jefferson,B169,bidenj,12/27/2021 20:35:30.140709,312,738,21111-29-PRECINCT 169 29 DISTRICT (B169)
Jefferson,B169,jorgensenj,12/27/2021 20:35:30.140709,17,738,21111-29-PRECINCT 169 29 DISTRICT (B169)
Jefferson,B169,pierceb,12/27/2021 20:35:30.140709,1,738,21111-29-PRECINCT 169 29 DISTRICT (B169)
Jefferson,B169,trumpd,12/27/2021 20:35:30.140709,406,738,21111-29-PRECINCT 169 29 DISTRICT (B169)
Jefferson,B169,westk,12/27/2021 20:35:30.140709,2,738,21111-29-PRECINCT 169 29 DISTRICT (B169)
Jefferson,B170,bidenj,12/27/2021 20:35:30.140709,304,640,21111-29-PRECINCT 170 29 DISTRICT (B170)
Jefferson,B170,jorgensenj,12/27/2021 20:35:30.140709,11,640,21111-29-PRECINCT 170 29 DISTRICT (B170)
Jefferson,B170,pierceb,12/27/2021 20:35:30.140709,3,640,21111-29-PRECINCT 170 29 DISTRICT (B170)
Jefferson,B170,trumpd,12/27/2021 20:35:30.140709,321,640,21111-29-PRECINCT 170 29 DISTRICT (B170)
Jefferson,B170,westk,12/27/2021 20:35:30.140709,1,640,21111-29-PRECINCT 170 29 DISTRICT (B170)
Jefferson,B172,bidenj,12/27/2021 20:35:30.140709,870,1759,21111-29-PRECINCT 172 29 DISTRICT (B172)
Jefferson,B172,jorgensenj,12/27/2021 20:35:30.140709,24,1759,21111-29-PRECINCT 172 29 DISTRICT (B172)
Jefferson,B172,pierceb,12/27/2021 20:35:30.140709,7,1759,21111-29-PRECINCT 172 29 DISTRICT (B172)
Jefferson,B172,trumpd,12/27/2021 20:35:30.140709,847,1759,21111-29-PRECINCT 172 29 DISTRICT (B172)
Jefferson,B172,westk,12/27/2021 20:35:30.140709,11,1759,21111-29-PRECINCT 172 29 DISTRICT (B172)
Jefferson,B173,bidenj,12/27/2021 20:35:30.140709,508,1250,21111-29-PRECINCT 173 29 DISTRICT (B173)
Jefferson,B173,jorgensenj,12/27/2021 20:35:30.140709,16,1250,21111-29-PRECINCT 173 29 DISTRICT (B173)
Jefferson,B173,pierceb,12/27/2021 20:35:30.140709,4,1250,21111-29-PRECINCT 173 29 DISTRICT (B173)
Jefferson,B173,trumpd,12/27/2021 20:35:30.140709,719,1250,21111-29-PRECINCT 173 29 DISTRICT (B173)
Jefferson,B173,westk,12/27/2021 20:35:30.140709,3,1250,21111-29-PRECINCT 173 29 DISTRICT (B173)
Jefferson,B175,bidenj,12/27/2021 20:35:30.140709,467,1111,21111-29-PRECINCT 175 29 DISTRICT (B175)
Jefferson,B175,jorgensenj,12/27/2021 20:35:30.140709,9,1111,21111-29-PRECINCT 175 29 DISTRICT (B175)
Jefferson,B175,pierceb,12/27/2021 20:35:30.140709,2,1111,21111-29-PRECINCT 175 29 DISTRICT (B175)
Jefferson,B175,trumpd,12/27/2021 20:35:30.140709,629,1111,21111-29-PRECINCT 175 29 DISTRICT (B175)
Jefferson,B175,westk,12/27/2021 20:35:30.140709,4,1111,21111-29-PRECINCT 175 29 DISTRICT (B175)
Jefferson,B177,bidenj,12/27/2021 20:35:30.140709,525,1357,21111-29-PRECINCT 177 29 DISTRICT (B177)
Jefferson,B177,jorgensenj,12/27/2021 20:35:30.140709,9,1357,21111-29-PRECINCT 177 29 DISTRICT (B177)
Jefferson,B177,pierceb,12/27/2021 20:35:30.140709,1,1357,21111-29-PRECINCT 177 29 DISTRICT (B177)
Jefferson,B177,trumpd,12/27/2021 20:35:30.140709,818,1357,21111-29-PRECINCT 177 29 DISTRICT (B177)
Jefferson,B177,westk,12/27/2021 20:35:30.140709,4,1357,21111-29-PRECINCT 177 29 DISTRICT (B177)
Jefferson,B181,bidenj,12/27/2021 20:35:30.140709,62,136,21111-29-PRECINCT 181 29 DISTRICT (B181)
Jefferson,B181,jorgensenj,12/27/2021 20:35:30.140709,2,136,21111-29-PRECINCT 181 29 DISTRICT (B181)
Jefferson,B181,pierceb,12/27/2021 20:35:30.140709,0,136,21111-29-PRECINCT 181 29 DISTRICT (B181)
Jefferson,B181,trumpd,12/27/2021 20:35:30.140709,72,136,21111-29-PRECINCT 181 29 DISTRICT (B181)
Jefferson,B181,westk,12/27/2021 20:35:30.140709,0,136,21111-29-PRECINCT 181 29 DISTRICT (B181)
Jefferson,B182,bidenj,12/27/2021 20:35:30.140709,231,547,21111-29-PRECINCT 182 29 DISTRICT (B182)
Jefferson,B182,jorgensenj,12/27/2021 20:35:30.140709,9,547,21111-29-PRECINCT 182 29 DISTRICT (B182)
Jefferson,B182,pierceb,12/27/2021 20:35:30.140709,0,547,21111-29-PRECINCT 182 29 DISTRICT (B182)
Jefferson,B182,trumpd,12/27/2021 20:35:30.140709,306,547,21111-29-PRECINCT 182 29 DISTRICT (B182)
Jefferson,B182,westk,12/27/2021 20:35:30.140709,1,547,21111-29-PRECINCT 182 29 DISTRICT (B182)
Jefferson,B183,bidenj,12/27/2021 20:35:30.140709,644,1529,21111-29-PRECINCT 183 29 DISTRICT (B183)
Jefferson,B183,jorgensenj,12/27/2021 20:35:30.140709,21,1529,21111-29-PRECINCT 183 29 DISTRICT (B183)
Jefferson,B183,pierceb,12/27/2021 20:35:30.140709,2,1529,21111-29-PRECINCT 183 29 DISTRICT (B183)
Jefferson,B183,trumpd,12/27/2021 20:35:30.140709,853,1529,21111-29-PRECINCT 183 29 DISTRICT (B183)
Jefferson,B183,westk,12/27/2021 20:35:30.140709,9,1529,21111-29-PRECINCT 183 29 DISTRICT (B183)
Jefferson,B184,bidenj,12/27/2021 20:35:30.140709,1,21,21111-29-PRECINCT 184 29 DISTRICT (B184)
Jefferson,B184,jorgensenj,12/27/2021 20:35:30.140709,0,21,21111-29-PRECINCT 184 29 DISTRICT (B184)
Jefferson,B184,pierceb,12/27/2021 20:35:30.140709,0,21,21111-29-PRECINCT 184 29 DISTRICT (B184)
Jefferson,B184,trumpd,12/27/2021 20:35:30.140709,20,21,21111-29-PRECINCT 184 29 DISTRICT (B184)
Jefferson,B184,westk,12/27/2021 20:35:30.140709,0,21,21111-29-PRECINCT 184 29 DISTRICT (B184)
Jefferson,B185,bidenj,12/27/2021 20:35:30.140709,181,369,21111-29-PRECINCT 185 29 DISTRICT (B185)
Jefferson,B185,jorgensenj,12/27/2021 20:35:30.140709,4,369,21111-29-PRECINCT 185 29 DISTRICT (B185)
Jefferson,B185,pierceb,12/27/2021 20:35:30.140709,3,369,21111-29-PRECINCT 185 29 DISTRICT (B185)
Jefferson,B185,trumpd,12/27/2021 20:35:30.140709,181,369,21111-29-PRECINCT 185 29 DISTRICT (B185)
Jefferson,B185,westk,12/27/2021 20:35:30.140709,0,369,21111-29-PRECINCT 185 29 DISTRICT (B185)
Jefferson,C101,bidenj,12/27/2021 20:35:30.140709,589,724,21111-30-PRECINCT 101 30 DISTRICT (C101)
Jefferson,C101,jorgensenj,12/27/2021 20:35:30.140709,8,724,21111-30-PRECINCT 101 30 DISTRICT (C101)
Jefferson,C101,pierceb,12/27/2021 20:35:30.140709,2,724,21111-30-PRECINCT 101 30 DISTRICT (C101)
Jefferson,C101,trumpd,12/27/2021 20:35:30.140709,124,724,21111-30-PRECINCT 101 30 DISTRICT (C101)
Jefferson,C101,westk,12/27/2021 20:35:30.140709,1,724,21111-30-PRECINCT 101 30 DISTRICT (C101)
Jefferson,C102,bidenj,12/27/2021 20:35:30.140709,343,479,21111-30-PRECINCT 102 30 DISTRICT (C102)
Jefferson,C102,jorgensenj,12/27/2021 20:35:30.140709,9,479,21111-30-PRECINCT 102 30 DISTRICT (C102)
Jefferson,C102,pierceb,12/27/2021 20:35:30.140709,0,479,21111-30-PRECINCT 102 30 DISTRICT (C102)
Jefferson,C102,trumpd,12/27/2021 20:35:30.140709,123,479,21111-30-PRECINCT 102 30 DISTRICT (C102)
Jefferson,C102,westk,12/27/2021 20:35:30.140709,4,479,21111-30-PRECINCT 102 30 DISTRICT (C102)
Jefferson,C103,bidenj,12/27/2021 20:35:30.140709,434,623,21111-30-PRECINCT 103 30 DISTRICT (C103)
Jefferson,C103,jorgensenj,12/27/2021 20:35:30.140709,6,623,21111-30-PRECINCT 103 30 DISTRICT (C103)
Jefferson,C103,pierceb,12/27/2021 20:35:30.140709,6,623,21111-30-PRECINCT 103 30 DISTRICT (C103)
Jefferson,C103,trumpd,12/27/2021 20:35:30.140709,173,623,21111-30-PRECINCT 103 30 DISTRICT (C103)
Jefferson,C103,westk,12/27/2021 20:35:30.140709,4,623,21111-30-PRECINCT 103 30 DISTRICT (C103)
Jefferson,C104,bidenj,12/27/2021 20:35:30.140709,286,414,21111-30-PRECINCT 104 30 DISTRICT (C104)
Jefferson,C104,jorgensenj,12/27/2021 20:35:30.140709,1,414,21111-30-PRECINCT 104 30 DISTRICT (C104)
Jefferson,C104,pierceb,12/27/2021 20:35:30.140709,1,414,21111-30-PRECINCT 104 30 DISTRICT (C104)
Jefferson,C104,trumpd,12/27/2021 20:35:30.140709,124,414,21111-30-PRECINCT 104 30 DISTRICT (C104)
Jefferson,C104,westk,12/27/2021 20:35:30.140709,2,414,21111-30-PRECINCT 104 30 DISTRICT (C104)
Jefferson,C105,bidenj,12/27/2021 20:35:30.140709,302,328,21111-30-PRECINCT 105 30 DISTRICT (C105)
Jefferson,C105,jorgensenj,12/27/2021 20:35:30.140709,4,328,21111-30-PRECINCT 105 30 DISTRICT (C105)
Jefferson,C105,pierceb,12/27/2021 20:35:30.140709,1,328,21111-30-PRECINCT 105 30 DISTRICT (C105)
Jefferson,C105,trumpd,12/27/2021 20:35:30.140709,19,328,21111-30-PRECINCT 105 30 DISTRICT (C105)
Jefferson,C105,westk,12/27/2021 20:35:30.140709,2,328,21111-30-PRECINCT 105 30 DISTRICT (C105)
Jefferson,C106,bidenj,12/27/2021 20:35:30.140709,830,1075,21111-30-PRECINCT 106 30 DISTRICT (C106)
Jefferson,C106,jorgensenj,12/27/2021 20:35:30.140709,7,1075,21111-30-PRECINCT 106 30 DISTRICT (C106)
Jefferson,C106,pierceb,12/27/2021 20:35:30.140709,2,1075,21111-30-PRECINCT 106 30 DISTRICT (C106)
Jefferson,C106,trumpd,12/27/2021 20:35:30.140709,234,1075,21111-30-PRECINCT 106 30 DISTRICT (C106)
Jefferson,C106,westk,12/27/2021 20:35:30.140709,2,1075,21111-30-PRECINCT 106 30 DISTRICT (C106)
Jefferson,C108,bidenj,12/27/2021 20:35:30.140709,698,839,21111-30-PRECINCT 108 30 DISTRICT (C108)
Jefferson,C108,jorgensenj,12/27/2021 20:35:30.140709,9,839,21111-30-PRECINCT 108 30 DISTRICT (C108)
Jefferson,C108,pierceb,12/27/2021 20:35:30.140709,2,839,21111-30-PRECINCT 108 30 DISTRICT (C108)
Jefferson,C108,trumpd,12/27/2021 20:35:30.140709,125,839,21111-30-PRECINCT 108 30 DISTRICT (C108)
Jefferson,C108,westk,12/27/2021 20:35:30.140709,5,839,21111-30-PRECINCT 108 30 DISTRICT (C108)
Jefferson,C109,bidenj,12/27/2021 20:35:30.140709,243,294,21111-30-PRECINCT 109 30 DISTRICT (C109)
Jefferson,C109,jorgensenj,12/27/2021 20:35:30.140709,1,294,21111-30-PRECINCT 109 30 DISTRICT (C109)
Jefferson,C109,pierceb,12/27/2021 20:35:30.140709,0,294,21111-30-PRECINCT 109 30 DISTRICT (C109)
Jefferson,C109,trumpd,12/27/2021 20:35:30.140709,46,294,21111-30-PRECINCT 109 30 DISTRICT (C109)
Jefferson,C109,westk,12/27/2021 20:35:30.140709,4,294,21111-30-PRECINCT 109 30 DISTRICT (C109)
Jefferson,C110,bidenj,12/27/2021 20:35:30.140709,468,484,21111-30-PRECINCT 110 30 DISTRICT (C110)
Jefferson,C110,jorgensenj,12/27/2021 20:35:30.140709,3,484,21111-30-PRECINCT 110 30 DISTRICT (C110)
Jefferson,C110,pierceb,12/27/2021 20:35:30.140709,2,484,21111-30-PRECINCT 110 30 DISTRICT (C110)
Jefferson,C110,trumpd,12/27/2021 20:35:30.140709,8,484,21111-30-PRECINCT 110 30 DISTRICT (C110)
Jefferson,C110,westk,12/27/2021 20:35:30.140709,3,484,21111-30-PRECINCT 110 30 DISTRICT (C110)
Jefferson,C111,bidenj,12/27/2021 20:35:30.140709,817,880,21111-30-PRECINCT 111 30 DISTRICT (C111)
Jefferson,C111,jorgensenj,12/27/2021 20:35:30.140709,9,880,21111-30-PRECINCT 111 30 DISTRICT (C111)
Jefferson,C111,pierceb,12/27/2021 20:35:30.140709,2,880,21111-30-PRECINCT 111 30 DISTRICT (C111)
Jefferson,C111,trumpd,12/27/2021 20:35:30.140709,47,880,21111-30-PRECINCT 111 30 DISTRICT (C111)
Jefferson,C111,westk,12/27/2021 20:35:30.140709,5,880,21111-30-PRECINCT 111 30 DISTRICT (C111)
Jefferson,C113,bidenj,12/27/2021 20:35:30.140709,216,330,21111-30-PRECINCT 113 30 DISTRICT (C113)
Jefferson,C113,jorgensenj,12/27/2021 20:35:30.140709,5,330,21111-30-PRECINCT 113 30 DISTRICT (C113)
Jefferson,C113,pierceb,12/27/2021 20:35:30.140709,0,330,21111-30-PRECINCT 113 30 DISTRICT (C113)
Jefferson,C113,trumpd,12/27/2021 20:35:30.140709,108,330,21111-30-PRECINCT 113 30 DISTRICT (C113)
Jefferson,C113,westk,12/27/2021 20:35:30.140709,1,330,21111-30-PRECINCT 113 30 DISTRICT (C113)
Jefferson,C115,bidenj,12/27/2021 20:35:30.140709,723,996,21111-30-PRECINCT 115 30 DISTRICT (C115)
Jefferson,C115,jorgensenj,12/27/2021 20:35:30.140709,12,996,21111-30-PRECINCT 115 30 DISTRICT (C115)
Jefferson,C115,pierceb,12/27/2021 20:35:30.140709,4,996,21111-30-PRECINCT 115 30 DISTRICT (C115)
Jefferson,C115,trumpd,12/27/2021 20:35:30.140709,256,996,21111-30-PRECINCT 115 30 DISTRICT (C115)
Jefferson,C115,westk,12/27/2021 20:35:30.140709,1,996,21111-30-PRECINCT 115 30 DISTRICT (C115)
Jefferson,C122,bidenj,12/27/2021 20:35:30.140709,442,634,21111-30-PRECINCT 122 30 DISTRICT (C122)
Jefferson,C122,jorgensenj,12/27/2021 20:35:30.140709,9,634,21111-30-PRECINCT 122 30 DISTRICT (C122)
Jefferson,C122,pierceb,12/27/2021 20:35:30.140709,2,634,21111-30-PRECINCT 122 30 DISTRICT (C122)
Jefferson,C122,trumpd,12/27/2021 20:35:30.140709,180,634,21111-30-PRECINCT 122 30 DISTRICT (C122)
Jefferson,C122,westk,12/27/2021 20:35:30.140709,1,634,21111-30-PRECINCT 122 30 DISTRICT (C122)
Jefferson,C123,bidenj,12/27/2021 20:35:30.140709,269,427,21111-30-PRECINCT 123 30 DISTRICT (C123)
Jefferson,C123,jorgensenj,12/27/2021 20:35:30.140709,11,427,21111-30-PRECINCT 123 30 DISTRICT (C123)
Jefferson,C123,pierceb,12/27/2021 20:35:30.140709,0,427,21111-30-PRECINCT 123 30 DISTRICT (C123)
Jefferson,C123,trumpd,12/27/2021 20:35:30.140709,141,427,21111-30-PRECINCT 123 30 DISTRICT (C123)
Jefferson,C123,westk,12/27/2021 20:35:30.140709,6,427,21111-30-PRECINCT 123 30 DISTRICT (C123)
Jefferson,C124,bidenj,12/27/2021 20:35:30.140709,572,949,21111-30-PRECINCT 124 30 DISTRICT (C124)
Jefferson,C124,jorgensenj,12/27/2021 20:35:30.140709,12,949,21111-30-PRECINCT 124 30 DISTRICT (C124)
Jefferson,C124,pierceb,12/27/2021 20:35:30.140709,3,949,21111-30-PRECINCT 124 30 DISTRICT (C124)
Jefferson,C124,trumpd,12/27/2021 20:35:30.140709,358,949,21111-30-PRECINCT 124 30 DISTRICT (C124)
Jefferson,C124,westk,12/27/2021 20:35:30.140709,4,949,21111-30-PRECINCT 124 30 DISTRICT (C124)
Jefferson,C125,bidenj,12/27/2021 20:35:30.140709,463,582,21111-30-PRECINCT 125 30 DISTRICT (C125)
Jefferson,C125,jorgensenj,12/27/2021 20:35:30.140709,6,582,21111-30-PRECINCT 125 30 DISTRICT (C125)
Jefferson,C125,pierceb,12/27/2021 20:35:30.140709,0,582,21111-30-PRECINCT 125 30 DISTRICT (C125)
Jefferson,C125,trumpd,12/27/2021 20:35:30.140709,109,582,21111-30-PRECINCT 125 30 DISTRICT (C125)
Jefferson,C125,westk,12/27/2021 20:35:30.140709,4,582,21111-30-PRECINCT 125 30 DISTRICT (C125)
Jefferson,C126,bidenj,12/27/2021 20:35:30.140709,530,662,21111-30-PRECINCT 126 30 DISTRICT (C126)
Jefferson,C126,jorgensenj,12/27/2021 20:35:30.140709,10,662,21111-30-PRECINCT 126 30 DISTRICT (C126)
Jefferson,C126,pierceb,12/27/2021 20:35:30.140709,1,662,21111-30-PRECINCT 126 30 DISTRICT (C126)
Jefferson,C126,trumpd,12/27/2021 20:35:30.140709,120,662,21111-30-PRECINCT 126 30 DISTRICT (C126)
Jefferson,C126,westk,12/27/2021 20:35:30.140709,1,662,21111-30-PRECINCT 126 30 DISTRICT (C126)
Jefferson,C128,bidenj,12/27/2021 20:35:30.140709,112,188,21111-30-PRECINCT 128 30 DISTRICT (C128)
Jefferson,C128,jorgensenj,12/27/2021 20:35:30.140709,4,188,21111-30-PRECINCT 128 30 DISTRICT (C128)
Jefferson,C128,pierceb,12/27/2021 20:35:30.140709,0,188,21111-30-PRECINCT 128 30 DISTRICT (C128)
Jefferson,C128,trumpd,12/27/2021 20:35:30.140709,72,188,21111-30-PRECINCT 128 30 DISTRICT (C128)
Jefferson,C128,westk,12/27/2021 20:35:30.140709,0,188,21111-30-PRECINCT 128 30 DISTRICT (C128)
Jefferson,C129,bidenj,12/27/2021 20:35:30.140709,685,969,21111-30-PRECINCT 129 30 DISTRICT (C129)
Jefferson,C129,jorgensenj,12/27/2021 20:35:30.140709,12,969,21111-30-PRECINCT 129 30 DISTRICT (C129)
Jefferson,C129,pierceb,12/27/2021 20:35:30.140709,0,969,21111-30-PRECINCT 129 30 DISTRICT (C129)
Jefferson,C129,trumpd,12/27/2021 20:35:30.140709,269,969,21111-30-PRECINCT 129 30 DISTRICT (C129)
Jefferson,C129,westk,12/27/2021 20:35:30.140709,3,969,21111-30-PRECINCT 129 30 DISTRICT (C129)
Jefferson,C130,bidenj,12/27/2021 20:35:30.140709,45,64,21111-30-PRECINCT 130 30 DISTRICT (C130)
Jefferson,C130,jorgensenj,12/27/2021 20:35:30.140709,0,64,21111-30-PRECINCT 130 30 DISTRICT (C130)
Jefferson,C130,pierceb,12/27/2021 20:35:30.140709,0,64,21111-30-PRECINCT 130 30 DISTRICT (C130)
Jefferson,C130,trumpd,12/27/2021 20:35:30.140709,19,64,21111-30-PRECINCT 130 30 DISTRICT (C130)
Jefferson,C130,westk,12/27/2021 20:35:30.140709,0,64,21111-30-PRECINCT 130 30 DISTRICT (C130)
Jefferson,C131,bidenj,12/27/2021 20:35:30.140709,247,389,21111-30-PRECINCT 131 30 DISTRICT (C131)
Jefferson,C131,jorgensenj,12/27/2021 20:35:30.140709,4,389,21111-30-PRECINCT 131 30 DISTRICT (C131)
Jefferson,C131,pierceb,12/27/2021 20:35:30.140709,2,389,21111-30-PRECINCT 131 30 DISTRICT (C131)
Jefferson,C131,trumpd,12/27/2021 20:35:30.140709,134,389,21111-30-PRECINCT 131 30 DISTRICT (C131)
Jefferson,C131,westk,12/27/2021 20:35:30.140709,2,389,21111-30-PRECINCT 131 30 DISTRICT (C131)
Jefferson,C133,bidenj,12/27/2021 20:35:30.140709,650,981,21111-30-PRECINCT 133 30 DISTRICT (C133)
Jefferson,C133,jorgensenj,12/27/2021 20:35:30.140709,13,981,21111-30-PRECINCT 133 30 DISTRICT (C133)
Jefferson,C133,pierceb,12/27/2021 20:35:30.140709,3,981,21111-30-PRECINCT 133 30 DISTRICT (C133)
Jefferson,C133,trumpd,12/27/2021 20:35:30.140709,310,981,21111-30-PRECINCT 133 30 DISTRICT (C133)
Jefferson,C133,westk,12/27/2021 20:35:30.140709,5,981,21111-30-PRECINCT 133 30 DISTRICT (C133)
Jefferson,C134,bidenj,12/27/2021 20:35:30.140709,386,653,21111-30-PRECINCT 134 30 DISTRICT (C134)
Jefferson,C134,jorgensenj,12/27/2021 20:35:30.140709,8,653,21111-30-PRECINCT 134 30 DISTRICT (C134)
Jefferson,C134,pierceb,12/27/2021 20:35:30.140709,1,653,21111-30-PRECINCT 134 30 DISTRICT (C134)
Jefferson,C134,trumpd,12/27/2021 20:35:30.140709,256,653,21111-30-PRECINCT 134 30 DISTRICT (C134)
Jefferson,C134,westk,12/27/2021 20:35:30.140709,2,653,21111-30-PRECINCT 134 30 DISTRICT (C134)
Jefferson,C135,bidenj,12/27/2021 20:35:30.140709,454,723,21111-30-PRECINCT 135 30 DISTRICT (C135)
Jefferson,C135,jorgensenj,12/27/2021 20:35:30.140709,6,723,21111-30-PRECINCT 135 30 DISTRICT (C135)
Jefferson,C135,pierceb,12/27/2021 20:35:30.140709,2,723,21111-30-PRECINCT 135 30 DISTRICT (C135)
Jefferson,C135,trumpd,12/27/2021 20:35:30.140709,258,723,21111-30-PRECINCT 135 30 DISTRICT (C135)
Jefferson,C135,westk,12/27/2021 20:35:30.140709,3,723,21111-30-PRECINCT 135 30 DISTRICT (C135)
Jefferson,C136,bidenj,12/27/2021 20:35:30.140709,285,449,21111-30-PRECINCT 136 30 DISTRICT (C136)
Jefferson,C136,jorgensenj,12/27/2021 20:35:30.140709,6,449,21111-30-PRECINCT 136 30 DISTRICT (C136)
Jefferson,C136,pierceb,12/27/2021 20:35:30.140709,2,449,21111-30-PRECINCT 136 30 DISTRICT (C136)
Jefferson,C136,trumpd,12/27/2021 20:35:30.140709,150,449,21111-30-PRECINCT 136 30 DISTRICT (C136)
Jefferson,C136,westk,12/27/2021 20:35:30.140709,6,449,21111-30-PRECINCT 136 30 DISTRICT (C136)
Jefferson,C137,bidenj,12/27/2021 20:35:30.140709,434,676,21111-30-PRECINCT 137 30 DISTRICT (C137)
Jefferson,C137,jorgensenj,12/27/2021 20:35:30.140709,11,676,21111-30-PRECINCT 137 30 DISTRICT (C137)
Jefferson,C137,pierceb,12/27/2021 20:35:30.140709,1,676,21111-30-PRECINCT 137 30 DISTRICT (C137)
Jefferson,C137,trumpd,12/27/2021 20:35:30.140709,226,676,21111-30-PRECINCT 137 30 DISTRICT (C137)
Jefferson,C137,westk,12/27/2021 20:35:30.140709,4,676,21111-30-PRECINCT 137 30 DISTRICT (C137)
Jefferson,C138,bidenj,12/27/2021 20:35:30.140709,300,458,21111-30-PRECINCT 138 30 DISTRICT (C138)
Jefferson,C138,jorgensenj,12/27/2021 20:35:30.140709,8,458,21111-30-PRECINCT 138 30 DISTRICT (C138)
Jefferson,C138,pierceb,12/27/2021 20:35:30.140709,2,458,21111-30-PRECINCT 138 30 DISTRICT (C138)
Jefferson,C138,trumpd,12/27/2021 20:35:30.140709,147,458,21111-30-PRECINCT 138 30 DISTRICT (C138)
Jefferson,C138,westk,12/27/2021 20:35:30.140709,1,458,21111-30-PRECINCT 138 30 DISTRICT (C138)
Jefferson,C139,bidenj,12/27/2021 20:35:30.140709,12,34,21111-30-PRECINCT 139 30 DISTRICT (C139)
Jefferson,C139,jorgensenj,12/27/2021 20:35:30.140709,2,34,21111-30-PRECINCT 139 30 DISTRICT (C139)
Jefferson,C139,pierceb,12/27/2021 20:35:30.140709,0,34,21111-30-PRECINCT 139 30 DISTRICT (C139)
Jefferson,C139,trumpd,12/27/2021 20:35:30.140709,20,34,21111-30-PRECINCT 139 30 DISTRICT (C139)
Jefferson,C139,westk,12/27/2021 20:35:30.140709,0,34,21111-30-PRECINCT 139 30 DISTRICT (C139)
Jefferson,C141,bidenj,12/27/2021 20:35:30.140709,280,407,21111-30-PRECINCT 141 30 DISTRICT (C141)
Jefferson,C141,jorgensenj,12/27/2021 20:35:30.140709,9,407,21111-30-PRECINCT 141 30 DISTRICT (C141)
Jefferson,C141,pierceb,12/27/2021 20:35:30.140709,2,407,21111-30-PRECINCT 141 30 DISTRICT (C141)
Jefferson,C141,trumpd,12/27/2021 20:35:30.140709,115,407,21111-30-PRECINCT 141 30 DISTRICT (C141)
Jefferson,C141,westk,12/27/2021 20:35:30.140709,1,407,21111-30-PRECINCT 141 30 DISTRICT (C141)
Jefferson,C142,bidenj,12/27/2021 20:35:30.140709,579,741,21111-30-PRECINCT 142 30 DISTRICT (C142)
Jefferson,C142,jorgensenj,12/27/2021 20:35:30.140709,4,741,21111-30-PRECINCT 142 30 DISTRICT (C142)
Jefferson,C142,pierceb,12/27/2021 20:35:30.140709,1,741,21111-30-PRECINCT 142 30 DISTRICT (C142)
Jefferson,C142,trumpd,12/27/2021 20:35:30.140709,153,741,21111-30-PRECINCT 142 30 DISTRICT (C142)
Jefferson,C142,westk,12/27/2021 20:35:30.140709,4,741,21111-30-PRECINCT 142 30 DISTRICT (C142)
Jefferson,C143,bidenj,12/27/2021 20:35:30.140709,62,154,21111-30-PRECINCT 143 30 DISTRICT (C143)
Jefferson,C143,jorgensenj,12/27/2021 20:35:30.140709,1,154,21111-30-PRECINCT 143 30 DISTRICT (C143)
Jefferson,C143,pierceb,12/27/2021 20:35:30.140709,0,154,21111-30-PRECINCT 143 30 DISTRICT (C143)
Jefferson,C143,trumpd,12/27/2021 20:35:30.140709,91,154,21111-30-PRECINCT 143 30 DISTRICT (C143)
Jefferson,C143,westk,12/27/2021 20:35:30.140709,0,154,21111-30-PRECINCT 143 30 DISTRICT (C143)
Jefferson,C144,bidenj,12/27/2021 20:35:30.140709,40,78,21111-30-PRECINCT 144 30 DISTRICT (C144)
Jefferson,C144,jorgensenj,12/27/2021 20:35:30.140709,0,78,21111-30-PRECINCT 144 30 DISTRICT (C144)
Jefferson,C144,pierceb,12/27/2021 20:35:30.140709,0,78,21111-30-PRECINCT 144 30 DISTRICT (C144)
Jefferson,C144,trumpd,12/27/2021 20:35:30.140709,38,78,21111-30-PRECINCT 144 30 DISTRICT (C144)
Jefferson,C144,westk,12/27/2021 20:35:30.140709,0,78,21111-30-PRECINCT 144 30 DISTRICT (C144)
Jefferson,C145,bidenj,12/27/2021 20:35:30.140709,97,187,21111-30-PRECINCT 145 30 DISTRICT (C145)
Jefferson,C145,jorgensenj,12/27/2021 20:35:30.140709,3,187,21111-30-PRECINCT 145 30 DISTRICT (C145)
Jefferson,C145,pierceb,12/27/2021 20:35:30.140709,1,187,21111-30-PRECINCT 145 30 DISTRICT (C145)
Jefferson,C145,trumpd,12/27/2021 20:35:30.140709,82,187,21111-30-PRECINCT 145 30 DISTRICT (C145)
Jefferson,C145,westk,12/27/2021 20:35:30.140709,4,187,21111-30-PRECINCT 145 30 DISTRICT (C145)
Jefferson,C146,bidenj,12/27/2021 20:35:30.140709,1,1,
Jefferson,C146,jorgensenj,12/27/2021 20:35:30.140709,0,1,
Jefferson,C146,pierceb,12/27/2021 20:35:30.140709,0,1,
Jefferson,C146,trumpd,12/27/2021 20:35:30.140709,0,1,
Jefferson,C146,westk,12/27/2021 20:35:30.140709,0,1,
Jefferson,C147,bidenj,12/27/2021 20:35:30.140709,4,4,21111-30-PRECINCT 147 30 DISTRICT (C147)
Jefferson,C147,jorgensenj,12/27/2021 20:35:30.140709,0,4,21111-30-PRECINCT 147 30 DISTRICT (C147)
Jefferson,C147,pierceb,12/27/2021 20:35:30.140709,0,4,21111-30-PRECINCT 147 30 DISTRICT (C147)
Jefferson,C147,trumpd,12/27/2021 20:35:30.140709,0,4,21111-30-PRECINCT 147 30 DISTRICT (C147)
Jefferson,C147,westk,12/27/2021 20:35:30.140709,0,4,21111-30-PRECINCT 147 30 DISTRICT (C147)
Jefferson,C148,bidenj,12/27/2021 20:35:30.140709,15,31,
Jefferson,C148,jorgensenj,12/27/2021 20:35:30.140709,1,31,
Jefferson,C148,pierceb,12/27/2021 20:35:30.140709,0,31,
Jefferson,C148,trumpd,12/27/2021 20:35:30.140709,15,31,
Jefferson,C148,westk,12/27/2021 20:35:30.140709,0,31,
Jefferson,C149,bidenj,12/27/2021 20:35:30.140709,1,13,21111-30-PRECINCT 149 30 DISTRICT (C149)
Jefferson,C149,jorgensenj,12/27/2021 20:35:30.140709,0,13,21111-30-PRECINCT 149 30 DISTRICT (C149)
Jefferson,C149,pierceb,12/27/2021 20:35:30.140709,1,13,21111-30-PRECINCT 149 30 DISTRICT (C149)
Jefferson,C149,trumpd,12/27/2021 20:35:30.140709,11,13,21111-30-PRECINCT 149 30 DISTRICT (C149)
Jefferson,C149,westk,12/27/2021 20:35:30.140709,0,13,21111-30-PRECINCT 149 30 DISTRICT (C149)
Jefferson,C150,bidenj,12/27/2021 20:35:30.140709,7,12,21111-30-PRECINCT 150 30 DISTRICT (C150)
Jefferson,C150,jorgensenj,12/27/2021 20:35:30.140709,0,12,21111-30-PRECINCT 150 30 DISTRICT (C150)
Jefferson,C150,pierceb,12/27/2021 20:35:30.140709,0,12,21111-30-PRECINCT 150 30 DISTRICT (C150)
Jefferson,C150,trumpd,12/27/2021 20:35:30.140709,5,12,21111-30-PRECINCT 150 30 DISTRICT (C150)
Jefferson,C150,westk,12/27/2021 20:35:30.140709,0,12,21111-30-PRECINCT 150 30 DISTRICT (C150)
Jefferson,C151,bidenj,12/27/2021 20:35:30.140709,15,21,21111-30-PRECINCT 151 30 DISTRICT (C151)
Jefferson,C151,jorgensenj,12/27/2021 20:35:30.140709,0,21,21111-30-PRECINCT 151 30 DISTRICT (C151)
Jefferson,C151,pierceb,12/27/2021 20:35:30.140709,0,21,21111-30-PRECINCT 151 30 DISTRICT (C151)
Jefferson,C151,trumpd,12/27/2021 20:35:30.140709,6,21,21111-30-PRECINCT 151 30 DISTRICT (C151)
Jefferson,C151,westk,12/27/2021 20:35:30.140709,0,21,21111-30-PRECINCT 151 30 DISTRICT (C151)
Jefferson,D101,bidenj,12/27/2021 20:35:30.140709,289,464,21111-31-PRECINCT 101 31 DISTRICT (D101)
Jefferson,D101,jorgensenj,12/27/2021 20:35:30.140709,4,464,21111-31-PRECINCT 101 31 DISTRICT (D101)
Jefferson,D101,pierceb,12/27/2021 20:35:30.140709,2,464,21111-31-PRECINCT 101 31 DISTRICT (D101)
Jefferson,D101,trumpd,12/27/2021 20:35:30.140709,166,464,21111-31-PRECINCT 101 31 DISTRICT (D101)
Jefferson,D101,westk,12/27/2021 20:35:30.140709,3,464,21111-31-PRECINCT 101 31 DISTRICT (D101)
Jefferson,D104,bidenj,12/27/2021 20:35:30.140709,363,567,21111-31-PRECINCT 104 31 DISTRICT (D104)
Jefferson,D104,jorgensenj,12/27/2021 20:35:30.140709,10,567,21111-31-PRECINCT 104 31 DISTRICT (D104)
Jefferson,D104,pierceb,12/27/2021 20:35:30.140709,1,567,21111-31-PRECINCT 104 31 DISTRICT (D104)
Jefferson,D104,trumpd,12/27/2021 20:35:30.140709,190,567,21111-31-PRECINCT 104 31 DISTRICT (D104)
Jefferson,D104,westk,12/27/2021 20:35:30.140709,3,567,21111-31-PRECINCT 104 31 DISTRICT (D104)
Jefferson,D106,bidenj,12/27/2021 20:35:30.140709,438,754,21111-31-PRECINCT 106 31 DISTRICT (D106)
Jefferson,D106,jorgensenj,12/27/2021 20:35:30.140709,11,754,21111-31-PRECINCT 106 31 DISTRICT (D106)
Jefferson,D106,pierceb,12/27/2021 20:35:30.140709,1,754,21111-31-PRECINCT 106 31 DISTRICT (D106)
Jefferson,D106,trumpd,12/27/2021 20:35:30.140709,299,754,21111-31-PRECINCT 106 31 DISTRICT (D106)
Jefferson,D106,westk,12/27/2021 20:35:30.140709,5,754,21111-31-PRECINCT 106 31 DISTRICT (D106)
Jefferson,D108,bidenj,12/27/2021 20:35:30.140709,496,841,21111-31-PRECINCT 108 31 DISTRICT (D108)
Jefferson,D108,jorgensenj,12/27/2021 20:35:30.140709,14,841,21111-31-PRECINCT 108 31 DISTRICT (D108)
Jefferson,D108,pierceb,12/27/2021 20:35:30.140709,1,841,21111-31-PRECINCT 108 31 DISTRICT (D108)
Jefferson,D108,trumpd,12/27/2021 20:35:30.140709,328,841,21111-31-PRECINCT 108 31 DISTRICT (D108)
Jefferson,D108,westk,12/27/2021 20:35:30.140709,2,841,21111-31-PRECINCT 108 31 DISTRICT (D108)
Jefferson,D109,bidenj,12/27/2021 20:35:30.140709,250,359,21111-31-PRECINCT 109 31 DISTRICT (D109)
Jefferson,D109,jorgensenj,12/27/2021 20:35:30.140709,4,359,21111-31-PRECINCT 109 31 DISTRICT (D109)
Jefferson,D109,pierceb,12/27/2021 20:35:30.140709,0,359,21111-31-PRECINCT 109 31 DISTRICT (D109)
Jefferson,D109,trumpd,12/27/2021 20:35:30.140709,103,359,21111-31-PRECINCT 109 31 DISTRICT (D109)
Jefferson,D109,westk,12/27/2021 20:35:30.140709,2,359,21111-31-PRECINCT 109 31 DISTRICT (D109)
Jefferson,D110,bidenj,12/27/2021 20:35:30.140709,446,659,21111-31-PRECINCT 110 31 DISTRICT (D110)
Jefferson,D110,jorgensenj,12/27/2021 20:35:30.140709,8,659,21111-31-PRECINCT 110 31 DISTRICT (D110)
Jefferson,D110,pierceb,12/27/2021 20:35:30.140709,1,659,21111-31-PRECINCT 110 31 DISTRICT (D110)
Jefferson,D110,trumpd,12/27/2021 20:35:30.140709,200,659,21111-31-PRECINCT 110 31 DISTRICT (D110)
Jefferson,D110,westk,12/27/2021 20:35:30.140709,4,659,21111-31-PRECINCT 110 31 DISTRICT (D110)
Jefferson,D113,bidenj,12/27/2021 20:35:30.140709,385,526,21111-31-PRECINCT 113 31 DISTRICT (D113)
Jefferson,D113,jorgensenj,12/27/2021 20:35:30.140709,7,526,21111-31-PRECINCT 113 31 DISTRICT (D113)
Jefferson,D113,pierceb,12/27/2021 20:35:30.140709,0,526,21111-31-PRECINCT 113 31 DISTRICT (D113)
Jefferson,D113,trumpd,12/27/2021 20:35:30.140709,128,526,21111-31-PRECINCT 113 31 DISTRICT (D113)
Jefferson,D113,westk,12/27/2021 20:35:30.140709,6,526,21111-31-PRECINCT 113 31 DISTRICT (D113)
Jefferson,D114,bidenj,12/27/2021 20:35:30.140709,425,792,21111-31-PRECINCT 114 31 DISTRICT (D114)
Jefferson,D114,jorgensenj,12/27/2021 20:35:30.140709,10,792,21111-31-PRECINCT 114 31 DISTRICT (D114)
Jefferson,D114,pierceb,12/27/2021 20:35:30.140709,0,792,21111-31-PRECINCT 114 31 DISTRICT (D114)
Jefferson,D114,trumpd,12/27/2021 20:35:30.140709,355,792,21111-31-PRECINCT 114 31 DISTRICT (D114)
Jefferson,D114,westk,12/27/2021 20:35:30.140709,2,792,21111-31-PRECINCT 114 31 DISTRICT (D114)
Jefferson,D115,bidenj,12/27/2021 20:35:30.140709,651,1047,21111-31-PRECINCT 115 31 DISTRICT (D115)
Jefferson,D115,jorgensenj,12/27/2021 20:35:30.140709,16,1047,21111-31-PRECINCT 115 31 DISTRICT (D115)
Jefferson,D115,pierceb,12/27/2021 20:35:30.140709,2,1047,21111-31-PRECINCT 115 31 DISTRICT (D115)
Jefferson,D115,trumpd,12/27/2021 20:35:30.140709,376,1047,21111-31-PRECINCT 115 31 DISTRICT (D115)
Jefferson,D115,westk,12/27/2021 20:35:30.140709,2,1047,21111-31-PRECINCT 115 31 DISTRICT (D115)
Jefferson,D116,bidenj,12/27/2021 20:35:30.140709,614,1194,21111-31-PRECINCT 116 31 DISTRICT (D116)
Jefferson,D116,jorgensenj,12/27/2021 20:35:30.140709,21,1194,21111-31-PRECINCT 116 31 DISTRICT (D116)
Jefferson,D116,pierceb,12/27/2021 20:35:30.140709,1,1194,21111-31-PRECINCT 116 31 DISTRICT (D116)
Jefferson,D116,trumpd,12/27/2021 20:35:30.140709,555,1194,21111-31-PRECINCT 116 31 DISTRICT (D116)
Jefferson,D116,westk,12/27/2021 20:35:30.140709,3,1194,21111-31-PRECINCT 116 31 DISTRICT (D116)
Jefferson,D117,bidenj,12/27/2021 20:35:30.140709,450,790,21111-31-PRECINCT 117 31 DISTRICT (D117)
Jefferson,D117,jorgensenj,12/27/2021 20:35:30.140709,9,790,21111-31-PRECINCT 117 31 DISTRICT (D117)
Jefferson,D117,pierceb,12/27/2021 20:35:30.140709,0,790,21111-31-PRECINCT 117 31 DISTRICT (D117)
Jefferson,D117,trumpd,12/27/2021 20:35:30.140709,330,790,21111-31-PRECINCT 117 31 DISTRICT (D117)
Jefferson,D117,westk,12/27/2021 20:35:30.140709,1,790,21111-31-PRECINCT 117 31 DISTRICT (D117)
Jefferson,D120,bidenj,12/27/2021 20:35:30.140709,702,1128,21111-31-PRECINCT 120 31 DISTRICT (D120)
Jefferson,D120,jorgensenj,12/27/2021 20:35:30.140709,19,1128,21111-31-PRECINCT 120 31 DISTRICT (D120)
Jefferson,D120,pierceb,12/27/2021 20:35:30.140709,2,1128,21111-31-PRECINCT 120 31 DISTRICT (D120)
Jefferson,D120,trumpd,12/27/2021 20:35:30.140709,400,1128,21111-31-PRECINCT 120 31 DISTRICT (D120)
Jefferson,D120,westk,12/27/2021 20:35:30.140709,5,1128,21111-31-PRECINCT 120 31 DISTRICT (D120)
Jefferson,D121,bidenj,12/27/2021 20:35:30.140709,342,692,21111-31-PRECINCT 121 31 DISTRICT (D121)
Jefferson,D121,jorgensenj,12/27/2021 20:35:30.140709,16,692,21111-31-PRECINCT 121 31 DISTRICT (D121)
Jefferson,D121,pierceb,12/27/2021 20:35:30.140709,5,692,21111-31-PRECINCT 121 31 DISTRICT (D121)
Jefferson,D121,trumpd,12/27/2021 20:35:30.140709,325,692,21111-31-PRECINCT 121 31 DISTRICT (D121)
Jefferson,D121,westk,12/27/2021 20:35:30.140709,4,692,21111-31-PRECINCT 121 31 DISTRICT (D121)
Jefferson,D122,bidenj,12/27/2021 20:35:30.140709,403,803,21111-31-PRECINCT 122 31 DISTRICT (D122)
Jefferson,D122,jorgensenj,12/27/2021 20:35:30.140709,24,803,21111-31-PRECINCT 122 31 DISTRICT (D122)
Jefferson,D122,pierceb,12/27/2021 20:35:30.140709,2,803,21111-31-PRECINCT 122 31 DISTRICT (D122)
Jefferson,D122,trumpd,12/27/2021 20:35:30.140709,370,803,21111-31-PRECINCT 122 31 DISTRICT (D122)
Jefferson,D122,westk,12/27/2021 20:35:30.140709,4,803,21111-31-PRECINCT 122 31 DISTRICT (D122)
Jefferson,D126,bidenj,12/27/2021 20:35:30.140709,657,1210,21111-31-PRECINCT 126 31 DISTRICT (D126)
Jefferson,D126,jorgensenj,12/27/2021 20:35:30.140709,24,1210,21111-31-PRECINCT 126 31 DISTRICT (D126)
Jefferson,D126,pierceb,12/27/2021 20:35:30.140709,5,1210,21111-31-PRECINCT 126 31 DISTRICT (D126)
Jefferson,D126,trumpd,12/27/2021 20:35:30.140709,516,1210,21111-31-PRECINCT 126 31 DISTRICT (D126)
Jefferson,D126,westk,12/27/2021 20:35:30.140709,8,1210,21111-31-PRECINCT 126 31 DISTRICT (D126)
Jefferson,D129,bidenj,12/27/2021 20:35:30.140709,257,435,21111-31-PRECINCT 129 31 DISTRICT (D129)
Jefferson,D129,jorgensenj,12/27/2021 20:35:30.140709,5,435,21111-31-PRECINCT 129 31 DISTRICT (D129)
Jefferson,D129,pierceb,12/27/2021 20:35:30.140709,2,435,21111-31-PRECINCT 129 31 DISTRICT (D129)
Jefferson,D129,trumpd,12/27/2021 20:35:30.140709,169,435,21111-31-PRECINCT 129 31 DISTRICT (D129)
Jefferson,D129,westk,12/27/2021 20:35:30.140709,2,435,21111-31-PRECINCT 129 31 DISTRICT (D129)
Jefferson,D130,bidenj,12/27/2021 20:35:30.140709,464,765,21111-31-PRECINCT 130 31 DISTRICT (D130)
Jefferson,D130,jorgensenj,12/27/2021 20:35:30.140709,15,765,21111-31-PRECINCT 130 31 DISTRICT (D130)
Jefferson,D130,pierceb,12/27/2021 20:35:30.140709,1,765,21111-31-PRECINCT 130 31 DISTRICT (D130)
Jefferson,D130,trumpd,12/27/2021 20:35:30.140709,280,765,21111-31-PRECINCT 130 31 DISTRICT (D130)
Jefferson,D130,westk,12/27/2021 20:35:30.140709,5,765,21111-31-PRECINCT 130 31 DISTRICT (D130)
Jefferson,D131,bidenj,12/27/2021 20:35:30.140709,295,463,21111-31-PRECINCT 131 31 DISTRICT (D131)
Jefferson,D131,jorgensenj,12/27/2021 20:35:30.140709,11,463,21111-31-PRECINCT 131 31 DISTRICT (D131)
Jefferson,D131,pierceb,12/27/2021 20:35:30.140709,2,463,21111-31-PRECINCT 131 31 DISTRICT (D131)
Jefferson,D131,trumpd,12/27/2021 20:35:30.140709,153,463,21111-31-PRECINCT 131 31 DISTRICT (D131)
Jefferson,D131,westk,12/27/2021 20:35:30.140709,2,463,21111-31-PRECINCT 131 31 DISTRICT (D131)
Jefferson,D132,bidenj,12/27/2021 20:35:30.140709,832,1331,21111-31-PRECINCT 132 31 DISTRICT (D132)
Jefferson,D132,jorgensenj,12/27/2021 20:35:30.140709,23,1331,21111-31-PRECINCT 132 31 DISTRICT (D132)
Jefferson,D132,pierceb,12/27/2021 20:35:30.140709,3,1331,21111-31-PRECINCT 132 31 DISTRICT (D132)
Jefferson,D132,trumpd,12/27/2021 20:35:30.140709,469,1331,21111-31-PRECINCT 132 31 DISTRICT (D132)
Jefferson,D132,westk,12/27/2021 20:35:30.140709,4,1331,21111-31-PRECINCT 132 31 DISTRICT (D132)
Jefferson,D135,bidenj,12/27/2021 20:35:30.140709,401,639,21111-31-PRECINCT 135 31 DISTRICT (D135)
Jefferson,D135,jorgensenj,12/27/2021 20:35:30.140709,4,639,21111-31-PRECINCT 135 31 DISTRICT (D135)
Jefferson,D135,pierceb,12/27/2021 20:35:30.140709,2,639,21111-31-PRECINCT 135 31 DISTRICT (D135)
Jefferson,D135,trumpd,12/27/2021 20:35:30.140709,230,639,21111-31-PRECINCT 135 31 DISTRICT (D135)
Jefferson,D135,westk,12/27/2021 20:35:30.140709,2,639,21111-31-PRECINCT 135 31 DISTRICT (D135)
Jefferson,D136,bidenj,12/27/2021 20:35:30.140709,663,1179,21111-31-PRECINCT 136 31 DISTRICT (D136)
Jefferson,D136,jorgensenj,12/27/2021 20:35:30.140709,7,1179,21111-31-PRECINCT 136 31 DISTRICT (D136)
Jefferson,D136,pierceb,12/27/2021 20:35:30.140709,4,1179,21111-31-PRECINCT 136 31 DISTRICT (D136)
Jefferson,D136,trumpd,12/27/2021 20:35:30.140709,504,1179,21111-31-PRECINCT 136 31 DISTRICT (D136)
Jefferson,D136,westk,12/27/2021 20:35:30.140709,1,1179,21111-31-PRECINCT 136 31 DISTRICT (D136)
Jefferson,D137,bidenj,12/27/2021 20:35:30.140709,342,715,21111-31-PRECINCT 137 31 DISTRICT (D137)
Jefferson,D137,jorgensenj,12/27/2021 20:35:30.140709,10,715,21111-31-PRECINCT 137 31 DISTRICT (D137)
Jefferson,D137,pierceb,12/27/2021 20:35:30.140709,1,715,21111-31-PRECINCT 137 31 DISTRICT (D137)
Jefferson,D137,trumpd,12/27/2021 20:35:30.140709,358,715,21111-31-PRECINCT 137 31 DISTRICT (D137)
Jefferson,D137,westk,12/27/2021 20:35:30.140709,4,715,21111-31-PRECINCT 137 31 DISTRICT (D137)
Jefferson,D138,bidenj,12/27/2021 20:35:30.140709,813,1375,21111-31-PRECINCT 138 31 DISTRICT (D138)
Jefferson,D138,jorgensenj,12/27/2021 20:35:30.140709,16,1375,21111-31-PRECINCT 138 31 DISTRICT (D138)
Jefferson,D138,pierceb,12/27/2021 20:35:30.140709,8,1375,21111-31-PRECINCT 138 31 DISTRICT (D138)
Jefferson,D138,trumpd,12/27/2021 20:35:30.140709,535,1375,21111-31-PRECINCT 138 31 DISTRICT (D138)
Jefferson,D138,westk,12/27/2021 20:35:30.140709,3,1375,21111-31-PRECINCT 138 31 DISTRICT (D138)
Jefferson,D139,bidenj,12/27/2021 20:35:30.140709,639,1128,21111-31-PRECINCT 139 31 DISTRICT (D139)
Jefferson,D139,jorgensenj,12/27/2021 20:35:30.140709,15,1128,21111-31-PRECINCT 139 31 DISTRICT (D139)
Jefferson,D139,pierceb,12/27/2021 20:35:30.140709,1,1128,21111-31-PRECINCT 139 31 DISTRICT (D139)
Jefferson,D139,trumpd,12/27/2021 20:35:30.140709,470,1128,21111-31-PRECINCT 139 31 DISTRICT (D139)
Jefferson,D139,westk,12/27/2021 20:35:30.140709,3,1128,21111-31-PRECINCT 139 31 DISTRICT (D139)
Jefferson,D140,bidenj,12/27/2021 20:35:30.140709,541,1011,21111-31-PRECINCT 140 31 DISTRICT (D140)
Jefferson,D140,jorgensenj,12/27/2021 20:35:30.140709,8,1011,21111-31-PRECINCT 140 31 DISTRICT (D140)
Jefferson,D140,pierceb,12/27/2021 20:35:30.140709,0,1011,21111-31-PRECINCT 140 31 DISTRICT (D140)
Jefferson,D140,trumpd,12/27/2021 20:35:30.140709,460,1011,21111-31-PRECINCT 140 31 DISTRICT (D140)
Jefferson,D140,westk,12/27/2021 20:35:30.140709,2,1011,21111-31-PRECINCT 140 31 DISTRICT (D140)
Jefferson,D141,bidenj,12/27/2021 20:35:30.140709,330,717,21111-31-PRECINCT 141 31 DISTRICT (D141)
Jefferson,D141,jorgensenj,12/27/2021 20:35:30.140709,7,717,21111-31-PRECINCT 141 31 DISTRICT (D141)
Jefferson,D141,pierceb,12/27/2021 20:35:30.140709,2,717,21111-31-PRECINCT 141 31 DISTRICT (D141)
Jefferson,D141,trumpd,12/27/2021 20:35:30.140709,376,717,21111-31-PRECINCT 141 31 DISTRICT (D141)
Jefferson,D141,westk,12/27/2021 20:35:30.140709,2,717,21111-31-PRECINCT 141 31 DISTRICT (D141)
Jefferson,D142,bidenj,12/27/2021 20:35:30.140709,410,877,21111-31-PRECINCT 142 31 DISTRICT (D142)
Jefferson,D142,jorgensenj,12/27/2021 20:35:30.140709,10,877,21111-31-PRECINCT 142 31 DISTRICT (D142)
Jefferson,D142,pierceb,12/27/2021 20:35:30.140709,1,877,21111-31-PRECINCT 142 31 DISTRICT (D142)
Jefferson,D142,trumpd,12/27/2021 20:35:30.140709,453,877,21111-31-PRECINCT 142 31 DISTRICT (D142)
Jefferson,D142,westk,12/27/2021 20:35:30.140709,3,877,21111-31-PRECINCT 142 31 DISTRICT (D142)
Jefferson,D144,bidenj,12/27/2021 20:35:30.140709,249,443,21111-31-PRECINCT 144 31 DISTRICT (D144)
Jefferson,D144,jorgensenj,12/27/2021 20:35:30.140709,8,443,21111-31-PRECINCT 144 31 DISTRICT (D144)
Jefferson,D144,pierceb,12/27/2021 20:35:30.140709,2,443,21111-31-PRECINCT 144 31 DISTRICT (D144)
Jefferson,D144,trumpd,12/27/2021 20:35:30.140709,179,443,21111-31-PRECINCT 144 31 DISTRICT (D144)
Jefferson,D144,westk,12/27/2021 20:35:30.140709,5,443,21111-31-PRECINCT 144 31 DISTRICT (D144)
Jefferson,D145,bidenj,12/27/2021 20:35:30.140709,193,358,21111-31-PRECINCT 145 31 DISTRICT (D145)
Jefferson,D145,jorgensenj,12/27/2021 20:35:30.140709,3,358,21111-31-PRECINCT 145 31 DISTRICT (D145)
Jefferson,D145,pierceb,12/27/2021 20:35:30.140709,0,358,21111-31-PRECINCT 145 31 DISTRICT (D145)
Jefferson,D145,trumpd,12/27/2021 20:35:30.140709,161,358,21111-31-PRECINCT 145 31 DISTRICT (D145)
Jefferson,D145,westk,12/27/2021 20:35:30.140709,1,358,21111-31-PRECINCT 145 31 DISTRICT (D145)
Jefferson,E139,bidenj,12/27/2021 20:35:30.140709,472,661,21111-32-PRECINCT 139 32 DISTRICT (E139)
Jefferson,E139,jorgensenj,12/27/2021 20:35:30.140709,14,661,21111-32-PRECINCT 139 32 DISTRICT (E139)
Jefferson,E139,pierceb,12/27/2021 20:35:30.140709,2,661,21111-32-PRECINCT 139 32 DISTRICT (E139)
Jefferson,E139,trumpd,12/27/2021 20:35:30.140709,171,661,21111-32-PRECINCT 139 32 DISTRICT (E139)
Jefferson,E139,westk,12/27/2021 20:35:30.140709,2,661,21111-32-PRECINCT 139 32 DISTRICT (E139)
Jefferson,E141,bidenj,12/27/2021 20:35:30.140709,193,363,21111-32-PRECINCT 141 32 DISTRICT (E141)
Jefferson,E141,jorgensenj,12/27/2021 20:35:30.140709,14,363,21111-32-PRECINCT 141 32 DISTRICT (E141)
Jefferson,E141,pierceb,12/27/2021 20:35:30.140709,0,363,21111-32-PRECINCT 141 32 DISTRICT (E141)
Jefferson,E141,trumpd,12/27/2021 20:35:30.140709,156,363,21111-32-PRECINCT 141 32 DISTRICT (E141)
Jefferson,E141,westk,12/27/2021 20:35:30.140709,0,363,21111-32-PRECINCT 141 32 DISTRICT (E141)
Jefferson,E142,bidenj,12/27/2021 20:35:30.140709,429,692,21111-32-PRECINCT 142 32 DISTRICT (E142)
Jefferson,E142,jorgensenj,12/27/2021 20:35:30.140709,10,692,21111-32-PRECINCT 142 32 DISTRICT (E142)
Jefferson,E142,pierceb,12/27/2021 20:35:30.140709,0,692,21111-32-PRECINCT 142 32 DISTRICT (E142)
Jefferson,E142,trumpd,12/27/2021 20:35:30.140709,250,692,21111-32-PRECINCT 142 32 DISTRICT (E142)
Jefferson,E142,westk,12/27/2021 20:35:30.140709,3,692,21111-32-PRECINCT 142 32 DISTRICT (E142)
Jefferson,E143,bidenj,12/27/2021 20:35:30.140709,377,566,21111-32-PRECINCT 143 32 DISTRICT (E143)
Jefferson,E143,jorgensenj,12/27/2021 20:35:30.140709,8,566,21111-32-PRECINCT 143 32 DISTRICT (E143)
Jefferson,E143,pierceb,12/27/2021 20:35:30.140709,0,566,21111-32-PRECINCT 143 32 DISTRICT (E143)
Jefferson,E143,trumpd,12/27/2021 20:35:30.140709,176,566,21111-32-PRECINCT 143 32 DISTRICT (E143)
Jefferson,E143,westk,12/27/2021 20:35:30.140709,5,566,21111-32-PRECINCT 143 32 DISTRICT (E143)
Jefferson,E144,bidenj,12/27/2021 20:35:30.140709,519,853,21111-32-PRECINCT 144 32 DISTRICT (E144)
Jefferson,E144,jorgensenj,12/27/2021 20:35:30.140709,17,853,21111-32-PRECINCT 144 32 DISTRICT (E144)
Jefferson,E144,pierceb,12/27/2021 20:35:30.140709,1,853,21111-32-PRECINCT 144 32 DISTRICT (E144)
Jefferson,E144,trumpd,12/27/2021 20:35:30.140709,314,853,21111-32-PRECINCT 144 32 DISTRICT (E144)
Jefferson,E144,westk,12/27/2021 20:35:30.140709,2,853,21111-32-PRECINCT 144 32 DISTRICT (E144)
Jefferson,E145,bidenj,12/27/2021 20:35:30.140709,470,829,21111-32-PRECINCT 145 32 DISTRICT (E145)
Jefferson,E145,jorgensenj,12/27/2021 20:35:30.140709,15,829,21111-32-PRECINCT 145 32 DISTRICT (E145)
Jefferson,E145,pierceb,12/27/2021 20:35:30.140709,2,829,21111-32-PRECINCT 145 32 DISTRICT (E145)
Jefferson,E145,trumpd,12/27/2021 20:35:30.140709,338,829,21111-32-PRECINCT 145 32 DISTRICT (E145)
Jefferson,E145,westk,12/27/2021 20:35:30.140709,4,829,21111-32-PRECINCT 145 32 DISTRICT (E145)
Jefferson,E148,bidenj,12/27/2021 20:35:30.140709,555,1024,21111-32-PRECINCT 148 32 DISTRICT (E148)
Jefferson,E148,jorgensenj,12/27/2021 20:35:30.140709,14,1024,21111-32-PRECINCT 148 32 DISTRICT (E148)
Jefferson,E148,pierceb,12/27/2021 20:35:30.140709,0,1024,21111-32-PRECINCT 148 32 DISTRICT (E148)
Jefferson,E148,trumpd,12/27/2021 20:35:30.140709,454,1024,21111-32-PRECINCT 148 32 DISTRICT (E148)
Jefferson,E148,westk,12/27/2021 20:35:30.140709,1,1024,21111-32-PRECINCT 148 32 DISTRICT (E148)
Jefferson,E152,bidenj,12/27/2021 20:35:30.140709,509,1017,21111-32-PRECINCT 152 32 DISTRICT (E152)
Jefferson,E152,jorgensenj,12/27/2021 20:35:30.140709,10,1017,21111-32-PRECINCT 152 32 DISTRICT (E152)
Jefferson,E152,pierceb,12/27/2021 20:35:30.140709,2,1017,21111-32-PRECINCT 152 32 DISTRICT (E152)
Jefferson,E152,trumpd,12/27/2021 20:35:30.140709,494,1017,21111-32-PRECINCT 152 32 DISTRICT (E152)
Jefferson,E152,westk,12/27/2021 20:35:30.140709,2,1017,21111-32-PRECINCT 152 32 DISTRICT (E152)
Jefferson,E154,bidenj,12/27/2021 20:35:30.140709,399,732,21111-32-PRECINCT 154 32 DISTRICT (E154)
Jefferson,E154,jorgensenj,12/27/2021 20:35:30.140709,3,732,21111-32-PRECINCT 154 32 DISTRICT (E154)
Jefferson,E154,pierceb,12/27/2021 20:35:30.140709,4,732,21111-32-PRECINCT 154 32 DISTRICT (E154)
Jefferson,E154,trumpd,12/27/2021 20:35:30.140709,325,732,21111-32-PRECINCT 154 32 DISTRICT (E154)
Jefferson,E154,westk,12/27/2021 20:35:30.140709,1,732,21111-32-PRECINCT 154 32 DISTRICT (E154)
Jefferson,E155,bidenj,12/27/2021 20:35:30.140709,518,850,21111-32-PRECINCT 155 32 DISTRICT (E155)
Jefferson,E155,jorgensenj,12/27/2021 20:35:30.140709,10,850,21111-32-PRECINCT 155 32 DISTRICT (E155)
Jefferson,E155,pierceb,12/27/2021 20:35:30.140709,1,850,21111-32-PRECINCT 155 32 DISTRICT (E155)
Jefferson,E155,trumpd,12/27/2021 20:35:30.140709,319,850,21111-32-PRECINCT 155 32 DISTRICT (E155)
Jefferson,E155,westk,12/27/2021 20:35:30.140709,2,850,21111-32-PRECINCT 155 32 DISTRICT (E155)
Jefferson,E157,bidenj,12/27/2021 20:35:30.140709,119,245,21111-32-PRECINCT 157 32 DISTRICT (E157)
Jefferson,E157,jorgensenj,12/27/2021 20:35:30.140709,4,245,21111-32-PRECINCT 157 32 DISTRICT (E157)
Jefferson,E157,pierceb,12/27/2021 20:35:30.140709,1,245,21111-32-PRECINCT 157 32 DISTRICT (E157)
Jefferson,E157,trumpd,12/27/2021 20:35:30.140709,121,245,21111-32-PRECINCT 157 32 DISTRICT (E157)
Jefferson,E157,westk,12/27/2021 20:35:30.140709,0,245,21111-32-PRECINCT 157 32 DISTRICT (E157)
Jefferson,E158,bidenj,12/27/2021 20:35:30.140709,294,516,21111-32-PRECINCT 158 32 DISTRICT (E158)
Jefferson,E158,jorgensenj,12/27/2021 20:35:30.140709,8,516,21111-32-PRECINCT 158 32 DISTRICT (E158)
Jefferson,E158,pierceb,12/27/2021 20:35:30.140709,2,516,21111-32-PRECINCT 158 32 DISTRICT (E158)
Jefferson,E158,trumpd,12/27/2021 20:35:30.140709,212,516,21111-32-PRECINCT 158 32 DISTRICT (E158)
Jefferson,E158,westk,12/27/2021 20:35:30.140709,0,516,21111-32-PRECINCT 158 32 DISTRICT (E158)
Jefferson,E159,bidenj,12/27/2021 20:35:30.140709,240,448,21111-32-PRECINCT 159 32 DISTRICT (E159)
Jefferson,E159,jorgensenj,12/27/2021 20:35:30.140709,4,448,21111-32-PRECINCT 159 32 DISTRICT (E159)
Jefferson,E159,pierceb,12/27/2021 20:35:30.140709,3,448,21111-32-PRECINCT 159 32 DISTRICT (E159)
Jefferson,E159,trumpd,12/27/2021 20:35:30.140709,201,448,21111-32-PRECINCT 159 32 DISTRICT (E159)
Jefferson,E159,westk,12/27/2021 20:35:30.140709,0,448,21111-32-PRECINCT 159 32 DISTRICT (E159)
Jefferson,E160,bidenj,12/27/2021 20:35:30.140709,341,720,21111-32-PRECINCT 160 32 DISTRICT (E160)
Jefferson,E160,jorgensenj,12/27/2021 20:35:30.140709,6,720,21111-32-PRECINCT 160 32 DISTRICT (E160)
Jefferson,E160,pierceb,12/27/2021 20:35:30.140709,2,720,21111-32-PRECINCT 160 32 DISTRICT (E160)
Jefferson,E160,trumpd,12/27/2021 20:35:30.140709,371,720,21111-32-PRECINCT 160 32 DISTRICT (E160)
Jefferson,E160,westk,12/27/2021 20:35:30.140709,0,720,21111-32-PRECINCT 160 32 DISTRICT (E160)
Jefferson,E161,bidenj,12/27/2021 20:35:30.140709,161,426,21111-32-PRECINCT 161 32 DISTRICT (E161)
Jefferson,E161,jorgensenj,12/27/2021 20:35:30.140709,3,426,21111-32-PRECINCT 161 32 DISTRICT (E161)
Jefferson,E161,pierceb,12/27/2021 20:35:30.140709,1,426,21111-32-PRECINCT 161 32 DISTRICT (E161)
Jefferson,E161,trumpd,12/27/2021 20:35:30.140709,260,426,21111-32-PRECINCT 161 32 DISTRICT (E161)
Jefferson,E161,westk,12/27/2021 20:35:30.140709,1,426,21111-32-PRECINCT 161 32 DISTRICT (E161)
Jefferson,E162,bidenj,12/27/2021 20:35:30.140709,216,303,21111-32-PRECINCT 162 32 DISTRICT (E162)
Jefferson,E162,jorgensenj,12/27/2021 20:35:30.140709,4,303,21111-32-PRECINCT 162 32 DISTRICT (E162)
Jefferson,E162,pierceb,12/27/2021 20:35:30.140709,1,303,21111-32-PRECINCT 162 32 DISTRICT (E162)
Jefferson,E162,trumpd,12/27/2021 20:35:30.140709,82,303,21111-32-PRECINCT 162 32 DISTRICT (E162)
Jefferson,E162,westk,12/27/2021 20:35:30.140709,0,303,21111-32-PRECINCT 162 32 DISTRICT (E162)
Jefferson,E163,bidenj,12/27/2021 20:35:30.140709,378,961,21111-32-PRECINCT 163 32 DISTRICT (E163)
Jefferson,E163,jorgensenj,12/27/2021 20:35:30.140709,6,961,21111-32-PRECINCT 163 32 DISTRICT (E163)
Jefferson,E163,pierceb,12/27/2021 20:35:30.140709,0,961,21111-32-PRECINCT 163 32 DISTRICT (E163)
Jefferson,E163,trumpd,12/27/2021 20:35:30.140709,576,961,21111-32-PRECINCT 163 32 DISTRICT (E163)
Jefferson,E163,westk,12/27/2021 20:35:30.140709,1,961,21111-32-PRECINCT 163 32 DISTRICT (E163)
Jefferson,E164,bidenj,12/27/2021 20:35:30.140709,395,893,21111-32-PRECINCT 164 32 DISTRICT (E164)
Jefferson,E164,jorgensenj,12/27/2021 20:35:30.140709,12,893,21111-32-PRECINCT 164 32 DISTRICT (E164)
Jefferson,E164,pierceb,12/27/2021 20:35:30.140709,1,893,21111-32-PRECINCT 164 32 DISTRICT (E164)
Jefferson,E164,trumpd,12/27/2021 20:35:30.140709,481,893,21111-32-PRECINCT 164 32 DISTRICT (E164)
Jefferson,E164,westk,12/27/2021 20:35:30.140709,4,893,21111-32-PRECINCT 164 32 DISTRICT (E164)
Jefferson,E165,bidenj,12/27/2021 20:35:30.140709,556,948,21111-32-PRECINCT 165 32 DISTRICT (E165)
Jefferson,E165,jorgensenj,12/27/2021 20:35:30.140709,6,948,21111-32-PRECINCT 165 32 DISTRICT (E165)
Jefferson,E165,pierceb,12/27/2021 20:35:30.140709,0,948,21111-32-PRECINCT 165 32 DISTRICT (E165)
Jefferson,E165,trumpd,12/27/2021 20:35:30.140709,382,948,21111-32-PRECINCT 165 32 DISTRICT (E165)
Jefferson,E165,westk,12/27/2021 20:35:30.140709,4,948,21111-32-PRECINCT 165 32 DISTRICT (E165)
Jefferson,E166,bidenj,12/27/2021 20:35:30.140709,262,528,21111-32-PRECINCT 166 32 DISTRICT (E166)
Jefferson,E166,jorgensenj,12/27/2021 20:35:30.140709,12,528,21111-32-PRECINCT 166 32 DISTRICT (E166)
Jefferson,E166,pierceb,12/27/2021 20:35:30.140709,1,528,21111-32-PRECINCT 166 32 DISTRICT (E166)
Jefferson,E166,trumpd,12/27/2021 20:35:30.140709,250,528,21111-32-PRECINCT 166 32 DISTRICT (E166)
Jefferson,E166,westk,12/27/2021 20:35:30.140709,3,528,21111-32-PRECINCT 166 32 DISTRICT (E166)
Jefferson,E167,bidenj,12/27/2021 20:35:30.140709,613,911,21111-32-PRECINCT 167 32 DISTRICT (E167)
Jefferson,E167,jorgensenj,12/27/2021 20:35:30.140709,9,911,21111-32-PRECINCT 167 32 DISTRICT (E167)
Jefferson,E167,pierceb,12/27/2021 20:35:30.140709,3,911,21111-32-PRECINCT 167 32 DISTRICT (E167)
Jefferson,E167,trumpd,12/27/2021 20:35:30.140709,282,911,21111-32-PRECINCT 167 32 DISTRICT (E167)
Jefferson,E167,westk,12/27/2021 20:35:30.140709,4,911,21111-32-PRECINCT 167 32 DISTRICT (E167)
Jefferson,E168,bidenj,12/27/2021 20:35:30.140709,185,427,21111-32-PRECINCT 168 32 DISTRICT (E168)
Jefferson,E168,jorgensenj,12/27/2021 20:35:30.140709,4,427,21111-32-PRECINCT 168 32 DISTRICT (E168)
Jefferson,E168,pierceb,12/27/2021 20:35:30.140709,0,427,21111-32-PRECINCT 168 32 DISTRICT (E168)
Jefferson,E168,trumpd,12/27/2021 20:35:30.140709,236,427,21111-32-PRECINCT 168 32 DISTRICT (E168)
Jefferson,E168,westk,12/27/2021 20:35:30.140709,2,427,21111-32-PRECINCT 168 32 DISTRICT (E168)
Jefferson,E169,bidenj,12/27/2021 20:35:30.140709,558,1167,21111-32-PRECINCT 169 32 DISTRICT (E169)
Jefferson,E169,jorgensenj,12/27/2021 20:35:30.140709,12,1167,21111-32-PRECINCT 169 32 DISTRICT (E169)
Jefferson,E169,pierceb,12/27/2021 20:35:30.140709,1,1167,21111-32-PRECINCT 169 32 DISTRICT (E169)
Jefferson,E169,trumpd,12/27/2021 20:35:30.140709,595,1167,21111-32-PRECINCT 169 32 DISTRICT (E169)
Jefferson,E169,westk,12/27/2021 20:35:30.140709,1,1167,21111-32-PRECINCT 169 32 DISTRICT (E169)
Jefferson,E171,bidenj,12/27/2021 20:35:30.140709,335,566,21111-32-PRECINCT 171 32 DISTRICT (E171)
Jefferson,E171,jorgensenj,12/27/2021 20:35:30.140709,8,566,21111-32-PRECINCT 171 32 DISTRICT (E171)
Jefferson,E171,pierceb,12/27/2021 20:35:30.140709,3,566,21111-32-PRECINCT 171 32 DISTRICT (E171)
Jefferson,E171,trumpd,12/27/2021 20:35:30.140709,220,566,21111-32-PRECINCT 171 32 DISTRICT (E171)
Jefferson,E171,westk,12/27/2021 20:35:30.140709,0,566,21111-32-PRECINCT 171 32 DISTRICT (E171)
Jefferson,E173,bidenj,12/27/2021 20:35:30.140709,347,509,21111-32-PRECINCT 173 32 DISTRICT (E173)
Jefferson,E173,jorgensenj,12/27/2021 20:35:30.140709,9,509,21111-32-PRECINCT 173 32 DISTRICT (E173)
Jefferson,E173,pierceb,12/27/2021 20:35:30.140709,6,509,21111-32-PRECINCT 173 32 DISTRICT (E173)
Jefferson,E173,trumpd,12/27/2021 20:35:30.140709,142,509,21111-32-PRECINCT 173 32 DISTRICT (E173)
Jefferson,E173,westk,12/27/2021 20:35:30.140709,5,509,21111-32-PRECINCT 173 32 DISTRICT (E173)
Jefferson,E175,bidenj,12/27/2021 20:35:30.140709,322,502,21111-32-PRECINCT 175 32 DISTRICT (E175)
Jefferson,E175,jorgensenj,12/27/2021 20:35:30.140709,4,502,21111-32-PRECINCT 175 32 DISTRICT (E175)
Jefferson,E175,pierceb,12/27/2021 20:35:30.140709,0,502,21111-32-PRECINCT 175 32 DISTRICT (E175)
Jefferson,E175,trumpd,12/27/2021 20:35:30.140709,174,502,21111-32-PRECINCT 175 32 DISTRICT (E175)
Jefferson,E175,westk,12/27/2021 20:35:30.140709,2,502,21111-32-PRECINCT 175 32 DISTRICT (E175)
Jefferson,E176,bidenj,12/27/2021 20:35:30.140709,227,370,21111-32-PRECINCT 176 32 DISTRICT (E176)
Jefferson,E176,jorgensenj,12/27/2021 20:35:30.140709,6,370,21111-32-PRECINCT 176 32 DISTRICT (E176)
Jefferson,E176,pierceb,12/27/2021 20:35:30.140709,0,370,21111-32-PRECINCT 176 32 DISTRICT (E176)
Jefferson,E176,trumpd,12/27/2021 20:35:30.140709,137,370,21111-32-PRECINCT 176 32 DISTRICT (E176)
Jefferson,E176,westk,12/27/2021 20:35:30.140709,0,370,21111-32-PRECINCT 176 32 DISTRICT (E176)
Jefferson,E177,bidenj,12/27/2021 20:35:30.140709,147,331,21111-32-PRECINCT 177 32 DISTRICT (E177)
Jefferson,E177,jorgensenj,12/27/2021 20:35:30.140709,2,331,21111-32-PRECINCT 177 32 DISTRICT (E177)
Jefferson,E177,pierceb,12/27/2021 20:35:30.140709,3,331,21111-32-PRECINCT 177 32 DISTRICT (E177)
Jefferson,E177,trumpd,12/27/2021 20:35:30.140709,179,331,21111-32-PRECINCT 177 32 DISTRICT (E177)
Jefferson,E177,westk,12/27/2021 20:35:30.140709,0,331,21111-32-PRECINCT 177 32 DISTRICT (E177)
Jefferson,E178,bidenj,12/27/2021 20:35:30.140709,353,742,21111-32-PRECINCT 178 32 DISTRICT (E178)
Jefferson,E178,jorgensenj,12/27/2021 20:35:30.140709,9,742,21111-32-PRECINCT 178 32 DISTRICT (E178)
Jefferson,E178,pierceb,12/27/2021 20:35:30.140709,1,742,21111-32-PRECINCT 178 32 DISTRICT (E178)
Jefferson,E178,trumpd,12/27/2021 20:35:30.140709,372,742,21111-32-PRECINCT 178 32 DISTRICT (E178)
Jefferson,E178,westk,12/27/2021 20:35:30.140709,7,742,21111-32-PRECINCT 178 32 DISTRICT (E178)
Jefferson,E179,bidenj,12/27/2021 20:35:30.140709,363,734,21111-32-PRECINCT 179 32 DISTRICT (E179)
Jefferson,E179,jorgensenj,12/27/2021 20:35:30.140709,8,734,21111-32-PRECINCT 179 32 DISTRICT (E179)
Jefferson,E179,pierceb,12/27/2021 20:35:30.140709,3,734,21111-32-PRECINCT 179 32 DISTRICT (E179)
Jefferson,E179,trumpd,12/27/2021 20:35:30.140709,360,734,21111-32-PRECINCT 179 32 DISTRICT (E179)
Jefferson,E179,westk,12/27/2021 20:35:30.140709,0,734,21111-32-PRECINCT 179 32 DISTRICT (E179)
Jefferson,E180,bidenj,12/27/2021 20:35:30.140709,396,670,21111-32-PRECINCT 180 32 DISTRICT (E180)
Jefferson,E180,jorgensenj,12/27/2021 20:35:30.140709,14,670,21111-32-PRECINCT 180 32 DISTRICT (E180)
Jefferson,E180,pierceb,12/27/2021 20:35:30.140709,0,670,21111-32-PRECINCT 180 32 DISTRICT (E180)
Jefferson,E180,trumpd,12/27/2021 20:35:30.140709,259,670,21111-32-PRECINCT 180 32 DISTRICT (E180)
Jefferson,E180,westk,12/27/2021 20:35:30.140709,1,670,21111-32-PRECINCT 180 32 DISTRICT (E180)
Jefferson,E181,bidenj,12/27/2021 20:35:30.140709,514,903,21111-32-PRECINCT 181 32 DISTRICT (E181)
Jefferson,E181,jorgensenj,12/27/2021 20:35:30.140709,10,903,21111-32-PRECINCT 181 32 DISTRICT (E181)
Jefferson,E181,pierceb,12/27/2021 20:35:30.140709,2,903,21111-32-PRECINCT 181 32 DISTRICT (E181)
Jefferson,E181,trumpd,12/27/2021 20:35:30.140709,376,903,21111-32-PRECINCT 181 32 DISTRICT (E181)
Jefferson,E181,westk,12/27/2021 20:35:30.140709,1,903,21111-32-PRECINCT 181 32 DISTRICT (E181)
Jefferson,E182,bidenj,12/27/2021 20:35:30.140709,889,1721,21111-32-PRECINCT 182 32 DISTRICT (E182)
Jefferson,E182,jorgensenj,12/27/2021 20:35:30.140709,12,1721,21111-32-PRECINCT 182 32 DISTRICT (E182)
Jefferson,E182,pierceb,12/27/2021 20:35:30.140709,4,1721,21111-32-PRECINCT 182 32 DISTRICT (E182)
Jefferson,E182,trumpd,12/27/2021 20:35:30.140709,807,1721,21111-32-PRECINCT 182 32 DISTRICT (E182)
Jefferson,E182,westk,12/27/2021 20:35:30.140709,9,1721,21111-32-PRECINCT 182 32 DISTRICT (E182)
Jefferson,E183,bidenj,12/27/2021 20:35:30.140709,374,655,21111-32-PRECINCT 183 32 DISTRICT (E183)
Jefferson,E183,jorgensenj,12/27/2021 20:35:30.140709,8,655,21111-32-PRECINCT 183 32 DISTRICT (E183)
Jefferson,E183,pierceb,12/27/2021 20:35:30.140709,0,655,21111-32-PRECINCT 183 32 DISTRICT (E183)
Jefferson,E183,trumpd,12/27/2021 20:35:30.140709,272,655,21111-32-PRECINCT 183 32 DISTRICT (E183)
Jefferson,E183,westk,12/27/2021 20:35:30.140709,1,655,21111-32-PRECINCT 183 32 DISTRICT (E183)
Jefferson,E184,bidenj,12/27/2021 20:35:30.140709,341,640,21111-32-PRECINCT 184 32 DISTRICT (E184)
Jefferson,E184,jorgensenj,12/27/2021 20:35:30.140709,9,640,21111-32-PRECINCT 184 32 DISTRICT (E184)
Jefferson,E184,pierceb,12/27/2021 20:35:30.140709,2,640,21111-32-PRECINCT 184 32 DISTRICT (E184)
Jefferson,E184,trumpd,12/27/2021 20:35:30.140709,288,640,21111-32-PRECINCT 184 32 DISTRICT (E184)
Jefferson,E184,westk,12/27/2021 20:35:30.140709,0,640,21111-32-PRECINCT 184 32 DISTRICT (E184)
Jefferson,E185,bidenj,12/27/2021 20:35:30.140709,202,295,21111-32-PRECINCT 185 32 DISTRICT (E185)
Jefferson,E185,jorgensenj,12/27/2021 20:35:30.140709,5,295,21111-32-PRECINCT 185 32 DISTRICT (E185)
Jefferson,E185,pierceb,12/27/2021 20:35:30.140709,2,295,21111-32-PRECINCT 185 32 DISTRICT (E185)
Jefferson,E185,trumpd,12/27/2021 20:35:30.140709,84,295,21111-32-PRECINCT 185 32 DISTRICT (E185)
Jefferson,E185,westk,12/27/2021 20:35:30.140709,2,295,21111-32-PRECINCT 185 32 DISTRICT (E185)
Jefferson,F106,bidenj,12/27/2021 20:35:30.140709,516,968,21111-33-PRECINCT 106 33 DISTRICT (F106)
Jefferson,F106,jorgensenj,12/27/2021 20:35:30.140709,13,968,21111-33-PRECINCT 106 33 DISTRICT (F106)
Jefferson,F106,pierceb,12/27/2021 20:35:30.140709,2,968,21111-33-PRECINCT 106 33 DISTRICT (F106)
Jefferson,F106,trumpd,12/27/2021 20:35:30.140709,433,968,21111-33-PRECINCT 106 33 DISTRICT (F106)
Jefferson,F106,westk,12/27/2021 20:35:30.140709,4,968,21111-33-PRECINCT 106 33 DISTRICT (F106)
Jefferson,F145,bidenj,12/27/2021 20:35:30.140709,592,1170,21111-33-PRECINCT 145 33 DISTRICT (F145)
Jefferson,F145,jorgensenj,12/27/2021 20:35:30.140709,17,1170,21111-33-PRECINCT 145 33 DISTRICT (F145)
Jefferson,F145,pierceb,12/27/2021 20:35:30.140709,1,1170,21111-33-PRECINCT 145 33 DISTRICT (F145)
Jefferson,F145,trumpd,12/27/2021 20:35:30.140709,559,1170,21111-33-PRECINCT 145 33 DISTRICT (F145)
Jefferson,F145,westk,12/27/2021 20:35:30.140709,1,1170,21111-33-PRECINCT 145 33 DISTRICT (F145)
Jefferson,F151,bidenj,12/27/2021 20:35:30.140709,597,1206,21111-33-PRECINCT 151 33 DISTRICT (F151)
Jefferson,F151,jorgensenj,12/27/2021 20:35:30.140709,12,1206,21111-33-PRECINCT 151 33 DISTRICT (F151)
Jefferson,F151,pierceb,12/27/2021 20:35:30.140709,2,1206,21111-33-PRECINCT 151 33 DISTRICT (F151)
Jefferson,F151,trumpd,12/27/2021 20:35:30.140709,590,1206,21111-33-PRECINCT 151 33 DISTRICT (F151)
Jefferson,F151,westk,12/27/2021 20:35:30.140709,5,1206,21111-33-PRECINCT 151 33 DISTRICT (F151)
Jefferson,F152,bidenj,12/27/2021 20:35:30.140709,527,1141,21111-33-PRECINCT 152 33 DISTRICT (F152)
Jefferson,F152,jorgensenj,12/27/2021 20:35:30.140709,15,1141,21111-33-PRECINCT 152 33 DISTRICT (F152)
Jefferson,F152,pierceb,12/27/2021 20:35:30.140709,0,1141,21111-33-PRECINCT 152 33 DISTRICT (F152)
Jefferson,F152,trumpd,12/27/2021 20:35:30.140709,599,1141,21111-33-PRECINCT 152 33 DISTRICT (F152)
Jefferson,F152,westk,12/27/2021 20:35:30.140709,0,1141,21111-33-PRECINCT 152 33 DISTRICT (F152)
Jefferson,F153,bidenj,12/27/2021 20:35:30.140709,428,881,21111-33-PRECINCT 153 33 DISTRICT (F153)
Jefferson,F153,jorgensenj,12/27/2021 20:35:30.140709,15,881,21111-33-PRECINCT 153 33 DISTRICT (F153)
Jefferson,F153,pierceb,12/27/2021 20:35:30.140709,3,881,21111-33-PRECINCT 153 33 DISTRICT (F153)
Jefferson,F153,trumpd,12/27/2021 20:35:30.140709,434,881,21111-33-PRECINCT 153 33 DISTRICT (F153)
Jefferson,F153,westk,12/27/2021 20:35:30.140709,1,881,21111-33-PRECINCT 153 33 DISTRICT (F153)
Jefferson,F154,bidenj,12/27/2021 20:35:30.140709,394,846,21111-33-PRECINCT 154 33 DISTRICT (F154)
Jefferson,F154,jorgensenj,12/27/2021 20:35:30.140709,9,846,21111-33-PRECINCT 154 33 DISTRICT (F154)
Jefferson,F154,pierceb,12/27/2021 20:35:30.140709,1,846,21111-33-PRECINCT 154 33 DISTRICT (F154)
Jefferson,F154,trumpd,12/27/2021 20:35:30.140709,439,846,21111-33-PRECINCT 154 33 DISTRICT (F154)
Jefferson,F154,westk,12/27/2021 20:35:30.140709,3,846,21111-33-PRECINCT 154 33 DISTRICT (F154)
Jefferson,F155,bidenj,12/27/2021 20:35:30.140709,213,452,21111-33-PRECINCT 155 33 DISTRICT (F155)
Jefferson,F155,jorgensenj,12/27/2021 20:35:30.140709,5,452,21111-33-PRECINCT 155 33 DISTRICT (F155)
Jefferson,F155,pierceb,12/27/2021 20:35:30.140709,0,452,21111-33-PRECINCT 155 33 DISTRICT (F155)
Jefferson,F155,trumpd,12/27/2021 20:35:30.140709,231,452,21111-33-PRECINCT 155 33 DISTRICT (F155)
Jefferson,F155,westk,12/27/2021 20:35:30.140709,3,452,21111-33-PRECINCT 155 33 DISTRICT (F155)
Jefferson,F156,bidenj,12/27/2021 20:35:30.140709,489,961,21111-33-PRECINCT 156 33 DISTRICT (F156)
Jefferson,F156,jorgensenj,12/27/2021 20:35:30.140709,16,961,21111-33-PRECINCT 156 33 DISTRICT (F156)
Jefferson,F156,pierceb,12/27/2021 20:35:30.140709,0,961,21111-33-PRECINCT 156 33 DISTRICT (F156)
Jefferson,F156,trumpd,12/27/2021 20:35:30.140709,453,961,21111-33-PRECINCT 156 33 DISTRICT (F156)
Jefferson,F156,westk,12/27/2021 20:35:30.140709,3,961,21111-33-PRECINCT 156 33 DISTRICT (F156)
Jefferson,F158,bidenj,12/27/2021 20:35:30.140709,136,311,21111-33-PRECINCT 158 33 DISTRICT (F158)
Jefferson,F158,jorgensenj,12/27/2021 20:35:30.140709,5,311,21111-33-PRECINCT 158 33 DISTRICT (F158)
Jefferson,F158,pierceb,12/27/2021 20:35:30.140709,0,311,21111-33-PRECINCT 158 33 DISTRICT (F158)
Jefferson,F158,trumpd,12/27/2021 20:35:30.140709,169,311,21111-33-PRECINCT 158 33 DISTRICT (F158)
Jefferson,F158,westk,12/27/2021 20:35:30.140709,1,311,21111-33-PRECINCT 158 33 DISTRICT (F158)
Jefferson,F161,bidenj,12/27/2021 20:35:30.140709,286,655,21111-33-PRECINCT 161 33 DISTRICT (F161)
Jefferson,F161,jorgensenj,12/27/2021 20:35:30.140709,8,655,21111-33-PRECINCT 161 33 DISTRICT (F161)
Jefferson,F161,pierceb,12/27/2021 20:35:30.140709,0,655,21111-33-PRECINCT 161 33 DISTRICT (F161)
Jefferson,F161,trumpd,12/27/2021 20:35:30.140709,360,655,21111-33-PRECINCT 161 33 DISTRICT (F161)
Jefferson,F161,westk,12/27/2021 20:35:30.140709,1,655,21111-33-PRECINCT 161 33 DISTRICT (F161)
Jefferson,F163,bidenj,12/27/2021 20:35:30.140709,330,711,21111-33-PRECINCT 163 33 DISTRICT (F163)
Jefferson,F163,jorgensenj,12/27/2021 20:35:30.140709,3,711,21111-33-PRECINCT 163 33 DISTRICT (F163)
Jefferson,F163,pierceb,12/27/2021 20:35:30.140709,2,711,21111-33-PRECINCT 163 33 DISTRICT (F163)
Jefferson,F163,trumpd,12/27/2021 20:35:30.140709,376,711,21111-33-PRECINCT 163 33 DISTRICT (F163)
Jefferson,F163,westk,12/27/2021 20:35:30.140709,0,711,21111-33-PRECINCT 163 33 DISTRICT (F163)
Jefferson,F164,bidenj,12/27/2021 20:35:30.140709,326,822,21111-33-PRECINCT 164 33 DISTRICT (F164)
Jefferson,F164,jorgensenj,12/27/2021 20:35:30.140709,8,822,21111-33-PRECINCT 164 33 DISTRICT (F164)
Jefferson,F164,pierceb,12/27/2021 20:35:30.140709,2,822,21111-33-PRECINCT 164 33 DISTRICT (F164)
Jefferson,F164,trumpd,12/27/2021 20:35:30.140709,485,822,21111-33-PRECINCT 164 33 DISTRICT (F164)
Jefferson,F164,westk,12/27/2021 20:35:30.140709,1,822,21111-33-PRECINCT 164 33 DISTRICT (F164)
Jefferson,F166,bidenj,12/27/2021 20:35:30.140709,324,798,21111-33-PRECINCT 166 33 DISTRICT (F166)
Jefferson,F166,jorgensenj,12/27/2021 20:35:30.140709,11,798,21111-33-PRECINCT 166 33 DISTRICT (F166)
Jefferson,F166,pierceb,12/27/2021 20:35:30.140709,2,798,21111-33-PRECINCT 166 33 DISTRICT (F166)
Jefferson,F166,trumpd,12/27/2021 20:35:30.140709,460,798,21111-33-PRECINCT 166 33 DISTRICT (F166)
Jefferson,F166,westk,12/27/2021 20:35:30.140709,1,798,21111-33-PRECINCT 166 33 DISTRICT (F166)
Jefferson,F167,bidenj,12/27/2021 20:35:30.140709,402,674,21111-33-PRECINCT 167 33 DISTRICT (F167)
Jefferson,F167,jorgensenj,12/27/2021 20:35:30.140709,10,674,21111-33-PRECINCT 167 33 DISTRICT (F167)
Jefferson,F167,pierceb,12/27/2021 20:35:30.140709,1,674,21111-33-PRECINCT 167 33 DISTRICT (F167)
Jefferson,F167,trumpd,12/27/2021 20:35:30.140709,257,674,21111-33-PRECINCT 167 33 DISTRICT (F167)
Jefferson,F167,westk,12/27/2021 20:35:30.140709,4,674,21111-33-PRECINCT 167 33 DISTRICT (F167)
Jefferson,F169,bidenj,12/27/2021 20:35:30.140709,235,398,21111-33-PRECINCT 169 33 DISTRICT (F169)
Jefferson,F169,jorgensenj,12/27/2021 20:35:30.140709,0,398,21111-33-PRECINCT 169 33 DISTRICT (F169)
Jefferson,F169,pierceb,12/27/2021 20:35:30.140709,0,398,21111-33-PRECINCT 169 33 DISTRICT (F169)
Jefferson,F169,trumpd,12/27/2021 20:35:30.140709,163,398,21111-33-PRECINCT 169 33 DISTRICT (F169)
Jefferson,F169,westk,12/27/2021 20:35:30.140709,0,398,21111-33-PRECINCT 169 33 DISTRICT (F169)
Jefferson,F170,bidenj,12/27/2021 20:35:30.140709,287,459,21111-33-PRECINCT 170 33 DISTRICT (F170)
Jefferson,F170,jorgensenj,12/27/2021 20:35:30.140709,5,459,21111-33-PRECINCT 170 33 DISTRICT (F170)
Jefferson,F170,pierceb,12/27/2021 20:35:30.140709,0,459,21111-33-PRECINCT 170 33 DISTRICT (F170)
Jefferson,F170,trumpd,12/27/2021 20:35:30.140709,164,459,21111-33-PRECINCT 170 33 DISTRICT (F170)
Jefferson,F170,westk,12/27/2021 20:35:30.140709,3,459,21111-33-PRECINCT 170 33 DISTRICT (F170)
Jefferson,F171,bidenj,12/27/2021 20:35:30.140709,389,815,21111-33-PRECINCT 171 33 DISTRICT (F171)
Jefferson,F171,jorgensenj,12/27/2021 20:35:30.140709,11,815,21111-33-PRECINCT 171 33 DISTRICT (F171)
Jefferson,F171,pierceb,12/27/2021 20:35:30.140709,2,815,21111-33-PRECINCT 171 33 DISTRICT (F171)
Jefferson,F171,trumpd,12/27/2021 20:35:30.140709,410,815,21111-33-PRECINCT 171 33 DISTRICT (F171)
Jefferson,F171,westk,12/27/2021 20:35:30.140709,3,815,21111-33-PRECINCT 171 33 DISTRICT (F171)
Jefferson,F172,bidenj,12/27/2021 20:35:30.140709,375,723,21111-33-PRECINCT 172 33 DISTRICT (F172)
Jefferson,F172,jorgensenj,12/27/2021 20:35:30.140709,16,723,21111-33-PRECINCT 172 33 DISTRICT (F172)
Jefferson,F172,pierceb,12/27/2021 20:35:30.140709,2,723,21111-33-PRECINCT 172 33 DISTRICT (F172)
Jefferson,F172,trumpd,12/27/2021 20:35:30.140709,327,723,21111-33-PRECINCT 172 33 DISTRICT (F172)
Jefferson,F172,westk,12/27/2021 20:35:30.140709,3,723,21111-33-PRECINCT 172 33 DISTRICT (F172)
Jefferson,F176,bidenj,12/27/2021 20:35:30.140709,316,653,21111-33-PRECINCT 176 33 DISTRICT (F176)
Jefferson,F176,jorgensenj,12/27/2021 20:35:30.140709,15,653,21111-33-PRECINCT 176 33 DISTRICT (F176)
Jefferson,F176,pierceb,12/27/2021 20:35:30.140709,1,653,21111-33-PRECINCT 176 33 DISTRICT (F176)
Jefferson,F176,trumpd,12/27/2021 20:35:30.140709,319,653,21111-33-PRECINCT 176 33 DISTRICT (F176)
Jefferson,F176,westk,12/27/2021 20:35:30.140709,2,653,21111-33-PRECINCT 176 33 DISTRICT (F176)
Jefferson,F179,bidenj,12/27/2021 20:35:30.140709,451,833,21111-33-PRECINCT 179 33 DISTRICT (F179)
Jefferson,F179,jorgensenj,12/27/2021 20:35:30.140709,15,833,21111-33-PRECINCT 179 33 DISTRICT (F179)
Jefferson,F179,pierceb,12/27/2021 20:35:30.140709,2,833,21111-33-PRECINCT 179 33 DISTRICT (F179)
Jefferson,F179,trumpd,12/27/2021 20:35:30.140709,363,833,21111-33-PRECINCT 179 33 DISTRICT (F179)
Jefferson,F179,westk,12/27/2021 20:35:30.140709,2,833,21111-33-PRECINCT 179 33 DISTRICT (F179)
Jefferson,F180,bidenj,12/27/2021 20:35:30.140709,674,1211,21111-33-PRECINCT 180 33 DISTRICT (F180)
Jefferson,F180,jorgensenj,12/27/2021 20:35:30.140709,32,1211,21111-33-PRECINCT 180 33 DISTRICT (F180)
Jefferson,F180,pierceb,12/27/2021 20:35:30.140709,3,1211,21111-33-PRECINCT 180 33 DISTRICT (F180)
Jefferson,F180,trumpd,12/27/2021 20:35:30.140709,496,1211,21111-33-PRECINCT 180 33 DISTRICT (F180)
Jefferson,F180,westk,12/27/2021 20:35:30.140709,6,1211,21111-33-PRECINCT 180 33 DISTRICT (F180)
Jefferson,F181,bidenj,12/27/2021 20:35:30.140709,683,1144,21111-33-PRECINCT 181 33 DISTRICT (F181)
Jefferson,F181,jorgensenj,12/27/2021 20:35:30.140709,10,1144,21111-33-PRECINCT 181 33 DISTRICT (F181)
Jefferson,F181,pierceb,12/27/2021 20:35:30.140709,1,1144,21111-33-PRECINCT 181 33 DISTRICT (F181)
Jefferson,F181,trumpd,12/27/2021 20:35:30.140709,448,1144,21111-33-PRECINCT 181 33 DISTRICT (F181)
Jefferson,F181,westk,12/27/2021 20:35:30.140709,2,1144,21111-33-PRECINCT 181 33 DISTRICT (F181)
Jefferson,F182,bidenj,12/27/2021 20:35:30.140709,698,1224,21111-33-PRECINCT 182 33 DISTRICT (F182)
Jefferson,F182,jorgensenj,12/27/2021 20:35:30.140709,24,1224,21111-33-PRECINCT 182 33 DISTRICT (F182)
Jefferson,F182,pierceb,12/27/2021 20:35:30.140709,3,1224,21111-33-PRECINCT 182 33 DISTRICT (F182)
Jefferson,F182,trumpd,12/27/2021 20:35:30.140709,492,1224,21111-33-PRECINCT 182 33 DISTRICT (F182)
Jefferson,F182,westk,12/27/2021 20:35:30.140709,7,1224,21111-33-PRECINCT 182 33 DISTRICT (F182)
Jefferson,F183,bidenj,12/27/2021 20:35:30.140709,171,432,21111-33-PRECINCT 183 33 DISTRICT (F183)
Jefferson,F183,jorgensenj,12/27/2021 20:35:30.140709,3,432,21111-33-PRECINCT 183 33 DISTRICT (F183)
Jefferson,F183,pierceb,12/27/2021 20:35:30.140709,0,432,21111-33-PRECINCT 183 33 DISTRICT (F183)
Jefferson,F183,trumpd,12/27/2021 20:35:30.140709,257,432,21111-33-PRECINCT 183 33 DISTRICT (F183)
Jefferson,F183,westk,12/27/2021 20:35:30.140709,1,432,21111-33-PRECINCT 183 33 DISTRICT (F183)
Jefferson,F184,bidenj,12/27/2021 20:35:30.140709,491,916,21111-33-PRECINCT 184 33 DISTRICT (F184)
Jefferson,F184,jorgensenj,12/27/2021 20:35:30.140709,10,916,21111-33-PRECINCT 184 33 DISTRICT (F184)
Jefferson,F184,pierceb,12/27/2021 20:35:30.140709,0,916,21111-33-PRECINCT 184 33 DISTRICT (F184)
Jefferson,F184,trumpd,12/27/2021 20:35:30.140709,412,916,21111-33-PRECINCT 184 33 DISTRICT (F184)
Jefferson,F184,westk,12/27/2021 20:35:30.140709,3,916,21111-33-PRECINCT 184 33 DISTRICT (F184)
Jefferson,F185,bidenj,12/27/2021 20:35:30.140709,535,785,21111-33-PRECINCT 185 33 DISTRICT (F185)
Jefferson,F185,jorgensenj,12/27/2021 20:35:30.140709,9,785,21111-33-PRECINCT 185 33 DISTRICT (F185)
Jefferson,F185,pierceb,12/27/2021 20:35:30.140709,2,785,21111-33-PRECINCT 185 33 DISTRICT (F185)
Jefferson,F185,trumpd,12/27/2021 20:35:30.140709,234,785,21111-33-PRECINCT 185 33 DISTRICT (F185)
Jefferson,F185,westk,12/27/2021 20:35:30.140709,5,785,21111-33-PRECINCT 185 33 DISTRICT (F185)
Jefferson,F186,bidenj,12/27/2021 20:35:30.140709,808,1209,21111-33-PRECINCT 186 33 DISTRICT (F186)
Jefferson,F186,jorgensenj,12/27/2021 20:35:30.140709,33,1209,21111-33-PRECINCT 186 33 DISTRICT (F186)
Jefferson,F186,pierceb,12/27/2021 20:35:30.140709,5,1209,21111-33-PRECINCT 186 33 DISTRICT (F186)
Jefferson,F186,trumpd,12/27/2021 20:35:30.140709,353,1209,21111-33-PRECINCT 186 33 DISTRICT (F186)
Jefferson,F186,westk,12/27/2021 20:35:30.140709,10,1209,21111-33-PRECINCT 186 33 DISTRICT (F186)
Jefferson,F187,bidenj,12/27/2021 20:35:30.140709,415,699,21111-33-PRECINCT 187 33 DISTRICT (F187)
Jefferson,F187,jorgensenj,12/27/2021 20:35:30.140709,13,699,21111-33-PRECINCT 187 33 DISTRICT (F187)
Jefferson,F187,pierceb,12/27/2021 20:35:30.140709,1,699,21111-33-PRECINCT 187 33 DISTRICT (F187)
Jefferson,F187,trumpd,12/27/2021 20:35:30.140709,265,699,21111-33-PRECINCT 187 33 DISTRICT (F187)
Jefferson,F187,westk,12/27/2021 20:35:30.140709,5,699,21111-33-PRECINCT 187 33 DISTRICT (F187)
Jefferson,G103,bidenj,12/27/2021 20:35:30.140709,489,569,21111-34-PRECINCT 103 34 DISTRICT (G103)
Jefferson,G103,jorgensenj,12/27/2021 20:35:30.140709,10,569,21111-34-PRECINCT 103 34 DISTRICT (G103)
Jefferson,G103,pierceb,12/27/2021 20:35:30.140709,0,569,21111-34-PRECINCT 103 34 DISTRICT (G103)
Jefferson,G103,trumpd,12/27/2021 20:35:30.140709,70,569,21111-34-PRECINCT 103 34 DISTRICT (G103)
Jefferson,G103,westk,12/27/2021 20:35:30.140709,0,569,21111-34-PRECINCT 103 34 DISTRICT (G103)
Jefferson,G104,bidenj,12/27/2021 20:35:30.140709,363,463,21111-34-PRECINCT 104 34 DISTRICT (G104)
Jefferson,G104,jorgensenj,12/27/2021 20:35:30.140709,9,463,21111-34-PRECINCT 104 34 DISTRICT (G104)
Jefferson,G104,pierceb,12/27/2021 20:35:30.140709,2,463,21111-34-PRECINCT 104 34 DISTRICT (G104)
Jefferson,G104,trumpd,12/27/2021 20:35:30.140709,86,463,21111-34-PRECINCT 104 34 DISTRICT (G104)
Jefferson,G104,westk,12/27/2021 20:35:30.140709,3,463,21111-34-PRECINCT 104 34 DISTRICT (G104)
Jefferson,G106,bidenj,12/27/2021 20:35:30.140709,480,570,21111-34-PRECINCT 106 34 DISTRICT (G106)
Jefferson,G106,jorgensenj,12/27/2021 20:35:30.140709,5,570,21111-34-PRECINCT 106 34 DISTRICT (G106)
Jefferson,G106,pierceb,12/27/2021 20:35:30.140709,0,570,21111-34-PRECINCT 106 34 DISTRICT (G106)
Jefferson,G106,trumpd,12/27/2021 20:35:30.140709,85,570,21111-34-PRECINCT 106 34 DISTRICT (G106)
Jefferson,G106,westk,12/27/2021 20:35:30.140709,0,570,21111-34-PRECINCT 106 34 DISTRICT (G106)
Jefferson,G107,bidenj,12/27/2021 20:35:30.140709,508,611,21111-34-PRECINCT 107 34 DISTRICT (G107)
Jefferson,G107,jorgensenj,12/27/2021 20:35:30.140709,5,611,21111-34-PRECINCT 107 34 DISTRICT (G107)
Jefferson,G107,pierceb,12/27/2021 20:35:30.140709,1,611,21111-34-PRECINCT 107 34 DISTRICT (G107)
Jefferson,G107,trumpd,12/27/2021 20:35:30.140709,93,611,21111-34-PRECINCT 107 34 DISTRICT (G107)
Jefferson,G107,westk,12/27/2021 20:35:30.140709,4,611,21111-34-PRECINCT 107 34 DISTRICT (G107)
Jefferson,G108,bidenj,12/27/2021 20:35:30.140709,365,446,21111-34-PRECINCT 108 34 DISTRICT (G108)
Jefferson,G108,jorgensenj,12/27/2021 20:35:30.140709,4,446,21111-34-PRECINCT 108 34 DISTRICT (G108)
Jefferson,G108,pierceb,12/27/2021 20:35:30.140709,0,446,21111-34-PRECINCT 108 34 DISTRICT (G108)
Jefferson,G108,trumpd,12/27/2021 20:35:30.140709,76,446,21111-34-PRECINCT 108 34 DISTRICT (G108)
Jefferson,G108,westk,12/27/2021 20:35:30.140709,1,446,21111-34-PRECINCT 108 34 DISTRICT (G108)
Jefferson,G109,bidenj,12/27/2021 20:35:30.140709,729,882,21111-34-PRECINCT 109 34 DISTRICT (G109)
Jefferson,G109,jorgensenj,12/27/2021 20:35:30.140709,9,882,21111-34-PRECINCT 109 34 DISTRICT (G109)
Jefferson,G109,pierceb,12/27/2021 20:35:30.140709,0,882,21111-34-PRECINCT 109 34 DISTRICT (G109)
Jefferson,G109,trumpd,12/27/2021 20:35:30.140709,140,882,21111-34-PRECINCT 109 34 DISTRICT (G109)
Jefferson,G109,westk,12/27/2021 20:35:30.140709,4,882,21111-34-PRECINCT 109 34 DISTRICT (G109)
Jefferson,G111,bidenj,12/27/2021 20:35:30.140709,583,704,21111-34-PRECINCT 111 34 DISTRICT (G111)
Jefferson,G111,jorgensenj,12/27/2021 20:35:30.140709,9,704,21111-34-PRECINCT 111 34 DISTRICT (G111)
Jefferson,G111,pierceb,12/27/2021 20:35:30.140709,3,704,21111-34-PRECINCT 111 34 DISTRICT (G111)
Jefferson,G111,trumpd,12/27/2021 20:35:30.140709,107,704,21111-34-PRECINCT 111 34 DISTRICT (G111)
Jefferson,G111,westk,12/27/2021 20:35:30.140709,2,704,21111-34-PRECINCT 111 34 DISTRICT (G111)
Jefferson,G112,bidenj,12/27/2021 20:35:30.140709,983,1199,21111-34-PRECINCT 112 34 DISTRICT (G112)
Jefferson,G112,jorgensenj,12/27/2021 20:35:30.140709,10,1199,21111-34-PRECINCT 112 34 DISTRICT (G112)
Jefferson,G112,pierceb,12/27/2021 20:35:30.140709,2,1199,21111-34-PRECINCT 112 34 DISTRICT (G112)
Jefferson,G112,trumpd,12/27/2021 20:35:30.140709,195,1199,21111-34-PRECINCT 112 34 DISTRICT (G112)
Jefferson,G112,westk,12/27/2021 20:35:30.140709,9,1199,21111-34-PRECINCT 112 34 DISTRICT (G112)
Jefferson,G116,bidenj,12/27/2021 20:35:30.140709,730,899,21111-34-PRECINCT 116 34 DISTRICT (G116)
Jefferson,G116,jorgensenj,12/27/2021 20:35:30.140709,8,899,21111-34-PRECINCT 116 34 DISTRICT (G116)
Jefferson,G116,pierceb,12/27/2021 20:35:30.140709,0,899,21111-34-PRECINCT 116 34 DISTRICT (G116)
Jefferson,G116,trumpd,12/27/2021 20:35:30.140709,158,899,21111-34-PRECINCT 116 34 DISTRICT (G116)
Jefferson,G116,westk,12/27/2021 20:35:30.140709,3,899,21111-34-PRECINCT 116 34 DISTRICT (G116)
Jefferson,G117,bidenj,12/27/2021 20:35:30.140709,909,1137,21111-34-PRECINCT 117 34 DISTRICT (G117)
Jefferson,G117,jorgensenj,12/27/2021 20:35:30.140709,13,1137,21111-34-PRECINCT 117 34 DISTRICT (G117)
Jefferson,G117,pierceb,12/27/2021 20:35:30.140709,1,1137,21111-34-PRECINCT 117 34 DISTRICT (G117)
Jefferson,G117,trumpd,12/27/2021 20:35:30.140709,209,1137,21111-34-PRECINCT 117 34 DISTRICT (G117)
Jefferson,G117,westk,12/27/2021 20:35:30.140709,5,1137,21111-34-PRECINCT 117 34 DISTRICT (G117)
Jefferson,G119,bidenj,12/27/2021 20:35:30.140709,386,529,21111-34-PRECINCT 119 34 DISTRICT (G119)
Jefferson,G119,jorgensenj,12/27/2021 20:35:30.140709,5,529,21111-34-PRECINCT 119 34 DISTRICT (G119)
Jefferson,G119,pierceb,12/27/2021 20:35:30.140709,0,529,21111-34-PRECINCT 119 34 DISTRICT (G119)
Jefferson,G119,trumpd,12/27/2021 20:35:30.140709,136,529,21111-34-PRECINCT 119 34 DISTRICT (G119)
Jefferson,G119,westk,12/27/2021 20:35:30.140709,2,529,21111-34-PRECINCT 119 34 DISTRICT (G119)
Jefferson,G120,bidenj,12/27/2021 20:35:30.140709,462,599,21111-34-PRECINCT 120 34 DISTRICT (G120)
Jefferson,G120,jorgensenj,12/27/2021 20:35:30.140709,7,599,21111-34-PRECINCT 120 34 DISTRICT (G120)
Jefferson,G120,pierceb,12/27/2021 20:35:30.140709,1,599,21111-34-PRECINCT 120 34 DISTRICT (G120)
Jefferson,G120,trumpd,12/27/2021 20:35:30.140709,128,599,21111-34-PRECINCT 120 34 DISTRICT (G120)
Jefferson,G120,westk,12/27/2021 20:35:30.140709,1,599,21111-34-PRECINCT 120 34 DISTRICT (G120)
Jefferson,G121,bidenj,12/27/2021 20:35:30.140709,422,627,21111-34-PRECINCT 121 34 DISTRICT (G121)
Jefferson,G121,jorgensenj,12/27/2021 20:35:30.140709,4,627,21111-34-PRECINCT 121 34 DISTRICT (G121)
Jefferson,G121,pierceb,12/27/2021 20:35:30.140709,0,627,21111-34-PRECINCT 121 34 DISTRICT (G121)
Jefferson,G121,trumpd,12/27/2021 20:35:30.140709,198,627,21111-34-PRECINCT 121 34 DISTRICT (G121)
Jefferson,G121,westk,12/27/2021 20:35:30.140709,3,627,21111-34-PRECINCT 121 34 DISTRICT (G121)
Jefferson,G122,bidenj,12/27/2021 20:35:30.140709,372,480,21111-34-PRECINCT 122 34 DISTRICT (G122)
Jefferson,G122,jorgensenj,12/27/2021 20:35:30.140709,4,480,21111-34-PRECINCT 122 34 DISTRICT (G122)
Jefferson,G122,pierceb,12/27/2021 20:35:30.140709,0,480,21111-34-PRECINCT 122 34 DISTRICT (G122)
Jefferson,G122,trumpd,12/27/2021 20:35:30.140709,102,480,21111-34-PRECINCT 122 34 DISTRICT (G122)
Jefferson,G122,westk,12/27/2021 20:35:30.140709,2,480,21111-34-PRECINCT 122 34 DISTRICT (G122)
Jefferson,G123,bidenj,12/27/2021 20:35:30.140709,193,263,21111-34-PRECINCT 123 34 DISTRICT (G123)
Jefferson,G123,jorgensenj,12/27/2021 20:35:30.140709,3,263,21111-34-PRECINCT 123 34 DISTRICT (G123)
Jefferson,G123,pierceb,12/27/2021 20:35:30.140709,0,263,21111-34-PRECINCT 123 34 DISTRICT (G123)
Jefferson,G123,trumpd,12/27/2021 20:35:30.140709,65,263,21111-34-PRECINCT 123 34 DISTRICT (G123)
Jefferson,G123,westk,12/27/2021 20:35:30.140709,2,263,21111-34-PRECINCT 123 34 DISTRICT (G123)
Jefferson,G124,bidenj,12/27/2021 20:35:30.140709,666,1015,21111-34-PRECINCT 124 34 DISTRICT (G124)
Jefferson,G124,jorgensenj,12/27/2021 20:35:30.140709,11,1015,21111-34-PRECINCT 124 34 DISTRICT (G124)
Jefferson,G124,pierceb,12/27/2021 20:35:30.140709,2,1015,21111-34-PRECINCT 124 34 DISTRICT (G124)
Jefferson,G124,trumpd,12/27/2021 20:35:30.140709,335,1015,21111-34-PRECINCT 124 34 DISTRICT (G124)
Jefferson,G124,westk,12/27/2021 20:35:30.140709,1,1015,21111-34-PRECINCT 124 34 DISTRICT (G124)
Jefferson,G126,bidenj,12/27/2021 20:35:30.140709,392,594,21111-34-PRECINCT 126 34 DISTRICT (G126)
Jefferson,G126,jorgensenj,12/27/2021 20:35:30.140709,5,594,21111-34-PRECINCT 126 34 DISTRICT (G126)
Jefferson,G126,pierceb,12/27/2021 20:35:30.140709,2,594,21111-34-PRECINCT 126 34 DISTRICT (G126)
Jefferson,G126,trumpd,12/27/2021 20:35:30.140709,195,594,21111-34-PRECINCT 126 34 DISTRICT (G126)
Jefferson,G126,westk,12/27/2021 20:35:30.140709,0,594,21111-34-PRECINCT 126 34 DISTRICT (G126)
Jefferson,G129,bidenj,12/27/2021 20:35:30.140709,119,187,21111-34-PRECINCT 129 34 DISTRICT (G129)
Jefferson,G129,jorgensenj,12/27/2021 20:35:30.140709,2,187,21111-34-PRECINCT 129 34 DISTRICT (G129)
Jefferson,G129,pierceb,12/27/2021 20:35:30.140709,0,187,21111-34-PRECINCT 129 34 DISTRICT (G129)
Jefferson,G129,trumpd,12/27/2021 20:35:30.140709,66,187,21111-34-PRECINCT 129 34 DISTRICT (G129)
Jefferson,G129,westk,12/27/2021 20:35:30.140709,0,187,21111-34-PRECINCT 129 34 DISTRICT (G129)
Jefferson,G140,bidenj,12/27/2021 20:35:30.140709,484,595,21111-34-PRECINCT 140 34 DISTRICT (G140)
Jefferson,G140,jorgensenj,12/27/2021 20:35:30.140709,9,595,21111-34-PRECINCT 140 34 DISTRICT (G140)
Jefferson,G140,pierceb,12/27/2021 20:35:30.140709,1,595,21111-34-PRECINCT 140 34 DISTRICT (G140)
Jefferson,G140,trumpd,12/27/2021 20:35:30.140709,94,595,21111-34-PRECINCT 140 34 DISTRICT (G140)
Jefferson,G140,westk,12/27/2021 20:35:30.140709,7,595,21111-34-PRECINCT 140 34 DISTRICT (G140)
Jefferson,G141,bidenj,12/27/2021 20:35:30.140709,507,624,21111-34-PRECINCT 141 34 DISTRICT (G141)
Jefferson,G141,jorgensenj,12/27/2021 20:35:30.140709,5,624,21111-34-PRECINCT 141 34 DISTRICT (G141)
Jefferson,G141,pierceb,12/27/2021 20:35:30.140709,1,624,21111-34-PRECINCT 141 34 DISTRICT (G141)
Jefferson,G141,trumpd,12/27/2021 20:35:30.140709,109,624,21111-34-PRECINCT 141 34 DISTRICT (G141)
Jefferson,G141,westk,12/27/2021 20:35:30.140709,2,624,21111-34-PRECINCT 141 34 DISTRICT (G141)
Jefferson,G142,bidenj,12/27/2021 20:35:30.140709,131,192,21111-34-PRECINCT 142 34 DISTRICT (G142)
Jefferson,G142,jorgensenj,12/27/2021 20:35:30.140709,3,192,21111-34-PRECINCT 142 34 DISTRICT (G142)
Jefferson,G142,pierceb,12/27/2021 20:35:30.140709,0,192,21111-34-PRECINCT 142 34 DISTRICT (G142)
Jefferson,G142,trumpd,12/27/2021 20:35:30.140709,55,192,21111-34-PRECINCT 142 34 DISTRICT (G142)
Jefferson,G142,westk,12/27/2021 20:35:30.140709,3,192,21111-34-PRECINCT 142 34 DISTRICT (G142)
Jefferson,G143,bidenj,12/27/2021 20:35:30.140709,756,918,21111-34-PRECINCT 143 34 DISTRICT (G143)
Jefferson,G143,jorgensenj,12/27/2021 20:35:30.140709,9,918,21111-34-PRECINCT 143 34 DISTRICT (G143)
Jefferson,G143,pierceb,12/27/2021 20:35:30.140709,2,918,21111-34-PRECINCT 143 34 DISTRICT (G143)
Jefferson,G143,trumpd,12/27/2021 20:35:30.140709,147,918,21111-34-PRECINCT 143 34 DISTRICT (G143)
Jefferson,G143,westk,12/27/2021 20:35:30.140709,4,918,21111-34-PRECINCT 143 34 DISTRICT (G143)
Jefferson,G144,bidenj,12/27/2021 20:35:30.140709,615,770,21111-34-PRECINCT 144 34 DISTRICT (G144)
Jefferson,G144,jorgensenj,12/27/2021 20:35:30.140709,6,770,21111-34-PRECINCT 144 34 DISTRICT (G144)
Jefferson,G144,pierceb,12/27/2021 20:35:30.140709,0,770,21111-34-PRECINCT 144 34 DISTRICT (G144)
Jefferson,G144,trumpd,12/27/2021 20:35:30.140709,145,770,21111-34-PRECINCT 144 34 DISTRICT (G144)
Jefferson,G144,westk,12/27/2021 20:35:30.140709,4,770,21111-34-PRECINCT 144 34 DISTRICT (G144)
Jefferson,G145,bidenj,12/27/2021 20:35:30.140709,836,1137,21111-34-PRECINCT 145 34 DISTRICT (G145)
Jefferson,G145,jorgensenj,12/27/2021 20:35:30.140709,14,1137,21111-34-PRECINCT 145 34 DISTRICT (G145)
Jefferson,G145,pierceb,12/27/2021 20:35:30.140709,2,1137,21111-34-PRECINCT 145 34 DISTRICT (G145)
Jefferson,G145,trumpd,12/27/2021 20:35:30.140709,282,1137,21111-34-PRECINCT 145 34 DISTRICT (G145)
Jefferson,G145,westk,12/27/2021 20:35:30.140709,3,1137,21111-34-PRECINCT 145 34 DISTRICT (G145)
Jefferson,G146,bidenj,12/27/2021 20:35:30.140709,671,863,21111-34-PRECINCT 146 34 DISTRICT (G146)
Jefferson,G146,jorgensenj,12/27/2021 20:35:30.140709,15,863,21111-34-PRECINCT 146 34 DISTRICT (G146)
Jefferson,G146,pierceb,12/27/2021 20:35:30.140709,0,863,21111-34-PRECINCT 146 34 DISTRICT (G146)
Jefferson,G146,trumpd,12/27/2021 20:35:30.140709,174,863,21111-34-PRECINCT 146 34 DISTRICT (G146)
Jefferson,G146,westk,12/27/2021 20:35:30.140709,3,863,21111-34-PRECINCT 146 34 DISTRICT (G146)
Jefferson,G147,bidenj,12/27/2021 20:35:30.140709,523,758,21111-34-PRECINCT 147 34 DISTRICT (G147)
Jefferson,G147,jorgensenj,12/27/2021 20:35:30.140709,6,758,21111-34-PRECINCT 147 34 DISTRICT (G147)
Jefferson,G147,pierceb,12/27/2021 20:35:30.140709,1,758,21111-34-PRECINCT 147 34 DISTRICT (G147)
Jefferson,G147,trumpd,12/27/2021 20:35:30.140709,226,758,21111-34-PRECINCT 147 34 DISTRICT (G147)
Jefferson,G147,westk,12/27/2021 20:35:30.140709,2,758,21111-34-PRECINCT 147 34 DISTRICT (G147)
Jefferson,G148,bidenj,12/27/2021 20:35:30.140709,280,396,21111-34-PRECINCT 148 34 DISTRICT (G148)
Jefferson,G148,jorgensenj,12/27/2021 20:35:30.140709,7,396,21111-34-PRECINCT 148 34 DISTRICT (G148)
Jefferson,G148,pierceb,12/27/2021 20:35:30.140709,0,396,21111-34-PRECINCT 148 34 DISTRICT (G148)
Jefferson,G148,trumpd,12/27/2021 20:35:30.140709,108,396,21111-34-PRECINCT 148 34 DISTRICT (G148)
Jefferson,G148,westk,12/27/2021 20:35:30.140709,1,396,21111-34-PRECINCT 148 34 DISTRICT (G148)
Jefferson,G149,bidenj,12/27/2021 20:35:30.140709,295,408,21111-34-PRECINCT 149 34 DISTRICT (G149)
Jefferson,G149,jorgensenj,12/27/2021 20:35:30.140709,2,408,21111-34-PRECINCT 149 34 DISTRICT (G149)
Jefferson,G149,pierceb,12/27/2021 20:35:30.140709,0,408,21111-34-PRECINCT 149 34 DISTRICT (G149)
Jefferson,G149,trumpd,12/27/2021 20:35:30.140709,109,408,21111-34-PRECINCT 149 34 DISTRICT (G149)
Jefferson,G149,westk,12/27/2021 20:35:30.140709,2,408,21111-34-PRECINCT 149 34 DISTRICT (G149)
Jefferson,G150,bidenj,12/27/2021 20:35:30.140709,205,373,21111-34-PRECINCT 150 34 DISTRICT (G150)
Jefferson,G150,jorgensenj,12/27/2021 20:35:30.140709,5,373,21111-34-PRECINCT 150 34 DISTRICT (G150)
Jefferson,G150,pierceb,12/27/2021 20:35:30.140709,1,373,21111-34-PRECINCT 150 34 DISTRICT (G150)
Jefferson,G150,trumpd,12/27/2021 20:35:30.140709,157,373,21111-34-PRECINCT 150 34 DISTRICT (G150)
Jefferson,G150,westk,12/27/2021 20:35:30.140709,5,373,21111-34-PRECINCT 150 34 DISTRICT (G150)
Jefferson,G151,bidenj,12/27/2021 20:35:30.140709,289,435,21111-34-PRECINCT 151 34 DISTRICT (G151)
Jefferson,G151,jorgensenj,12/27/2021 20:35:30.140709,9,435,21111-34-PRECINCT 151 34 DISTRICT (G151)
Jefferson,G151,pierceb,12/27/2021 20:35:30.140709,0,435,21111-34-PRECINCT 151 34 DISTRICT (G151)
Jefferson,G151,trumpd,12/27/2021 20:35:30.140709,131,435,21111-34-PRECINCT 151 34 DISTRICT (G151)
Jefferson,G151,westk,12/27/2021 20:35:30.140709,6,435,21111-34-PRECINCT 151 34 DISTRICT (G151)
Jefferson,G154,bidenj,12/27/2021 20:35:30.140709,438,680,21111-34-PRECINCT 154 34 DISTRICT (G154)
Jefferson,G154,jorgensenj,12/27/2021 20:35:30.140709,10,680,21111-34-PRECINCT 154 34 DISTRICT (G154)
Jefferson,G154,pierceb,12/27/2021 20:35:30.140709,0,680,21111-34-PRECINCT 154 34 DISTRICT (G154)
Jefferson,G154,trumpd,12/27/2021 20:35:30.140709,229,680,21111-34-PRECINCT 154 34 DISTRICT (G154)
Jefferson,G154,westk,12/27/2021 20:35:30.140709,3,680,21111-34-PRECINCT 154 34 DISTRICT (G154)
Jefferson,G155,bidenj,12/27/2021 20:35:30.140709,536,790,21111-34-PRECINCT 155 34 DISTRICT (G155)
Jefferson,G155,jorgensenj,12/27/2021 20:35:30.140709,16,790,21111-34-PRECINCT 155 34 DISTRICT (G155)
Jefferson,G155,pierceb,12/27/2021 20:35:30.140709,3,790,21111-34-PRECINCT 155 34 DISTRICT (G155)
Jefferson,G155,trumpd,12/27/2021 20:35:30.140709,233,790,21111-34-PRECINCT 155 34 DISTRICT (G155)
Jefferson,G155,westk,12/27/2021 20:35:30.140709,2,790,21111-34-PRECINCT 155 34 DISTRICT (G155)
Jefferson,G156,bidenj,12/27/2021 20:35:30.140709,497,902,21111-34-PRECINCT 156 34 DISTRICT (G156)
Jefferson,G156,jorgensenj,12/27/2021 20:35:30.140709,8,902,21111-34-PRECINCT 156 34 DISTRICT (G156)
Jefferson,G156,pierceb,12/27/2021 20:35:30.140709,0,902,21111-34-PRECINCT 156 34 DISTRICT (G156)
Jefferson,G156,trumpd,12/27/2021 20:35:30.140709,392,902,21111-34-PRECINCT 156 34 DISTRICT (G156)
Jefferson,G156,westk,12/27/2021 20:35:30.140709,5,902,21111-34-PRECINCT 156 34 DISTRICT (G156)
Jefferson,G157,bidenj,12/27/2021 20:35:30.140709,615,990,21111-34-PRECINCT 157 34 DISTRICT (G157)
Jefferson,G157,jorgensenj,12/27/2021 20:35:30.140709,12,990,21111-34-PRECINCT 157 34 DISTRICT (G157)
Jefferson,G157,pierceb,12/27/2021 20:35:30.140709,0,990,21111-34-PRECINCT 157 34 DISTRICT (G157)
Jefferson,G157,trumpd,12/27/2021 20:35:30.140709,362,990,21111-34-PRECINCT 157 34 DISTRICT (G157)
Jefferson,G157,westk,12/27/2021 20:35:30.140709,1,990,21111-34-PRECINCT 157 34 DISTRICT (G157)
Jefferson,G158,bidenj,12/27/2021 20:35:30.140709,505,894,21111-34-PRECINCT 158 34 DISTRICT (G158)
Jefferson,G158,jorgensenj,12/27/2021 20:35:30.140709,6,894,21111-34-PRECINCT 158 34 DISTRICT (G158)
Jefferson,G158,pierceb,12/27/2021 20:35:30.140709,2,894,21111-34-PRECINCT 158 34 DISTRICT (G158)
Jefferson,G158,trumpd,12/27/2021 20:35:30.140709,381,894,21111-34-PRECINCT 158 34 DISTRICT (G158)
Jefferson,G158,westk,12/27/2021 20:35:30.140709,0,894,21111-34-PRECINCT 158 34 DISTRICT (G158)
Jefferson,G159,bidenj,12/27/2021 20:35:30.140709,0,0,
Jefferson,G159,jorgensenj,12/27/2021 20:35:30.140709,0,0,
Jefferson,G159,pierceb,12/27/2021 20:35:30.140709,0,0,
Jefferson,G159,trumpd,12/27/2021 20:35:30.140709,0,0,
Jefferson,G159,westk,12/27/2021 20:35:30.140709,0,0,
Jefferson,G160,bidenj,12/27/2021 20:35:30.140709,232,461,21111-34-PRECINCT 160 34 DISTRICT (G160)
Jefferson,G160,jorgensenj,12/27/2021 20:35:30.140709,5,461,21111-34-PRECINCT 160 34 DISTRICT (G160)
Jefferson,G160,pierceb,12/27/2021 20:35:30.140709,1,461,21111-34-PRECINCT 160 34 DISTRICT (G160)
Jefferson,G160,trumpd,12/27/2021 20:35:30.140709,220,461,21111-34-PRECINCT 160 34 DISTRICT (G160)
Jefferson,G160,westk,12/27/2021 20:35:30.140709,3,461,21111-34-PRECINCT 160 34 DISTRICT (G160)
Jefferson,G161,bidenj,12/27/2021 20:35:30.140709,363,511,21111-34-PRECINCT 161 34 DISTRICT (G161)
Jefferson,G161,jorgensenj,12/27/2021 20:35:30.140709,6,511,21111-34-PRECINCT 161 34 DISTRICT (G161)
Jefferson,G161,pierceb,12/27/2021 20:35:30.140709,1,511,21111-34-PRECINCT 161 34 DISTRICT (G161)
Jefferson,G161,trumpd,12/27/2021 20:35:30.140709,140,511,21111-34-PRECINCT 161 34 DISTRICT (G161)
Jefferson,G161,westk,12/27/2021 20:35:30.140709,1,511,21111-34-PRECINCT 161 34 DISTRICT (G161)
Jefferson,G162,bidenj,12/27/2021 20:35:30.140709,62,135,21111-34-PRECINCT 162 34 DISTRICT (G162)
Jefferson,G162,jorgensenj,12/27/2021 20:35:30.140709,1,135,21111-34-PRECINCT 162 34 DISTRICT (G162)
Jefferson,G162,pierceb,12/27/2021 20:35:30.140709,0,135,21111-34-PRECINCT 162 34 DISTRICT (G162)
Jefferson,G162,trumpd,12/27/2021 20:35:30.140709,71,135,21111-34-PRECINCT 162 34 DISTRICT (G162)
Jefferson,G162,westk,12/27/2021 20:35:30.140709,1,135,21111-34-PRECINCT 162 34 DISTRICT (G162)
Jefferson,G163,bidenj,12/27/2021 20:35:30.140709,319,510,21111-34-PRECINCT 163 34 DISTRICT (G163)
Jefferson,G163,jorgensenj,12/27/2021 20:35:30.140709,14,510,21111-34-PRECINCT 163 34 DISTRICT (G163)
Jefferson,G163,pierceb,12/27/2021 20:35:30.140709,0,510,21111-34-PRECINCT 163 34 DISTRICT (G163)
Jefferson,G163,trumpd,12/27/2021 20:35:30.140709,176,510,21111-34-PRECINCT 163 34 DISTRICT (G163)
Jefferson,G163,westk,12/27/2021 20:35:30.140709,1,510,21111-34-PRECINCT 163 34 DISTRICT (G163)
Jefferson,G164,bidenj,12/27/2021 20:35:30.140709,697,1072,21111-34-PRECINCT 164 34 DISTRICT (G164)
Jefferson,G164,jorgensenj,12/27/2021 20:35:30.140709,26,1072,21111-34-PRECINCT 164 34 DISTRICT (G164)
Jefferson,G164,pierceb,12/27/2021 20:35:30.140709,2,1072,21111-34-PRECINCT 164 34 DISTRICT (G164)
Jefferson,G164,trumpd,12/27/2021 20:35:30.140709,342,1072,21111-34-PRECINCT 164 34 DISTRICT (G164)
Jefferson,G164,westk,12/27/2021 20:35:30.140709,5,1072,21111-34-PRECINCT 164 34 DISTRICT (G164)
Jefferson,G165,bidenj,12/27/2021 20:35:30.140709,252,415,21111-34-PRECINCT 165 34 DISTRICT (G165)
Jefferson,G165,jorgensenj,12/27/2021 20:35:30.140709,7,415,21111-34-PRECINCT 165 34 DISTRICT (G165)
Jefferson,G165,pierceb,12/27/2021 20:35:30.140709,1,415,21111-34-PRECINCT 165 34 DISTRICT (G165)
Jefferson,G165,trumpd,12/27/2021 20:35:30.140709,152,415,21111-34-PRECINCT 165 34 DISTRICT (G165)
Jefferson,G165,westk,12/27/2021 20:35:30.140709,3,415,21111-34-PRECINCT 165 34 DISTRICT (G165)
Jefferson,G166,bidenj,12/27/2021 20:35:30.140709,106,165,21111-34-PRECINCT 166 34 DISTRICT (G166)
Jefferson,G166,jorgensenj,12/27/2021 20:35:30.140709,3,165,21111-34-PRECINCT 166 34 DISTRICT (G166)
Jefferson,G166,pierceb,12/27/2021 20:35:30.140709,1,165,21111-34-PRECINCT 166 34 DISTRICT (G166)
Jefferson,G166,trumpd,12/27/2021 20:35:30.140709,55,165,21111-34-PRECINCT 166 34 DISTRICT (G166)
Jefferson,G166,westk,12/27/2021 20:35:30.140709,0,165,21111-34-PRECINCT 166 34 DISTRICT (G166)
Jefferson,G167,bidenj,12/27/2021 20:35:30.140709,235,363,21111-34-PRECINCT 167 34 DISTRICT (G167)
Jefferson,G167,jorgensenj,12/27/2021 20:35:30.140709,8,363,21111-34-PRECINCT 167 34 DISTRICT (G167)
Jefferson,G167,pierceb,12/27/2021 20:35:30.140709,0,363,21111-34-PRECINCT 167 34 DISTRICT (G167)
Jefferson,G167,trumpd,12/27/2021 20:35:30.140709,118,363,21111-34-PRECINCT 167 34 DISTRICT (G167)
Jefferson,G167,westk,12/27/2021 20:35:30.140709,2,363,21111-34-PRECINCT 167 34 DISTRICT (G167)
Jefferson,G168,bidenj,12/27/2021 20:35:30.140709,47,92,21111-34-PRECINCT 168 34 DISTRICT (G168)
Jefferson,G168,jorgensenj,12/27/2021 20:35:30.140709,3,92,21111-34-PRECINCT 168 34 DISTRICT (G168)
Jefferson,G168,pierceb,12/27/2021 20:35:30.140709,0,92,21111-34-PRECINCT 168 34 DISTRICT (G168)
Jefferson,G168,trumpd,12/27/2021 20:35:30.140709,42,92,21111-34-PRECINCT 168 34 DISTRICT (G168)
Jefferson,G168,westk,12/27/2021 20:35:30.140709,0,92,21111-34-PRECINCT 168 34 DISTRICT (G168)
Jefferson,G169,bidenj,12/27/2021 20:35:30.140709,202,306,21111-34-PRECINCT 169 34 DISTRICT (G169)
Jefferson,G169,jorgensenj,12/27/2021 20:35:30.140709,3,306,21111-34-PRECINCT 169 34 DISTRICT (G169)
Jefferson,G169,pierceb,12/27/2021 20:35:30.140709,0,306,21111-34-PRECINCT 169 34 DISTRICT (G169)
Jefferson,G169,trumpd,12/27/2021 20:35:30.140709,99,306,21111-34-PRECINCT 169 34 DISTRICT (G169)
Jefferson,G169,westk,12/27/2021 20:35:30.140709,2,306,21111-34-PRECINCT 169 34 DISTRICT (G169)
Jefferson,H102,bidenj,12/27/2021 20:35:30.140709,580,727,21111-35-PRECINCT 102 35 DISTRICT (H102)
Jefferson,H102,jorgensenj,12/27/2021 20:35:30.140709,14,727,21111-35-PRECINCT 102 35 DISTRICT (H102)
Jefferson,H102,pierceb,12/27/2021 20:35:30.140709,6,727,21111-35-PRECINCT 102 35 DISTRICT (H102)
Jefferson,H102,trumpd,12/27/2021 20:35:30.140709,125,727,21111-35-PRECINCT 102 35 DISTRICT (H102)
Jefferson,H102,westk,12/27/2021 20:35:30.140709,2,727,21111-35-PRECINCT 102 35 DISTRICT (H102)
Jefferson,H103,bidenj,12/27/2021 20:35:30.140709,725,905,21111-35-PRECINCT 103 35 DISTRICT (H103)
Jefferson,H103,jorgensenj,12/27/2021 20:35:30.140709,8,905,21111-35-PRECINCT 103 35 DISTRICT (H103)
Jefferson,H103,pierceb,12/27/2021 20:35:30.140709,0,905,21111-35-PRECINCT 103 35 DISTRICT (H103)
Jefferson,H103,trumpd,12/27/2021 20:35:30.140709,167,905,21111-35-PRECINCT 103 35 DISTRICT (H103)
Jefferson,H103,westk,12/27/2021 20:35:30.140709,5,905,21111-35-PRECINCT 103 35 DISTRICT (H103)
Jefferson,H105,bidenj,12/27/2021 20:35:30.140709,562,715,21111-35-PRECINCT 105 35 DISTRICT (H105)
Jefferson,H105,jorgensenj,12/27/2021 20:35:30.140709,6,715,21111-35-PRECINCT 105 35 DISTRICT (H105)
Jefferson,H105,pierceb,12/27/2021 20:35:30.140709,0,715,21111-35-PRECINCT 105 35 DISTRICT (H105)
Jefferson,H105,trumpd,12/27/2021 20:35:30.140709,146,715,21111-35-PRECINCT 105 35 DISTRICT (H105)
Jefferson,H105,westk,12/27/2021 20:35:30.140709,1,715,21111-35-PRECINCT 105 35 DISTRICT (H105)
Jefferson,H106,bidenj,12/27/2021 20:35:30.140709,496,642,21111-35-PRECINCT 106 35 DISTRICT (H106)
Jefferson,H106,jorgensenj,12/27/2021 20:35:30.140709,12,642,21111-35-PRECINCT 106 35 DISTRICT (H106)
Jefferson,H106,pierceb,12/27/2021 20:35:30.140709,0,642,21111-35-PRECINCT 106 35 DISTRICT (H106)
Jefferson,H106,trumpd,12/27/2021 20:35:30.140709,134,642,21111-35-PRECINCT 106 35 DISTRICT (H106)
Jefferson,H106,westk,12/27/2021 20:35:30.140709,0,642,21111-35-PRECINCT 106 35 DISTRICT (H106)
Jefferson,H109,bidenj,12/27/2021 20:35:30.140709,273,406,21111-35-PRECINCT 109 35 DISTRICT (H109)
Jefferson,H109,jorgensenj,12/27/2021 20:35:30.140709,11,406,21111-35-PRECINCT 109 35 DISTRICT (H109)
Jefferson,H109,pierceb,12/27/2021 20:35:30.140709,0,406,21111-35-PRECINCT 109 35 DISTRICT (H109)
Jefferson,H109,trumpd,12/27/2021 20:35:30.140709,121,406,21111-35-PRECINCT 109 35 DISTRICT (H109)
Jefferson,H109,westk,12/27/2021 20:35:30.140709,1,406,21111-35-PRECINCT 109 35 DISTRICT (H109)
Jefferson,H110,bidenj,12/27/2021 20:35:30.140709,501,718,21111-35-PRECINCT 110 35 DISTRICT (H110)
Jefferson,H110,jorgensenj,12/27/2021 20:35:30.140709,19,718,21111-35-PRECINCT 110 35 DISTRICT (H110)
Jefferson,H110,pierceb,12/27/2021 20:35:30.140709,3,718,21111-35-PRECINCT 110 35 DISTRICT (H110)
Jefferson,H110,trumpd,12/27/2021 20:35:30.140709,192,718,21111-35-PRECINCT 110 35 DISTRICT (H110)
Jefferson,H110,westk,12/27/2021 20:35:30.140709,3,718,21111-35-PRECINCT 110 35 DISTRICT (H110)
Jefferson,H111,bidenj,12/27/2021 20:35:30.140709,298,479,21111-35-PRECINCT 111 35 DISTRICT (H111)
Jefferson,H111,jorgensenj,12/27/2021 20:35:30.140709,16,479,21111-35-PRECINCT 111 35 DISTRICT (H111)
Jefferson,H111,pierceb,12/27/2021 20:35:30.140709,1,479,21111-35-PRECINCT 111 35 DISTRICT (H111)
Jefferson,H111,trumpd,12/27/2021 20:35:30.140709,163,479,21111-35-PRECINCT 111 35 DISTRICT (H111)
Jefferson,H111,westk,12/27/2021 20:35:30.140709,1,479,21111-35-PRECINCT 111 35 DISTRICT (H111)
Jefferson,H112,bidenj,12/27/2021 20:35:30.140709,428,713,21111-35-PRECINCT 112 35 DISTRICT (H112)
Jefferson,H112,jorgensenj,12/27/2021 20:35:30.140709,12,713,21111-35-PRECINCT 112 35 DISTRICT (H112)
Jefferson,H112,pierceb,12/27/2021 20:35:30.140709,1,713,21111-35-PRECINCT 112 35 DISTRICT (H112)
Jefferson,H112,trumpd,12/27/2021 20:35:30.140709,271,713,21111-35-PRECINCT 112 35 DISTRICT (H112)
Jefferson,H112,westk,12/27/2021 20:35:30.140709,1,713,21111-35-PRECINCT 112 35 DISTRICT (H112)
Jefferson,H113,bidenj,12/27/2021 20:35:30.140709,243,402,21111-35-PRECINCT 113 35 DISTRICT (H113)
Jefferson,H113,jorgensenj,12/27/2021 20:35:30.140709,9,402,21111-35-PRECINCT 113 35 DISTRICT (H113)
Jefferson,H113,pierceb,12/27/2021 20:35:30.140709,0,402,21111-35-PRECINCT 113 35 DISTRICT (H113)
Jefferson,H113,trumpd,12/27/2021 20:35:30.140709,150,402,21111-35-PRECINCT 113 35 DISTRICT (H113)
Jefferson,H113,westk,12/27/2021 20:35:30.140709,0,402,21111-35-PRECINCT 113 35 DISTRICT (H113)
Jefferson,H114,bidenj,12/27/2021 20:35:30.140709,8,12,21111-35-PRECINCT 114 35 DISTRICT (H114)
Jefferson,H114,jorgensenj,12/27/2021 20:35:30.140709,0,12,21111-35-PRECINCT 114 35 DISTRICT (H114)
Jefferson,H114,pierceb,12/27/2021 20:35:30.140709,0,12,21111-35-PRECINCT 114 35 DISTRICT (H114)
Jefferson,H114,trumpd,12/27/2021 20:35:30.140709,4,12,21111-35-PRECINCT 114 35 DISTRICT (H114)
Jefferson,H114,westk,12/27/2021 20:35:30.140709,0,12,21111-35-PRECINCT 114 35 DISTRICT (H114)
Jefferson,H115,bidenj,12/27/2021 20:35:30.140709,248,409,21111-35-PRECINCT 115 35 DISTRICT (H115)
Jefferson,H115,jorgensenj,12/27/2021 20:35:30.140709,8,409,21111-35-PRECINCT 115 35 DISTRICT (H115)
Jefferson,H115,pierceb,12/27/2021 20:35:30.140709,0,409,21111-35-PRECINCT 115 35 DISTRICT (H115)
Jefferson,H115,trumpd,12/27/2021 20:35:30.140709,151,409,21111-35-PRECINCT 115 35 DISTRICT (H115)
Jefferson,H115,westk,12/27/2021 20:35:30.140709,2,409,21111-35-PRECINCT 115 35 DISTRICT (H115)
Jefferson,H116,bidenj,12/27/2021 20:35:30.140709,404,663,21111-35-PRECINCT 116 35 DISTRICT (H116)
Jefferson,H116,jorgensenj,12/27/2021 20:35:30.140709,11,663,21111-35-PRECINCT 116 35 DISTRICT (H116)
Jefferson,H116,pierceb,12/27/2021 20:35:30.140709,0,663,21111-35-PRECINCT 116 35 DISTRICT (H116)
Jefferson,H116,trumpd,12/27/2021 20:35:30.140709,245,663,21111-35-PRECINCT 116 35 DISTRICT (H116)
Jefferson,H116,westk,12/27/2021 20:35:30.140709,3,663,21111-35-PRECINCT 116 35 DISTRICT (H116)
Jefferson,H117,bidenj,12/27/2021 20:35:30.140709,560,1037,21111-35-PRECINCT 117 35 DISTRICT (H117)
Jefferson,H117,jorgensenj,12/27/2021 20:35:30.140709,8,1037,21111-35-PRECINCT 117 35 DISTRICT (H117)
Jefferson,H117,pierceb,12/27/2021 20:35:30.140709,0,1037,21111-35-PRECINCT 117 35 DISTRICT (H117)
Jefferson,H117,trumpd,12/27/2021 20:35:30.140709,461,1037,21111-35-PRECINCT 117 35 DISTRICT (H117)
Jefferson,H117,westk,12/27/2021 20:35:30.140709,8,1037,21111-35-PRECINCT 117 35 DISTRICT (H117)
Jefferson,H118,bidenj,12/27/2021 20:35:30.140709,427,705,21111-35-PRECINCT 118 35 DISTRICT (H118)
Jefferson,H118,jorgensenj,12/27/2021 20:35:30.140709,9,705,21111-35-PRECINCT 118 35 DISTRICT (H118)
Jefferson,H118,pierceb,12/27/2021 20:35:30.140709,1,705,21111-35-PRECINCT 118 35 DISTRICT (H118)
Jefferson,H118,trumpd,12/27/2021 20:35:30.140709,264,705,21111-35-PRECINCT 118 35 DISTRICT (H118)
Jefferson,H118,westk,12/27/2021 20:35:30.140709,4,705,21111-35-PRECINCT 118 35 DISTRICT (H118)
Jefferson,H120,bidenj,12/27/2021 20:35:30.140709,571,1009,21111-35-PRECINCT 120 35 DISTRICT (H120)
Jefferson,H120,jorgensenj,12/27/2021 20:35:30.140709,10,1009,21111-35-PRECINCT 120 35 DISTRICT (H120)
Jefferson,H120,pierceb,12/27/2021 20:35:30.140709,3,1009,21111-35-PRECINCT 120 35 DISTRICT (H120)
Jefferson,H120,trumpd,12/27/2021 20:35:30.140709,417,1009,21111-35-PRECINCT 120 35 DISTRICT (H120)
Jefferson,H120,westk,12/27/2021 20:35:30.140709,8,1009,21111-35-PRECINCT 120 35 DISTRICT (H120)
Jefferson,H121,bidenj,12/27/2021 20:35:30.140709,231,383,21111-35-PRECINCT 121 35 DISTRICT (H121)
Jefferson,H121,jorgensenj,12/27/2021 20:35:30.140709,6,383,21111-35-PRECINCT 121 35 DISTRICT (H121)
Jefferson,H121,pierceb,12/27/2021 20:35:30.140709,2,383,21111-35-PRECINCT 121 35 DISTRICT (H121)
Jefferson,H121,trumpd,12/27/2021 20:35:30.140709,142,383,21111-35-PRECINCT 121 35 DISTRICT (H121)
Jefferson,H121,westk,12/27/2021 20:35:30.140709,2,383,21111-35-PRECINCT 121 35 DISTRICT (H121)
Jefferson,H123,bidenj,12/27/2021 20:35:30.140709,124,262,21111-35-PRECINCT 123 35 DISTRICT (H123)
Jefferson,H123,jorgensenj,12/27/2021 20:35:30.140709,6,262,21111-35-PRECINCT 123 35 DISTRICT (H123)
Jefferson,H123,pierceb,12/27/2021 20:35:30.140709,0,262,21111-35-PRECINCT 123 35 DISTRICT (H123)
Jefferson,H123,trumpd,12/27/2021 20:35:30.140709,132,262,21111-35-PRECINCT 123 35 DISTRICT (H123)
Jefferson,H123,westk,12/27/2021 20:35:30.140709,0,262,21111-35-PRECINCT 123 35 DISTRICT (H123)
Jefferson,H124,bidenj,12/27/2021 20:35:30.140709,154,197,21111-35-PRECINCT 124 35 DISTRICT (H124)
Jefferson,H124,jorgensenj,12/27/2021 20:35:30.140709,4,197,21111-35-PRECINCT 124 35 DISTRICT (H124)
Jefferson,H124,pierceb,12/27/2021 20:35:30.140709,0,197,21111-35-PRECINCT 124 35 DISTRICT (H124)
Jefferson,H124,trumpd,12/27/2021 20:35:30.140709,37,197,21111-35-PRECINCT 124 35 DISTRICT (H124)
Jefferson,H124,westk,12/27/2021 20:35:30.140709,2,197,21111-35-PRECINCT 124 35 DISTRICT (H124)
Jefferson,H125,bidenj,12/27/2021 20:35:30.140709,154,349,21111-35-PRECINCT 125 35 DISTRICT (H125)
Jefferson,H125,jorgensenj,12/27/2021 20:35:30.140709,6,349,21111-35-PRECINCT 125 35 DISTRICT (H125)
Jefferson,H125,pierceb,12/27/2021 20:35:30.140709,2,349,21111-35-PRECINCT 125 35 DISTRICT (H125)
Jefferson,H125,trumpd,12/27/2021 20:35:30.140709,187,349,21111-35-PRECINCT 125 35 DISTRICT (H125)
Jefferson,H125,westk,12/27/2021 20:35:30.140709,0,349,21111-35-PRECINCT 125 35 DISTRICT (H125)
Jefferson,H126,bidenj,12/27/2021 20:35:30.140709,212,425,21111-35-PRECINCT 126 35 DISTRICT (H126)
Jefferson,H126,jorgensenj,12/27/2021 20:35:30.140709,9,425,21111-35-PRECINCT 126 35 DISTRICT (H126)
Jefferson,H126,pierceb,12/27/2021 20:35:30.140709,0,425,21111-35-PRECINCT 126 35 DISTRICT (H126)
Jefferson,H126,trumpd,12/27/2021 20:35:30.140709,202,425,21111-35-PRECINCT 126 35 DISTRICT (H126)
Jefferson,H126,westk,12/27/2021 20:35:30.140709,2,425,21111-35-PRECINCT 126 35 DISTRICT (H126)
Jefferson,H127,bidenj,12/27/2021 20:35:30.140709,204,298,21111-35-PRECINCT 127 35 DISTRICT (H127)
Jefferson,H127,jorgensenj,12/27/2021 20:35:30.140709,3,298,21111-35-PRECINCT 127 35 DISTRICT (H127)
Jefferson,H127,pierceb,12/27/2021 20:35:30.140709,0,298,21111-35-PRECINCT 127 35 DISTRICT (H127)
Jefferson,H127,trumpd,12/27/2021 20:35:30.140709,88,298,21111-35-PRECINCT 127 35 DISTRICT (H127)
Jefferson,H127,westk,12/27/2021 20:35:30.140709,3,298,21111-35-PRECINCT 127 35 DISTRICT (H127)
Jefferson,H130,bidenj,12/27/2021 20:35:30.140709,0,0,
Jefferson,H130,jorgensenj,12/27/2021 20:35:30.140709,0,0,
Jefferson,H130,pierceb,12/27/2021 20:35:30.140709,0,0,
Jefferson,H130,trumpd,12/27/2021 20:35:30.140709,0,0,
Jefferson,H130,westk,12/27/2021 20:35:30.140709,0,0,
Jefferson,H131,bidenj,12/27/2021 20:35:30.140709,321,406,21111-35-PRECINCT 131 35 DISTRICT (H131)
Jefferson,H131,jorgensenj,12/27/2021 20:35:30.140709,4,406,21111-35-PRECINCT 131 35 DISTRICT (H131)
Jefferson,H131,pierceb,12/27/2021 20:35:30.140709,1,406,21111-35-PRECINCT 131 35 DISTRICT (H131)
Jefferson,H131,trumpd,12/27/2021 20:35:30.140709,78,406,21111-35-PRECINCT 131 35 DISTRICT (H131)
Jefferson,H131,westk,12/27/2021 20:35:30.140709,2,406,21111-35-PRECINCT 131 35 DISTRICT (H131)
Jefferson,H132,bidenj,12/27/2021 20:35:30.140709,205,239,21111-35-PRECINCT 132 35 DISTRICT (H132)
Jefferson,H132,jorgensenj,12/27/2021 20:35:30.140709,2,239,21111-35-PRECINCT 132 35 DISTRICT (H132)
Jefferson,H132,pierceb,12/27/2021 20:35:30.140709,0,239,21111-35-PRECINCT 132 35 DISTRICT (H132)
Jefferson,H132,trumpd,12/27/2021 20:35:30.140709,32,239,21111-35-PRECINCT 132 35 DISTRICT (H132)
Jefferson,H132,westk,12/27/2021 20:35:30.140709,0,239,21111-35-PRECINCT 132 35 DISTRICT (H132)
Jefferson,H133,bidenj,12/27/2021 20:35:30.140709,78,98,21111-35-PRECINCT 133 35 DISTRICT (H133)
Jefferson,H133,jorgensenj,12/27/2021 20:35:30.140709,2,98,21111-35-PRECINCT 133 35 DISTRICT (H133)
Jefferson,H133,pierceb,12/27/2021 20:35:30.140709,0,98,21111-35-PRECINCT 133 35 DISTRICT (H133)
Jefferson,H133,trumpd,12/27/2021 20:35:30.140709,18,98,21111-35-PRECINCT 133 35 DISTRICT (H133)
Jefferson,H133,westk,12/27/2021 20:35:30.140709,0,98,21111-35-PRECINCT 133 35 DISTRICT (H133)
Jefferson,H138,bidenj,12/27/2021 20:35:30.140709,658,1077,21111-35-PRECINCT 138 35 DISTRICT (H138)
Jefferson,H138,jorgensenj,12/27/2021 20:35:30.140709,16,1077,21111-35-PRECINCT 138 35 DISTRICT (H138)
Jefferson,H138,pierceb,12/27/2021 20:35:30.140709,0,1077,21111-35-PRECINCT 138 35 DISTRICT (H138)
Jefferson,H138,trumpd,12/27/2021 20:35:30.140709,397,1077,21111-35-PRECINCT 138 35 DISTRICT (H138)
Jefferson,H138,westk,12/27/2021 20:35:30.140709,6,1077,21111-35-PRECINCT 138 35 DISTRICT (H138)
Jefferson,H141,bidenj,12/27/2021 20:35:30.140709,538,761,21111-35-PRECINCT 141 35 DISTRICT (H141)
Jefferson,H141,jorgensenj,12/27/2021 20:35:30.140709,10,761,21111-35-PRECINCT 141 35 DISTRICT (H141)
Jefferson,H141,pierceb,12/27/2021 20:35:30.140709,1,761,21111-35-PRECINCT 141 35 DISTRICT (H141)
Jefferson,H141,trumpd,12/27/2021 20:35:30.140709,206,761,21111-35-PRECINCT 141 35 DISTRICT (H141)
Jefferson,H141,westk,12/27/2021 20:35:30.140709,6,761,21111-35-PRECINCT 141 35 DISTRICT (H141)
Jefferson,H144,bidenj,12/27/2021 20:35:30.140709,307,745,21111-35-PRECINCT 144 35 DISTRICT (H144)
Jefferson,H144,jorgensenj,12/27/2021 20:35:30.140709,7,745,21111-35-PRECINCT 144 35 DISTRICT (H144)
Jefferson,H144,pierceb,12/27/2021 20:35:30.140709,1,745,21111-35-PRECINCT 144 35 DISTRICT (H144)
Jefferson,H144,trumpd,12/27/2021 20:35:30.140709,423,745,21111-35-PRECINCT 144 35 DISTRICT (H144)
Jefferson,H144,westk,12/27/2021 20:35:30.140709,7,745,21111-35-PRECINCT 144 35 DISTRICT (H144)
Jefferson,H145,bidenj,12/27/2021 20:35:30.140709,194,551,21111-35-PRECINCT 145 35 DISTRICT (H145)
Jefferson,H145,jorgensenj,12/27/2021 20:35:30.140709,8,551,21111-35-PRECINCT 145 35 DISTRICT (H145)
Jefferson,H145,pierceb,12/27/2021 20:35:30.140709,0,551,21111-35-PRECINCT 145 35 DISTRICT (H145)
Jefferson,H145,trumpd,12/27/2021 20:35:30.140709,349,551,21111-35-PRECINCT 145 35 DISTRICT (H145)
Jefferson,H145,westk,12/27/2021 20:35:30.140709,0,551,21111-35-PRECINCT 145 35 DISTRICT (H145)
Jefferson,H146,bidenj,12/27/2021 20:35:30.140709,357,802,21111-35-PRECINCT 146 35 DISTRICT (H146)
Jefferson,H146,jorgensenj,12/27/2021 20:35:30.140709,8,802,21111-35-PRECINCT 146 35 DISTRICT (H146)
Jefferson,H146,pierceb,12/27/2021 20:35:30.140709,1,802,21111-35-PRECINCT 146 35 DISTRICT (H146)
Jefferson,H146,trumpd,12/27/2021 20:35:30.140709,433,802,21111-35-PRECINCT 146 35 DISTRICT (H146)
Jefferson,H146,westk,12/27/2021 20:35:30.140709,3,802,21111-35-PRECINCT 146 35 DISTRICT (H146)
Jefferson,H147,bidenj,12/27/2021 20:35:30.140709,253,562,21111-35-PRECINCT 147 35 DISTRICT (H147)
Jefferson,H147,jorgensenj,12/27/2021 20:35:30.140709,8,562,21111-35-PRECINCT 147 35 DISTRICT (H147)
Jefferson,H147,pierceb,12/27/2021 20:35:30.140709,1,562,21111-35-PRECINCT 147 35 DISTRICT (H147)
Jefferson,H147,trumpd,12/27/2021 20:35:30.140709,294,562,21111-35-PRECINCT 147 35 DISTRICT (H147)
Jefferson,H147,westk,12/27/2021 20:35:30.140709,6,562,21111-35-PRECINCT 147 35 DISTRICT (H147)
Jefferson,H148,bidenj,12/27/2021 20:35:30.140709,320,714,21111-35-PRECINCT 148 35 DISTRICT (H148)
Jefferson,H148,jorgensenj,12/27/2021 20:35:30.140709,10,714,21111-35-PRECINCT 148 35 DISTRICT (H148)
Jefferson,H148,pierceb,12/27/2021 20:35:30.140709,2,714,21111-35-PRECINCT 148 35 DISTRICT (H148)
Jefferson,H148,trumpd,12/27/2021 20:35:30.140709,380,714,21111-35-PRECINCT 148 35 DISTRICT (H148)
Jefferson,H148,westk,12/27/2021 20:35:30.140709,2,714,21111-35-PRECINCT 148 35 DISTRICT (H148)
Jefferson,H150,bidenj,12/27/2021 20:35:30.140709,0,3,21111-35-PRECINCT 150 35 DISTRICT (H150)
Jefferson,H150,jorgensenj,12/27/2021 20:35:30.140709,0,3,21111-35-PRECINCT 150 35 DISTRICT (H150)
Jefferson,H150,pierceb,12/27/2021 20:35:30.140709,0,3,21111-35-PRECINCT 150 35 DISTRICT (H150)
Jefferson,H150,trumpd,12/27/2021 20:35:30.140709,3,3,21111-35-PRECINCT 150 35 DISTRICT (H150)
Jefferson,H150,westk,12/27/2021 20:35:30.140709,0,3,21111-35-PRECINCT 150 35 DISTRICT (H150)
Jefferson,H151,bidenj,12/27/2021 20:35:30.140709,0,2,21111-35-PRECINCT 151 35 DISTRICT (H151)
Jefferson,H151,jorgensenj,12/27/2021 20:35:30.140709,0,2,21111-35-PRECINCT 151 35 DISTRICT (H151)
Jefferson,H151,pierceb,12/27/2021 20:35:30.140709,0,2,21111-35-PRECINCT 151 35 DISTRICT (H151)
Jefferson,H151,trumpd,12/27/2021 20:35:30.140709,2,2,21111-35-PRECINCT 151 35 DISTRICT (H151)
Jefferson,H151,westk,12/27/2021 20:35:30.140709,0,2,21111-35-PRECINCT 151 35 DISTRICT (H151)
Jefferson,H152,bidenj,12/27/2021 20:35:30.140709,96,128,21111-35-PRECINCT 152 35 DISTRICT (H152)
Jefferson,H152,jorgensenj,12/27/2021 20:35:30.140709,0,128,21111-35-PRECINCT 152 35 DISTRICT (H152)
Jefferson,H152,pierceb,12/27/2021 20:35:30.140709,0,128,21111-35-PRECINCT 152 35 DISTRICT (H152)
Jefferson,H152,trumpd,12/27/2021 20:35:30.140709,32,128,21111-35-PRECINCT 152 35 DISTRICT (H152)
Jefferson,H152,westk,12/27/2021 20:35:30.140709,0,128,21111-35-PRECINCT 152 35 DISTRICT (H152)
Jefferson,H153,bidenj,12/27/2021 20:35:30.140709,0,0,
Jefferson,H153,jorgensenj,12/27/2021 20:35:30.140709,0,0,
Jefferson,H153,pierceb,12/27/2021 20:35:30.140709,0,0,
Jefferson,H153,trumpd,12/27/2021 20:35:30.140709,0,0,
Jefferson,H153,westk,12/27/2021 20:35:30.140709,0,0,
Jefferson,H154,bidenj,12/27/2021 20:35:30.140709,95,201,21111-35-PRECINCT 154 35 DISTRICT (H154)
Jefferson,H154,jorgensenj,12/27/2021 20:35:30.140709,4,201,21111-35-PRECINCT 154 35 DISTRICT (H154)
Jefferson,H154,pierceb,12/27/2021 20:35:30.140709,0,201,21111-35-PRECINCT 154 35 DISTRICT (H154)
Jefferson,H154,trumpd,12/27/2021 20:35:30.140709,100,201,21111-35-PRECINCT 154 35 DISTRICT (H154)
Jefferson,H154,westk,12/27/2021 20:35:30.140709,2,201,21111-35-PRECINCT 154 35 DISTRICT (H154)
Jefferson,H155,bidenj,12/27/2021 20:35:30.140709,152,248,21111-35-PRECINCT 155 35 DISTRICT (H155)
Jefferson,H155,jorgensenj,12/27/2021 20:35:30.140709,4,248,21111-35-PRECINCT 155 35 DISTRICT (H155)
Jefferson,H155,pierceb,12/27/2021 20:35:30.140709,0,248,21111-35-PRECINCT 155 35 DISTRICT (H155)
Jefferson,H155,trumpd,12/27/2021 20:35:30.140709,90,248,21111-35-PRECINCT 155 35 DISTRICT (H155)
Jefferson,H155,westk,12/27/2021 20:35:30.140709,2,248,21111-35-PRECINCT 155 35 DISTRICT (H155)
Jefferson,H156,bidenj,12/27/2021 20:35:30.140709,0,0,
Jefferson,H156,jorgensenj,12/27/2021 20:35:30.140709,0,0,
Jefferson,H156,pierceb,12/27/2021 20:35:30.140709,0,0,
Jefferson,H156,trumpd,12/27/2021 20:35:30.140709,0,0,
Jefferson,H156,westk,12/27/2021 20:35:30.140709,0,0,
Jefferson,H157,bidenj,12/27/2021 20:35:30.140709,21,25,21111-35-PRECINCT 157 35 DISTRICT (H157)
Jefferson,H157,jorgensenj,12/27/2021 20:35:30.140709,0,25,21111-35-PRECINCT 157 35 DISTRICT (H157)
Jefferson,H157,pierceb,12/27/2021 20:35:30.140709,0,25,21111-35-PRECINCT 157 35 DISTRICT (H157)
Jefferson,H157,trumpd,12/27/2021 20:35:30.140709,4,25,21111-35-PRECINCT 157 35 DISTRICT (H157)
Jefferson,H157,westk,12/27/2021 20:35:30.140709,0,25,21111-35-PRECINCT 157 35 DISTRICT (H157)
Jefferson,H158,bidenj,12/27/2021 20:35:30.140709,0,0,
Jefferson,H158,jorgensenj,12/27/2021 20:35:30.140709,0,0,
Jefferson,H158,pierceb,12/27/2021 20:35:30.140709,0,0,
Jefferson,H158,trumpd,12/27/2021 20:35:30.140709,0,0,
Jefferson,H158,westk,12/27/2021 20:35:30.140709,0,0,
Jefferson,H159,bidenj,12/27/2021 20:35:30.140709,110,231,21111-35-PRECINCT 159 35 DISTRICT (H159)
Jefferson,H159,jorgensenj,12/27/2021 20:35:30.140709,6,231,21111-35-PRECINCT 159 35 DISTRICT (H159)
Jefferson,H159,pierceb,12/27/2021 20:35:30.140709,0,231,21111-35-PRECINCT 159 35 DISTRICT (H159)
Jefferson,H159,trumpd,12/27/2021 20:35:30.140709,114,231,21111-35-PRECINCT 159 35 DISTRICT (H159)
Jefferson,H159,westk,12/27/2021 20:35:30.140709,1,231,21111-35-PRECINCT 159 35 DISTRICT (H159)
Jefferson,H160,bidenj,12/27/2021 20:35:30.140709,655,1060,21111-35-PRECINCT 160 35 DISTRICT (H160)
Jefferson,H160,jorgensenj,12/27/2021 20:35:30.140709,19,1060,21111-35-PRECINCT 160 35 DISTRICT (H160)
Jefferson,H160,pierceb,12/27/2021 20:35:30.140709,1,1060,21111-35-PRECINCT 160 35 DISTRICT (H160)
Jefferson,H160,trumpd,12/27/2021 20:35:30.140709,380,1060,21111-35-PRECINCT 160 35 DISTRICT (H160)
Jefferson,H160,westk,12/27/2021 20:35:30.140709,5,1060,21111-35-PRECINCT 160 35 DISTRICT (H160)
Jefferson,H161,bidenj,12/27/2021 20:35:30.140709,1,2,21111-35-PRECINCT 161 35 DISTRICT (H161)
Jefferson,H161,jorgensenj,12/27/2021 20:35:30.140709,0,2,21111-35-PRECINCT 161 35 DISTRICT (H161)
Jefferson,H161,pierceb,12/27/2021 20:35:30.140709,0,2,21111-35-PRECINCT 161 35 DISTRICT (H161)
Jefferson,H161,trumpd,12/27/2021 20:35:30.140709,1,2,21111-35-PRECINCT 161 35 DISTRICT (H161)
Jefferson,H161,westk,12/27/2021 20:35:30.140709,0,2,21111-35-PRECINCT 161 35 DISTRICT (H161)
Jefferson,H162,bidenj,12/27/2021 20:35:30.140709,283,551,21111-35-PRECINCT 162 35 DISTRICT (H162)
Jefferson,H162,jorgensenj,12/27/2021 20:35:30.140709,14,551,21111-35-PRECINCT 162 35 DISTRICT (H162)
Jefferson,H162,pierceb,12/27/2021 20:35:30.140709,1,551,21111-35-PRECINCT 162 35 DISTRICT (H162)
Jefferson,H162,trumpd,12/27/2021 20:35:30.140709,253,551,21111-35-PRECINCT 162 35 DISTRICT (H162)
Jefferson,H162,westk,12/27/2021 20:35:30.140709,0,551,21111-35-PRECINCT 162 35 DISTRICT (H162)
Jefferson,I107,bidenj,12/27/2021 20:35:30.140709,429,662,21111-37-PRECINCT 107 37 DISTRICT (I107)
Jefferson,I107,jorgensenj,12/27/2021 20:35:30.140709,8,662,21111-37-PRECINCT 107 37 DISTRICT (I107)
Jefferson,I107,pierceb,12/27/2021 20:35:30.140709,2,662,21111-37-PRECINCT 107 37 DISTRICT (I107)
Jefferson,I107,trumpd,12/27/2021 20:35:30.140709,218,662,21111-37-PRECINCT 107 37 DISTRICT (I107)
Jefferson,I107,westk,12/27/2021 20:35:30.140709,5,662,21111-37-PRECINCT 107 37 DISTRICT (I107)
Jefferson,I109,bidenj,12/27/2021 20:35:30.140709,253,388,21111-37-PRECINCT 109 37 DISTRICT (I109)
Jefferson,I109,jorgensenj,12/27/2021 20:35:30.140709,10,388,21111-37-PRECINCT 109 37 DISTRICT (I109)
Jefferson,I109,pierceb,12/27/2021 20:35:30.140709,2,388,21111-37-PRECINCT 109 37 DISTRICT (I109)
Jefferson,I109,trumpd,12/27/2021 20:35:30.140709,117,388,21111-37-PRECINCT 109 37 DISTRICT (I109)
Jefferson,I109,westk,12/27/2021 20:35:30.140709,6,388,21111-37-PRECINCT 109 37 DISTRICT (I109)
Jefferson,I110,bidenj,12/27/2021 20:35:30.140709,117,187,21111-37-PRECINCT 110 37 DISTRICT (I110)
Jefferson,I110,jorgensenj,12/27/2021 20:35:30.140709,6,187,21111-37-PRECINCT 110 37 DISTRICT (I110)
Jefferson,I110,pierceb,12/27/2021 20:35:30.140709,3,187,21111-37-PRECINCT 110 37 DISTRICT (I110)
Jefferson,I110,trumpd,12/27/2021 20:35:30.140709,59,187,21111-37-PRECINCT 110 37 DISTRICT (I110)
Jefferson,I110,westk,12/27/2021 20:35:30.140709,2,187,21111-37-PRECINCT 110 37 DISTRICT (I110)
Jefferson,I111,bidenj,12/27/2021 20:35:30.140709,610,951,21111-37-PRECINCT 111 37 DISTRICT (I111)
Jefferson,I111,jorgensenj,12/27/2021 20:35:30.140709,18,951,21111-37-PRECINCT 111 37 DISTRICT (I111)
Jefferson,I111,pierceb,12/27/2021 20:35:30.140709,3,951,21111-37-PRECINCT 111 37 DISTRICT (I111)
Jefferson,I111,trumpd,12/27/2021 20:35:30.140709,313,951,21111-37-PRECINCT 111 37 DISTRICT (I111)
Jefferson,I111,westk,12/27/2021 20:35:30.140709,7,951,21111-37-PRECINCT 111 37 DISTRICT (I111)
Jefferson,I112,bidenj,12/27/2021 20:35:30.140709,456,789,21111-37-PRECINCT 112 37 DISTRICT (I112)
Jefferson,I112,jorgensenj,12/27/2021 20:35:30.140709,12,789,21111-37-PRECINCT 112 37 DISTRICT (I112)
Jefferson,I112,pierceb,12/27/2021 20:35:30.140709,2,789,21111-37-PRECINCT 112 37 DISTRICT (I112)
Jefferson,I112,trumpd,12/27/2021 20:35:30.140709,316,789,21111-37-PRECINCT 112 37 DISTRICT (I112)
Jefferson,I112,westk,12/27/2021 20:35:30.140709,3,789,21111-37-PRECINCT 112 37 DISTRICT (I112)
Jefferson,I115,bidenj,12/27/2021 20:35:30.140709,404,532,21111-37-PRECINCT 115 37 DISTRICT (I115)
Jefferson,I115,jorgensenj,12/27/2021 20:35:30.140709,4,532,21111-37-PRECINCT 115 37 DISTRICT (I115)
Jefferson,I115,pierceb,12/27/2021 20:35:30.140709,2,532,21111-37-PRECINCT 115 37 DISTRICT (I115)
Jefferson,I115,trumpd,12/27/2021 20:35:30.140709,118,532,21111-37-PRECINCT 115 37 DISTRICT (I115)
Jefferson,I115,westk,12/27/2021 20:35:30.140709,4,532,21111-37-PRECINCT 115 37 DISTRICT (I115)
Jefferson,I120,bidenj,12/27/2021 20:35:30.140709,185,348,21111-37-PRECINCT 120 37 DISTRICT (I120)
Jefferson,I120,jorgensenj,12/27/2021 20:35:30.140709,5,348,21111-37-PRECINCT 120 37 DISTRICT (I120)
Jefferson,I120,pierceb,12/27/2021 20:35:30.140709,0,348,21111-37-PRECINCT 120 37 DISTRICT (I120)
Jefferson,I120,trumpd,12/27/2021 20:35:30.140709,158,348,21111-37-PRECINCT 120 37 DISTRICT (I120)
Jefferson,I120,westk,12/27/2021 20:35:30.140709,0,348,21111-37-PRECINCT 120 37 DISTRICT (I120)
Jefferson,I122,bidenj,12/27/2021 20:35:30.140709,134,344,21111-37-PRECINCT 122 37 DISTRICT (I122)
Jefferson,I122,jorgensenj,12/27/2021 20:35:30.140709,2,344,21111-37-PRECINCT 122 37 DISTRICT (I122)
Jefferson,I122,pierceb,12/27/2021 20:35:30.140709,0,344,21111-37-PRECINCT 122 37 DISTRICT (I122)
Jefferson,I122,trumpd,12/27/2021 20:35:30.140709,207,344,21111-37-PRECINCT 122 37 DISTRICT (I122)
Jefferson,I122,westk,12/27/2021 20:35:30.140709,1,344,21111-37-PRECINCT 122 37 DISTRICT (I122)
Jefferson,I123,bidenj,12/27/2021 20:35:30.140709,492,1007,21111-37-PRECINCT 123 37 DISTRICT (I123)
Jefferson,I123,jorgensenj,12/27/2021 20:35:30.140709,12,1007,21111-37-PRECINCT 123 37 DISTRICT (I123)
Jefferson,I123,pierceb,12/27/2021 20:35:30.140709,1,1007,21111-37-PRECINCT 123 37 DISTRICT (I123)
Jefferson,I123,trumpd,12/27/2021 20:35:30.140709,498,1007,21111-37-PRECINCT 123 37 DISTRICT (I123)
Jefferson,I123,westk,12/27/2021 20:35:30.140709,4,1007,21111-37-PRECINCT 123 37 DISTRICT (I123)
Jefferson,I124,bidenj,12/27/2021 20:35:30.140709,228,472,21111-37-PRECINCT 124 37 DISTRICT (I124)
Jefferson,I124,jorgensenj,12/27/2021 20:35:30.140709,3,472,21111-37-PRECINCT 124 37 DISTRICT (I124)
Jefferson,I124,pierceb,12/27/2021 20:35:30.140709,0,472,21111-37-PRECINCT 124 37 DISTRICT (I124)
Jefferson,I124,trumpd,12/27/2021 20:35:30.140709,238,472,21111-37-PRECINCT 124 37 DISTRICT (I124)
Jefferson,I124,westk,12/27/2021 20:35:30.140709,3,472,21111-37-PRECINCT 124 37 DISTRICT (I124)
Jefferson,I125,bidenj,12/27/2021 20:35:30.140709,199,353,21111-37-PRECINCT 125 37 DISTRICT (I125)
Jefferson,I125,jorgensenj,12/27/2021 20:35:30.140709,7,353,21111-37-PRECINCT 125 37 DISTRICT (I125)
Jefferson,I125,pierceb,12/27/2021 20:35:30.140709,0,353,21111-37-PRECINCT 125 37 DISTRICT (I125)
Jefferson,I125,trumpd,12/27/2021 20:35:30.140709,145,353,21111-37-PRECINCT 125 37 DISTRICT (I125)
Jefferson,I125,westk,12/27/2021 20:35:30.140709,2,353,21111-37-PRECINCT 125 37 DISTRICT (I125)
Jefferson,I126,bidenj,12/27/2021 20:35:30.140709,204,704,21111-37-PRECINCT 126 37 DISTRICT (I126)
Jefferson,I126,jorgensenj,12/27/2021 20:35:30.140709,14,704,21111-37-PRECINCT 126 37 DISTRICT (I126)
Jefferson,I126,pierceb,12/27/2021 20:35:30.140709,0,704,21111-37-PRECINCT 126 37 DISTRICT (I126)
Jefferson,I126,trumpd,12/27/2021 20:35:30.140709,482,704,21111-37-PRECINCT 126 37 DISTRICT (I126)
Jefferson,I126,westk,12/27/2021 20:35:30.140709,4,704,21111-37-PRECINCT 126 37 DISTRICT (I126)
Jefferson,I130,bidenj,12/27/2021 20:35:30.140709,143,392,21111-37-PRECINCT 130 37 DISTRICT (I130)
Jefferson,I130,jorgensenj,12/27/2021 20:35:30.140709,4,392,21111-37-PRECINCT 130 37 DISTRICT (I130)
Jefferson,I130,pierceb,12/27/2021 20:35:30.140709,0,392,21111-37-PRECINCT 130 37 DISTRICT (I130)
Jefferson,I130,trumpd,12/27/2021 20:35:30.140709,244,392,21111-37-PRECINCT 130 37 DISTRICT (I130)
Jefferson,I130,westk,12/27/2021 20:35:30.140709,1,392,21111-37-PRECINCT 130 37 DISTRICT (I130)
Jefferson,I133,bidenj,12/27/2021 20:35:30.140709,324,1164,21111-37-PRECINCT 133 37 DISTRICT (I133)
Jefferson,I133,jorgensenj,12/27/2021 20:35:30.140709,14,1164,21111-37-PRECINCT 133 37 DISTRICT (I133)
Jefferson,I133,pierceb,12/27/2021 20:35:30.140709,0,1164,21111-37-PRECINCT 133 37 DISTRICT (I133)
Jefferson,I133,trumpd,12/27/2021 20:35:30.140709,824,1164,21111-37-PRECINCT 133 37 DISTRICT (I133)
Jefferson,I133,westk,12/27/2021 20:35:30.140709,2,1164,21111-37-PRECINCT 133 37 DISTRICT (I133)
Jefferson,I135,bidenj,12/27/2021 20:35:30.140709,125,387,21111-37-PRECINCT 135 37 DISTRICT (I135)
Jefferson,I135,jorgensenj,12/27/2021 20:35:30.140709,6,387,21111-37-PRECINCT 135 37 DISTRICT (I135)
Jefferson,I135,pierceb,12/27/2021 20:35:30.140709,2,387,21111-37-PRECINCT 135 37 DISTRICT (I135)
Jefferson,I135,trumpd,12/27/2021 20:35:30.140709,253,387,21111-37-PRECINCT 135 37 DISTRICT (I135)
Jefferson,I135,westk,12/27/2021 20:35:30.140709,1,387,21111-37-PRECINCT 135 37 DISTRICT (I135)
Jefferson,I138,bidenj,12/27/2021 20:35:30.140709,0,0,21111-37-PRECINCT 138 37 DISTRICT (I138)
Jefferson,I138,jorgensenj,12/27/2021 20:35:30.140709,0,0,21111-37-PRECINCT 138 37 DISTRICT (I138)
Jefferson,I138,pierceb,12/27/2021 20:35:30.140709,0,0,21111-37-PRECINCT 138 37 DISTRICT (I138)
Jefferson,I138,trumpd,12/27/2021 20:35:30.140709,0,0,21111-37-PRECINCT 138 37 DISTRICT (I138)
Jefferson,I138,westk,12/27/2021 20:35:30.140709,0,0,21111-37-PRECINCT 138 37 DISTRICT (I138)
Jefferson,I140,bidenj,12/27/2021 20:35:30.140709,57,86,21111-37-PRECINCT 140 37 DISTRICT (I140)
Jefferson,I140,jorgensenj,12/27/2021 20:35:30.140709,2,86,21111-37-PRECINCT 140 37 DISTRICT (I140)
Jefferson,I140,pierceb,12/27/2021 20:35:30.140709,0,86,21111-37-PRECINCT 140 37 DISTRICT (I140)
Jefferson,I140,trumpd,12/27/2021 20:35:30.140709,26,86,21111-37-PRECINCT 140 37 DISTRICT (I140)
Jefferson,I140,westk,12/27/2021 20:35:30.140709,1,86,21111-37-PRECINCT 140 37 DISTRICT (I140)
Jefferson,I141,bidenj,12/27/2021 20:35:30.140709,442,838,21111-37-PRECINCT 141 37 DISTRICT (I141)
Jefferson,I141,jorgensenj,12/27/2021 20:35:30.140709,21,838,21111-37-PRECINCT 141 37 DISTRICT (I141)
Jefferson,I141,pierceb,12/27/2021 20:35:30.140709,0,838,21111-37-PRECINCT 141 37 DISTRICT (I141)
Jefferson,I141,trumpd,12/27/2021 20:35:30.140709,373,838,21111-37-PRECINCT 141 37 DISTRICT (I141)
Jefferson,I141,westk,12/27/2021 20:35:30.140709,2,838,21111-37-PRECINCT 141 37 DISTRICT (I141)
Jefferson,I142,bidenj,12/27/2021 20:35:30.140709,0,2,21111-37-PRECINCT 142 37 DISTRICT (I142)
Jefferson,I142,jorgensenj,12/27/2021 20:35:30.140709,0,2,21111-37-PRECINCT 142 37 DISTRICT (I142)
Jefferson,I142,pierceb,12/27/2021 20:35:30.140709,0,2,21111-37-PRECINCT 142 37 DISTRICT (I142)
Jefferson,I142,trumpd,12/27/2021 20:35:30.140709,2,2,21111-37-PRECINCT 142 37 DISTRICT (I142)
Jefferson,I142,westk,12/27/2021 20:35:30.140709,0,2,21111-37-PRECINCT 142 37 DISTRICT (I142)
Jefferson,I143,bidenj,12/27/2021 20:35:30.140709,32,69,21111-37-PRECINCT 143 37 DISTRICT (I143)
Jefferson,I143,jorgensenj,12/27/2021 20:35:30.140709,1,69,21111-37-PRECINCT 143 37 DISTRICT (I143)
Jefferson,I143,pierceb,12/27/2021 20:35:30.140709,0,69,21111-37-PRECINCT 143 37 DISTRICT (I143)
Jefferson,I143,trumpd,12/27/2021 20:35:30.140709,36,69,21111-37-PRECINCT 143 37 DISTRICT (I143)
Jefferson,I143,westk,12/27/2021 20:35:30.140709,0,69,21111-37-PRECINCT 143 37 DISTRICT (I143)
Jefferson,I144,bidenj,12/27/2021 20:35:30.140709,32,89,21111-37-PRECINCT 144 37 DISTRICT (I144)
Jefferson,I144,jorgensenj,12/27/2021 20:35:30.140709,0,89,21111-37-PRECINCT 144 37 DISTRICT (I144)
Jefferson,I144,pierceb,12/27/2021 20:35:30.140709,1,89,21111-37-PRECINCT 144 37 DISTRICT (I144)
Jefferson,I144,trumpd,12/27/2021 20:35:30.140709,56,89,21111-37-PRECINCT 144 37 DISTRICT (I144)
Jefferson,I144,westk,12/27/2021 20:35:30.140709,0,89,21111-37-PRECINCT 144 37 DISTRICT (I144)
Jefferson,I145,bidenj,12/27/2021 20:35:30.140709,85,176,21111-37-PRECINCT 145 37 DISTRICT (I145)
Jefferson,I145,jorgensenj,12/27/2021 20:35:30.140709,3,176,21111-37-PRECINCT 145 37 DISTRICT (I145)
Jefferson,I145,pierceb,12/27/2021 20:35:30.140709,0,176,21111-37-PRECINCT 145 37 DISTRICT (I145)
Jefferson,I145,trumpd,12/27/2021 20:35:30.140709,85,176,21111-37-PRECINCT 145 37 DISTRICT (I145)
Jefferson,I145,westk,12/27/2021 20:35:30.140709,3,176,21111-37-PRECINCT 145 37 DISTRICT (I145)
Jefferson,I146,bidenj,12/27/2021 20:35:30.140709,325,737,21111-37-PRECINCT 146 37 DISTRICT (I146)
Jefferson,I146,jorgensenj,12/27/2021 20:35:30.140709,7,737,21111-37-PRECINCT 146 37 DISTRICT (I146)
Jefferson,I146,pierceb,12/27/2021 20:35:30.140709,2,737,21111-37-PRECINCT 146 37 DISTRICT (I146)
Jefferson,I146,trumpd,12/27/2021 20:35:30.140709,398,737,21111-37-PRECINCT 146 37 DISTRICT (I146)
Jefferson,I146,westk,12/27/2021 20:35:30.140709,5,737,21111-37-PRECINCT 146 37 DISTRICT (I146)
Jefferson,I147,bidenj,12/27/2021 20:35:30.140709,18,44,21111-37-PRECINCT 147 37 DISTRICT (I147)
Jefferson,I147,jorgensenj,12/27/2021 20:35:30.140709,1,44,21111-37-PRECINCT 147 37 DISTRICT (I147)
Jefferson,I147,pierceb,12/27/2021 20:35:30.140709,0,44,21111-37-PRECINCT 147 37 DISTRICT (I147)
Jefferson,I147,trumpd,12/27/2021 20:35:30.140709,25,44,21111-37-PRECINCT 147 37 DISTRICT (I147)
Jefferson,I147,westk,12/27/2021 20:35:30.140709,0,44,21111-37-PRECINCT 147 37 DISTRICT (I147)
Jefferson,I148,bidenj,12/27/2021 20:35:30.140709,345,610,21111-37-PRECINCT 148 37 DISTRICT (I148)
Jefferson,I148,jorgensenj,12/27/2021 20:35:30.140709,11,610,21111-37-PRECINCT 148 37 DISTRICT (I148)
Jefferson,I148,pierceb,12/27/2021 20:35:30.140709,2,610,21111-37-PRECINCT 148 37 DISTRICT (I148)
Jefferson,I148,trumpd,12/27/2021 20:35:30.140709,248,610,21111-37-PRECINCT 148 37 DISTRICT (I148)
Jefferson,I148,westk,12/27/2021 20:35:30.140709,4,610,21111-37-PRECINCT 148 37 DISTRICT (I148)
Jefferson,I149,bidenj,12/27/2021 20:35:30.140709,0,0,
Jefferson,I149,jorgensenj,12/27/2021 20:35:30.140709,0,0,
Jefferson,I149,pierceb,12/27/2021 20:35:30.140709,0,0,
Jefferson,I149,trumpd,12/27/2021 20:35:30.140709,0,0,
Jefferson,I149,westk,12/27/2021 20:35:30.140709,0,0,
Jefferson,I150,bidenj,12/27/2021 20:35:30.140709,54,82,21111-37-PRECINCT 150 37 DISTRICT (I150)
Jefferson,I150,jorgensenj,12/27/2021 20:35:30.140709,0,82,21111-37-PRECINCT 150 37 DISTRICT (I150)
Jefferson,I150,pierceb,12/27/2021 20:35:30.140709,0,82,21111-37-PRECINCT 150 37 DISTRICT (I150)
Jefferson,I150,trumpd,12/27/2021 20:35:30.140709,28,82,21111-37-PRECINCT 150 37 DISTRICT (I150)
Jefferson,I150,westk,12/27/2021 20:35:30.140709,0,82,21111-37-PRECINCT 150 37 DISTRICT (I150)
Jefferson,I151,bidenj,12/27/2021 20:35:30.140709,451,846,21111-37-PRECINCT 151 37 DISTRICT (I151)
Jefferson,I151,jorgensenj,12/27/2021 20:35:30.140709,10,846,21111-37-PRECINCT 151 37 DISTRICT (I151)
Jefferson,I151,pierceb,12/27/2021 20:35:30.140709,3,846,21111-37-PRECINCT 151 37 DISTRICT (I151)
Jefferson,I151,trumpd,12/27/2021 20:35:30.140709,373,846,21111-37-PRECINCT 151 37 DISTRICT (I151)
Jefferson,I151,westk,12/27/2021 20:35:30.140709,9,846,21111-37-PRECINCT 151 37 DISTRICT (I151)
Jefferson,I152,bidenj,12/27/2021 20:35:30.140709,434,969,21111-37-PRECINCT 152 37 DISTRICT (I152)
Jefferson,I152,jorgensenj,12/27/2021 20:35:30.140709,13,969,21111-37-PRECINCT 152 37 DISTRICT (I152)
Jefferson,I152,pierceb,12/27/2021 20:35:30.140709,3,969,21111-37-PRECINCT 152 37 DISTRICT (I152)
Jefferson,I152,trumpd,12/27/2021 20:35:30.140709,517,969,21111-37-PRECINCT 152 37 DISTRICT (I152)
Jefferson,I152,westk,12/27/2021 20:35:30.140709,2,969,21111-37-PRECINCT 152 37 DISTRICT (I152)
Jefferson,I153,bidenj,12/27/2021 20:35:30.140709,625,1309,21111-37-PRECINCT 153 37 DISTRICT (I153)
Jefferson,I153,jorgensenj,12/27/2021 20:35:30.140709,23,1309,21111-37-PRECINCT 153 37 DISTRICT (I153)
Jefferson,I153,pierceb,12/27/2021 20:35:30.140709,1,1309,21111-37-PRECINCT 153 37 DISTRICT (I153)
Jefferson,I153,trumpd,12/27/2021 20:35:30.140709,655,1309,21111-37-PRECINCT 153 37 DISTRICT (I153)
Jefferson,I153,westk,12/27/2021 20:35:30.140709,5,1309,21111-37-PRECINCT 153 37 DISTRICT (I153)
Jefferson,I154,bidenj,12/27/2021 20:35:30.140709,721,1298,21111-37-PRECINCT 154 37 DISTRICT (I154)
Jefferson,I154,jorgensenj,12/27/2021 20:35:30.140709,20,1298,21111-37-PRECINCT 154 37 DISTRICT (I154)
Jefferson,I154,pierceb,12/27/2021 20:35:30.140709,6,1298,21111-37-PRECINCT 154 37 DISTRICT (I154)
Jefferson,I154,trumpd,12/27/2021 20:35:30.140709,538,1298,21111-37-PRECINCT 154 37 DISTRICT (I154)
Jefferson,I154,westk,12/27/2021 20:35:30.140709,13,1298,21111-37-PRECINCT 154 37 DISTRICT (I154)
Jefferson,I155,bidenj,12/27/2021 20:35:30.140709,9,44,21111-37-PRECINCT 155 37 DISTRICT (I155)
Jefferson,I155,jorgensenj,12/27/2021 20:35:30.140709,0,44,21111-37-PRECINCT 155 37 DISTRICT (I155)
Jefferson,I155,pierceb,12/27/2021 20:35:30.140709,0,44,21111-37-PRECINCT 155 37 DISTRICT (I155)
Jefferson,I155,trumpd,12/27/2021 20:35:30.140709,35,44,21111-37-PRECINCT 155 37 DISTRICT (I155)
Jefferson,I155,westk,12/27/2021 20:35:30.140709,0,44,21111-37-PRECINCT 155 37 DISTRICT (I155)
Jefferson,I156,bidenj,12/27/2021 20:35:30.140709,143,325,21111-37-PRECINCT 156 37 DISTRICT (I156)
Jefferson,I156,jorgensenj,12/27/2021 20:35:30.140709,3,325,21111-37-PRECINCT 156 37 DISTRICT (I156)
Jefferson,I156,pierceb,12/27/2021 20:35:30.140709,1,325,21111-37-PRECINCT 156 37 DISTRICT (I156)
Jefferson,I156,trumpd,12/27/2021 20:35:30.140709,175,325,21111-37-PRECINCT 156 37 DISTRICT (I156)
Jefferson,I156,westk,12/27/2021 20:35:30.140709,3,325,21111-37-PRECINCT 156 37 DISTRICT (I156)
Jefferson,J101,bidenj,12/27/2021 20:35:30.140709,408,586,21111-38-PRECINCT 101 38 DISTRICT (J101)
Jefferson,J101,jorgensenj,12/27/2021 20:35:30.140709,10,586,21111-38-PRECINCT 101 38 DISTRICT (J101)
Jefferson,J101,pierceb,12/27/2021 20:35:30.140709,4,586,21111-38-PRECINCT 101 38 DISTRICT (J101)
Jefferson,J101,trumpd,12/27/2021 20:35:30.140709,161,586,21111-38-PRECINCT 101 38 DISTRICT (J101)
Jefferson,J101,westk,12/27/2021 20:35:30.140709,3,586,21111-38-PRECINCT 101 38 DISTRICT (J101)
Jefferson,J104,bidenj,12/27/2021 20:35:30.140709,585,831,21111-38-PRECINCT 104 38 DISTRICT (J104)
Jefferson,J104,jorgensenj,12/27/2021 20:35:30.140709,7,831,21111-38-PRECINCT 104 38 DISTRICT (J104)
Jefferson,J104,pierceb,12/27/2021 20:35:30.140709,4,831,21111-38-PRECINCT 104 38 DISTRICT (J104)
Jefferson,J104,trumpd,12/27/2021 20:35:30.140709,225,831,21111-38-PRECINCT 104 38 DISTRICT (J104)
Jefferson,J104,westk,12/27/2021 20:35:30.140709,10,831,21111-38-PRECINCT 104 38 DISTRICT (J104)
Jefferson,J105,bidenj,12/27/2021 20:35:30.140709,239,420,21111-38-PRECINCT 105 38 DISTRICT (J105)
Jefferson,J105,jorgensenj,12/27/2021 20:35:30.140709,3,420,21111-38-PRECINCT 105 38 DISTRICT (J105)
Jefferson,J105,pierceb,12/27/2021 20:35:30.140709,0,420,21111-38-PRECINCT 105 38 DISTRICT (J105)
Jefferson,J105,trumpd,12/27/2021 20:35:30.140709,177,420,21111-38-PRECINCT 105 38 DISTRICT (J105)
Jefferson,J105,westk,12/27/2021 20:35:30.140709,1,420,21111-38-PRECINCT 105 38 DISTRICT (J105)
Jefferson,J107,bidenj,12/27/2021 20:35:30.140709,342,506,21111-38-PRECINCT 107 38 DISTRICT (J107)
Jefferson,J107,jorgensenj,12/27/2021 20:35:30.140709,5,506,21111-38-PRECINCT 107 38 DISTRICT (J107)
Jefferson,J107,pierceb,12/27/2021 20:35:30.140709,1,506,21111-38-PRECINCT 107 38 DISTRICT (J107)
Jefferson,J107,trumpd,12/27/2021 20:35:30.140709,152,506,21111-38-PRECINCT 107 38 DISTRICT (J107)
Jefferson,J107,westk,12/27/2021 20:35:30.140709,6,506,21111-38-PRECINCT 107 38 DISTRICT (J107)
Jefferson,J108,bidenj,12/27/2021 20:35:30.140709,499,844,21111-38-PRECINCT 108 38 DISTRICT (J108)
Jefferson,J108,jorgensenj,12/27/2021 20:35:30.140709,14,844,21111-38-PRECINCT 108 38 DISTRICT (J108)
Jefferson,J108,pierceb,12/27/2021 20:35:30.140709,4,844,21111-38-PRECINCT 108 38 DISTRICT (J108)
Jefferson,J108,trumpd,12/27/2021 20:35:30.140709,321,844,21111-38-PRECINCT 108 38 DISTRICT (J108)
Jefferson,J108,westk,12/27/2021 20:35:30.140709,6,844,21111-38-PRECINCT 108 38 DISTRICT (J108)
Jefferson,J111,bidenj,12/27/2021 20:35:30.140709,361,569,21111-38-PRECINCT 111 38 DISTRICT (J111)
Jefferson,J111,jorgensenj,12/27/2021 20:35:30.140709,6,569,21111-38-PRECINCT 111 38 DISTRICT (J111)
Jefferson,J111,pierceb,12/27/2021 20:35:30.140709,1,569,21111-38-PRECINCT 111 38 DISTRICT (J111)
Jefferson,J111,trumpd,12/27/2021 20:35:30.140709,196,569,21111-38-PRECINCT 111 38 DISTRICT (J111)
Jefferson,J111,westk,12/27/2021 20:35:30.140709,5,569,21111-38-PRECINCT 111 38 DISTRICT (J111)
Jefferson,J113,bidenj,12/27/2021 20:35:30.140709,477,861,21111-38-PRECINCT 113 38 DISTRICT (J113)
Jefferson,J113,jorgensenj,12/27/2021 20:35:30.140709,10,861,21111-38-PRECINCT 113 38 DISTRICT (J113)
Jefferson,J113,pierceb,12/27/2021 20:35:30.140709,2,861,21111-38-PRECINCT 113 38 DISTRICT (J113)
Jefferson,J113,trumpd,12/27/2021 20:35:30.140709,366,861,21111-38-PRECINCT 113 38 DISTRICT (J113)
Jefferson,J113,westk,12/27/2021 20:35:30.140709,6,861,21111-38-PRECINCT 113 38 DISTRICT (J113)
Jefferson,J114,bidenj,12/27/2021 20:35:30.140709,564,975,21111-38-PRECINCT 114 38 DISTRICT (J114)
Jefferson,J114,jorgensenj,12/27/2021 20:35:30.140709,12,975,21111-38-PRECINCT 114 38 DISTRICT (J114)
Jefferson,J114,pierceb,12/27/2021 20:35:30.140709,1,975,21111-38-PRECINCT 114 38 DISTRICT (J114)
Jefferson,J114,trumpd,12/27/2021 20:35:30.140709,395,975,21111-38-PRECINCT 114 38 DISTRICT (J114)
Jefferson,J114,westk,12/27/2021 20:35:30.140709,3,975,21111-38-PRECINCT 114 38 DISTRICT (J114)
Jefferson,J117,bidenj,12/27/2021 20:35:30.140709,225,443,21111-38-PRECINCT 117 38 DISTRICT (J117)
Jefferson,J117,jorgensenj,12/27/2021 20:35:30.140709,2,443,21111-38-PRECINCT 117 38 DISTRICT (J117)
Jefferson,J117,pierceb,12/27/2021 20:35:30.140709,0,443,21111-38-PRECINCT 117 38 DISTRICT (J117)
Jefferson,J117,trumpd,12/27/2021 20:35:30.140709,213,443,21111-38-PRECINCT 117 38 DISTRICT (J117)
Jefferson,J117,westk,12/27/2021 20:35:30.140709,3,443,21111-38-PRECINCT 117 38 DISTRICT (J117)
Jefferson,J119,bidenj,12/27/2021 20:35:30.140709,293,584,21111-38-PRECINCT 119 38 DISTRICT (J119)
Jefferson,J119,jorgensenj,12/27/2021 20:35:30.140709,5,584,21111-38-PRECINCT 119 38 DISTRICT (J119)
Jefferson,J119,pierceb,12/27/2021 20:35:30.140709,0,584,21111-38-PRECINCT 119 38 DISTRICT (J119)
Jefferson,J119,trumpd,12/27/2021 20:35:30.140709,284,584,21111-38-PRECINCT 119 38 DISTRICT (J119)
Jefferson,J119,westk,12/27/2021 20:35:30.140709,2,584,21111-38-PRECINCT 119 38 DISTRICT (J119)
Jefferson,J120,bidenj,12/27/2021 20:35:30.140709,358,719,21111-38-PRECINCT 120 38 DISTRICT (J120)
Jefferson,J120,jorgensenj,12/27/2021 20:35:30.140709,11,719,21111-38-PRECINCT 120 38 DISTRICT (J120)
Jefferson,J120,pierceb,12/27/2021 20:35:30.140709,3,719,21111-38-PRECINCT 120 38 DISTRICT (J120)
Jefferson,J120,trumpd,12/27/2021 20:35:30.140709,346,719,21111-38-PRECINCT 120 38 DISTRICT (J120)
Jefferson,J120,westk,12/27/2021 20:35:30.140709,1,719,21111-38-PRECINCT 120 38 DISTRICT (J120)
Jefferson,J122,bidenj,12/27/2021 20:35:30.140709,318,617,21111-38-PRECINCT 122 38 DISTRICT (J122)
Jefferson,J122,jorgensenj,12/27/2021 20:35:30.140709,3,617,21111-38-PRECINCT 122 38 DISTRICT (J122)
Jefferson,J122,pierceb,12/27/2021 20:35:30.140709,1,617,21111-38-PRECINCT 122 38 DISTRICT (J122)
Jefferson,J122,trumpd,12/27/2021 20:35:30.140709,294,617,21111-38-PRECINCT 122 38 DISTRICT (J122)
Jefferson,J122,westk,12/27/2021 20:35:30.140709,1,617,21111-38-PRECINCT 122 38 DISTRICT (J122)
Jefferson,J123,bidenj,12/27/2021 20:35:30.140709,200,410,21111-38-PRECINCT 123 38 DISTRICT (J123)
Jefferson,J123,jorgensenj,12/27/2021 20:35:30.140709,14,410,21111-38-PRECINCT 123 38 DISTRICT (J123)
Jefferson,J123,pierceb,12/27/2021 20:35:30.140709,0,410,21111-38-PRECINCT 123 38 DISTRICT (J123)
Jefferson,J123,trumpd,12/27/2021 20:35:30.140709,195,410,21111-38-PRECINCT 123 38 DISTRICT (J123)
Jefferson,J123,westk,12/27/2021 20:35:30.140709,1,410,21111-38-PRECINCT 123 38 DISTRICT (J123)
Jefferson,J130,bidenj,12/27/2021 20:35:30.140709,127,204,21111-38-PRECINCT 130 38 DISTRICT (J130)
Jefferson,J130,jorgensenj,12/27/2021 20:35:30.140709,3,204,21111-38-PRECINCT 130 38 DISTRICT (J130)
Jefferson,J130,pierceb,12/27/2021 20:35:30.140709,1,204,21111-38-PRECINCT 130 38 DISTRICT (J130)
Jefferson,J130,trumpd,12/27/2021 20:35:30.140709,72,204,21111-38-PRECINCT 130 38 DISTRICT (J130)
Jefferson,J130,westk,12/27/2021 20:35:30.140709,1,204,21111-38-PRECINCT 130 38 DISTRICT (J130)
Jefferson,J135,bidenj,12/27/2021 20:35:30.140709,366,819,21111-38-PRECINCT 135 38 DISTRICT (J135)
Jefferson,J135,jorgensenj,12/27/2021 20:35:30.140709,11,819,21111-38-PRECINCT 135 38 DISTRICT (J135)
Jefferson,J135,pierceb,12/27/2021 20:35:30.140709,1,819,21111-38-PRECINCT 135 38 DISTRICT (J135)
Jefferson,J135,trumpd,12/27/2021 20:35:30.140709,435,819,21111-38-PRECINCT 135 38 DISTRICT (J135)
Jefferson,J135,westk,12/27/2021 20:35:30.140709,6,819,21111-38-PRECINCT 135 38 DISTRICT (J135)
Jefferson,J137,bidenj,12/27/2021 20:35:30.140709,266,662,21111-38-PRECINCT 137 38 DISTRICT (J137)
Jefferson,J137,jorgensenj,12/27/2021 20:35:30.140709,6,662,21111-38-PRECINCT 137 38 DISTRICT (J137)
Jefferson,J137,pierceb,12/27/2021 20:35:30.140709,1,662,21111-38-PRECINCT 137 38 DISTRICT (J137)
Jefferson,J137,trumpd,12/27/2021 20:35:30.140709,386,662,21111-38-PRECINCT 137 38 DISTRICT (J137)
Jefferson,J137,westk,12/27/2021 20:35:30.140709,3,662,21111-38-PRECINCT 137 38 DISTRICT (J137)
Jefferson,J138,bidenj,12/27/2021 20:35:30.140709,97,239,21111-38-PRECINCT 138 38 DISTRICT (J138)
Jefferson,J138,jorgensenj,12/27/2021 20:35:30.140709,4,239,21111-38-PRECINCT 138 38 DISTRICT (J138)
Jefferson,J138,pierceb,12/27/2021 20:35:30.140709,0,239,21111-38-PRECINCT 138 38 DISTRICT (J138)
Jefferson,J138,trumpd,12/27/2021 20:35:30.140709,137,239,21111-38-PRECINCT 138 38 DISTRICT (J138)
Jefferson,J138,westk,12/27/2021 20:35:30.140709,1,239,21111-38-PRECINCT 138 38 DISTRICT (J138)
Jefferson,J140,bidenj,12/27/2021 20:35:30.140709,161,245,21111-38-PRECINCT 140 38 DISTRICT (J140)
Jefferson,J140,jorgensenj,12/27/2021 20:35:30.140709,7,245,21111-38-PRECINCT 140 38 DISTRICT (J140)
Jefferson,J140,pierceb,12/27/2021 20:35:30.140709,0,245,21111-38-PRECINCT 140 38 DISTRICT (J140)
Jefferson,J140,trumpd,12/27/2021 20:35:30.140709,77,245,21111-38-PRECINCT 140 38 DISTRICT (J140)
Jefferson,J140,westk,12/27/2021 20:35:30.140709,0,245,21111-38-PRECINCT 140 38 DISTRICT (J140)
Jefferson,J141,bidenj,12/27/2021 20:35:30.140709,178,506,21111-38-PRECINCT 141 38 DISTRICT (J141)
Jefferson,J141,jorgensenj,12/27/2021 20:35:30.140709,8,506,21111-38-PRECINCT 141 38 DISTRICT (J141)
Jefferson,J141,pierceb,12/27/2021 20:35:30.140709,0,506,21111-38-PRECINCT 141 38 DISTRICT (J141)
Jefferson,J141,trumpd,12/27/2021 20:35:30.140709,319,506,21111-38-PRECINCT 141 38 DISTRICT (J141)
Jefferson,J141,westk,12/27/2021 20:35:30.140709,1,506,21111-38-PRECINCT 141 38 DISTRICT (J141)
Jefferson,J142,bidenj,12/27/2021 20:35:30.140709,3,3,21111-38-PRECINCT 142 38 DISTRICT (J142)
Jefferson,J142,jorgensenj,12/27/2021 20:35:30.140709,0,3,21111-38-PRECINCT 142 38 DISTRICT (J142)
Jefferson,J142,pierceb,12/27/2021 20:35:30.140709,0,3,21111-38-PRECINCT 142 38 DISTRICT (J142)
Jefferson,J142,trumpd,12/27/2021 20:35:30.140709,0,3,21111-38-PRECINCT 142 38 DISTRICT (J142)
Jefferson,J142,westk,12/27/2021 20:35:30.140709,0,3,21111-38-PRECINCT 142 38 DISTRICT (J142)
Jefferson,J143,bidenj,12/27/2021 20:35:30.140709,30,81,21111-38-PRECINCT 143 38 DISTRICT (J143)
Jefferson,J143,jorgensenj,12/27/2021 20:35:30.140709,0,81,21111-38-PRECINCT 143 38 DISTRICT (J143)
Jefferson,J143,pierceb,12/27/2021 20:35:30.140709,0,81,21111-38-PRECINCT 143 38 DISTRICT (J143)
Jefferson,J143,trumpd,12/27/2021 20:35:30.140709,51,81,21111-38-PRECINCT 143 38 DISTRICT (J143)
Jefferson,J143,westk,12/27/2021 20:35:30.140709,0,81,21111-38-PRECINCT 143 38 DISTRICT (J143)
Jefferson,J144,bidenj,12/27/2021 20:35:30.140709,232,637,21111-38-PRECINCT 144 38 DISTRICT (J144)
Jefferson,J144,jorgensenj,12/27/2021 20:35:30.140709,6,637,21111-38-PRECINCT 144 38 DISTRICT (J144)
Jefferson,J144,pierceb,12/27/2021 20:35:30.140709,2,637,21111-38-PRECINCT 144 38 DISTRICT (J144)
Jefferson,J144,trumpd,12/27/2021 20:35:30.140709,395,637,21111-38-PRECINCT 144 38 DISTRICT (J144)
Jefferson,J144,westk,12/27/2021 20:35:30.140709,2,637,21111-38-PRECINCT 144 38 DISTRICT (J144)
Jefferson,J145,bidenj,12/27/2021 20:35:30.140709,291,800,21111-38-PRECINCT 145 38 DISTRICT (J145)
Jefferson,J145,jorgensenj,12/27/2021 20:35:30.140709,4,800,21111-38-PRECINCT 145 38 DISTRICT (J145)
Jefferson,J145,pierceb,12/27/2021 20:35:30.140709,0,800,21111-38-PRECINCT 145 38 DISTRICT (J145)
Jefferson,J145,trumpd,12/27/2021 20:35:30.140709,502,800,21111-38-PRECINCT 145 38 DISTRICT (J145)
Jefferson,J145,westk,12/27/2021 20:35:30.140709,3,800,21111-38-PRECINCT 145 38 DISTRICT (J145)
Jefferson,J146,bidenj,12/27/2021 20:35:30.140709,0,0,
Jefferson,J146,jorgensenj,12/27/2021 20:35:30.140709,0,0,
Jefferson,J146,pierceb,12/27/2021 20:35:30.140709,0,0,
Jefferson,J146,trumpd,12/27/2021 20:35:30.140709,0,0,
Jefferson,J146,westk,12/27/2021 20:35:30.140709,0,0,
Jefferson,J147,bidenj,12/27/2021 20:35:30.140709,389,629,21111-38-PRECINCT 147 38 DISTRICT (J147)
Jefferson,J147,jorgensenj,12/27/2021 20:35:30.140709,15,629,21111-38-PRECINCT 147 38 DISTRICT (J147)
Jefferson,J147,pierceb,12/27/2021 20:35:30.140709,5,629,21111-38-PRECINCT 147 38 DISTRICT (J147)
Jefferson,J147,trumpd,12/27/2021 20:35:30.140709,218,629,21111-38-PRECINCT 147 38 DISTRICT (J147)
Jefferson,J147,westk,12/27/2021 20:35:30.140709,2,629,21111-38-PRECINCT 147 38 DISTRICT (J147)
Jefferson,J148,bidenj,12/27/2021 20:35:30.140709,447,733,21111-38-PRECINCT 148 38 DISTRICT (J148)
Jefferson,J148,jorgensenj,12/27/2021 20:35:30.140709,8,733,21111-38-PRECINCT 148 38 DISTRICT (J148)
Jefferson,J148,pierceb,12/27/2021 20:35:30.140709,2,733,21111-38-PRECINCT 148 38 DISTRICT (J148)
Jefferson,J148,trumpd,12/27/2021 20:35:30.140709,270,733,21111-38-PRECINCT 148 38 DISTRICT (J148)
Jefferson,J148,westk,12/27/2021 20:35:30.140709,6,733,21111-38-PRECINCT 148 38 DISTRICT (J148)
Jefferson,J149,bidenj,12/27/2021 20:35:30.140709,391,594,21111-38-PRECINCT 149 38 DISTRICT (J149)
Jefferson,J149,jorgensenj,12/27/2021 20:35:30.140709,5,594,21111-38-PRECINCT 149 38 DISTRICT (J149)
Jefferson,J149,pierceb,12/27/2021 20:35:30.140709,4,594,21111-38-PRECINCT 149 38 DISTRICT (J149)
Jefferson,J149,trumpd,12/27/2021 20:35:30.140709,192,594,21111-38-PRECINCT 149 38 DISTRICT (J149)
Jefferson,J149,westk,12/27/2021 20:35:30.140709,2,594,21111-38-PRECINCT 149 38 DISTRICT (J149)
Jefferson,J150,bidenj,12/27/2021 20:35:30.140709,265,443,21111-38-PRECINCT 150 38 DISTRICT (J150)
Jefferson,J150,jorgensenj,12/27/2021 20:35:30.140709,3,443,21111-38-PRECINCT 150 38 DISTRICT (J150)
Jefferson,J150,pierceb,12/27/2021 20:35:30.140709,0,443,21111-38-PRECINCT 150 38 DISTRICT (J150)
Jefferson,J150,trumpd,12/27/2021 20:35:30.140709,174,443,21111-38-PRECINCT 150 38 DISTRICT (J150)
Jefferson,J150,westk,12/27/2021 20:35:30.140709,1,443,21111-38-PRECINCT 150 38 DISTRICT (J150)
Jefferson,J151,bidenj,12/27/2021 20:35:30.140709,11,18,21111-38-PRECINCT 151 38 DISTRICT (J151)
Jefferson,J151,jorgensenj,12/27/2021 20:35:30.140709,0,18,21111-38-PRECINCT 151 38 DISTRICT (J151)
Jefferson,J151,pierceb,12/27/2021 20:35:30.140709,0,18,21111-38-PRECINCT 151 38 DISTRICT (J151)
Jefferson,J151,trumpd,12/27/2021 20:35:30.140709,7,18,21111-38-PRECINCT 151 38 DISTRICT (J151)
Jefferson,J151,westk,12/27/2021 20:35:30.140709,0,18,21111-38-PRECINCT 151 38 DISTRICT (J151)
Jefferson,J152,bidenj,12/27/2021 20:35:30.140709,158,516,21111-38-PRECINCT 152 38 DISTRICT (J152)
Jefferson,J152,jorgensenj,12/27/2021 20:35:30.140709,2,516,21111-38-PRECINCT 152 38 DISTRICT (J152)
Jefferson,J152,pierceb,12/27/2021 20:35:30.140709,0,516,21111-38-PRECINCT 152 38 DISTRICT (J152)
Jefferson,J152,trumpd,12/27/2021 20:35:30.140709,353,516,21111-38-PRECINCT 152 38 DISTRICT (J152)
Jefferson,J152,westk,12/27/2021 20:35:30.140709,3,516,21111-38-PRECINCT 152 38 DISTRICT (J152)
Jefferson,J153,bidenj,12/27/2021 20:35:30.140709,70,240,21111-38-PRECINCT 153 38 DISTRICT (J153)
Jefferson,J153,jorgensenj,12/27/2021 20:35:30.140709,4,240,21111-38-PRECINCT 153 38 DISTRICT (J153)
Jefferson,J153,pierceb,12/27/2021 20:35:30.140709,0,240,21111-38-PRECINCT 153 38 DISTRICT (J153)
Jefferson,J153,trumpd,12/27/2021 20:35:30.140709,165,240,21111-38-PRECINCT 153 38 DISTRICT (J153)
Jefferson,J153,westk,12/27/2021 20:35:30.140709,1,240,21111-38-PRECINCT 153 38 DISTRICT (J153)
Jefferson,J154,bidenj,12/27/2021 20:35:30.140709,0,0,
Jefferson,J154,jorgensenj,12/27/2021 20:35:30.140709,0,0,
Jefferson,J154,pierceb,12/27/2021 20:35:30.140709,0,0,
Jefferson,J154,trumpd,12/27/2021 20:35:30.140709,0,0,
Jefferson,J154,westk,12/27/2021 20:35:30.140709,0,0,
Jefferson,J155,bidenj,12/27/2021 20:35:30.140709,64,259,21111-38-PRECINCT 155 38 DISTRICT (J155)
Jefferson,J155,jorgensenj,12/27/2021 20:35:30.140709,5,259,21111-38-PRECINCT 155 38 DISTRICT (J155)
Jefferson,J155,pierceb,12/27/2021 20:35:30.140709,0,259,21111-38-PRECINCT 155 38 DISTRICT (J155)
Jefferson,J155,trumpd,12/27/2021 20:35:30.140709,190,259,21111-38-PRECINCT 155 38 DISTRICT (J155)
Jefferson,J155,westk,12/27/2021 20:35:30.140709,0,259,21111-38-PRECINCT 155 38 DISTRICT (J155)
Jefferson,K104,bidenj,12/27/2021 20:35:30.140709,258,320,21111-40-PRECINCT 104 40 DISTRICT (K104)
Jefferson,K104,jorgensenj,12/27/2021 20:35:30.140709,5,320,21111-40-PRECINCT 104 40 DISTRICT (K104)
Jefferson,K104,pierceb,12/27/2021 20:35:30.140709,0,320,21111-40-PRECINCT 104 40 DISTRICT (K104)
Jefferson,K104,trumpd,12/27/2021 20:35:30.140709,56,320,21111-40-PRECINCT 104 40 DISTRICT (K104)
Jefferson,K104,westk,12/27/2021 20:35:30.140709,1,320,21111-40-PRECINCT 104 40 DISTRICT (K104)
Jefferson,K105,bidenj,12/27/2021 20:35:30.140709,621,703,21111-40-PRECINCT 105 40 DISTRICT (K105)
Jefferson,K105,jorgensenj,12/27/2021 20:35:30.140709,9,703,21111-40-PRECINCT 105 40 DISTRICT (K105)
Jefferson,K105,pierceb,12/27/2021 20:35:30.140709,0,703,21111-40-PRECINCT 105 40 DISTRICT (K105)
Jefferson,K105,trumpd,12/27/2021 20:35:30.140709,70,703,21111-40-PRECINCT 105 40 DISTRICT (K105)
Jefferson,K105,westk,12/27/2021 20:35:30.140709,3,703,21111-40-PRECINCT 105 40 DISTRICT (K105)
Jefferson,K110,bidenj,12/27/2021 20:35:30.140709,295,385,21111-40-PRECINCT 110 40 DISTRICT (K110)
Jefferson,K110,jorgensenj,12/27/2021 20:35:30.140709,3,385,21111-40-PRECINCT 110 40 DISTRICT (K110)
Jefferson,K110,pierceb,12/27/2021 20:35:30.140709,0,385,21111-40-PRECINCT 110 40 DISTRICT (K110)
Jefferson,K110,trumpd,12/27/2021 20:35:30.140709,83,385,21111-40-PRECINCT 110 40 DISTRICT (K110)
Jefferson,K110,westk,12/27/2021 20:35:30.140709,4,385,21111-40-PRECINCT 110 40 DISTRICT (K110)
Jefferson,K111,bidenj,12/27/2021 20:35:30.140709,187,263,21111-40-PRECINCT 111 40 DISTRICT (K111)
Jefferson,K111,jorgensenj,12/27/2021 20:35:30.140709,4,263,21111-40-PRECINCT 111 40 DISTRICT (K111)
Jefferson,K111,pierceb,12/27/2021 20:35:30.140709,1,263,21111-40-PRECINCT 111 40 DISTRICT (K111)
Jefferson,K111,trumpd,12/27/2021 20:35:30.140709,66,263,21111-40-PRECINCT 111 40 DISTRICT (K111)
Jefferson,K111,westk,12/27/2021 20:35:30.140709,5,263,21111-40-PRECINCT 111 40 DISTRICT (K111)
Jefferson,K112,bidenj,12/27/2021 20:35:30.140709,309,400,21111-40-PRECINCT 112 40 DISTRICT (K112)
Jefferson,K112,jorgensenj,12/27/2021 20:35:30.140709,7,400,21111-40-PRECINCT 112 40 DISTRICT (K112)
Jefferson,K112,pierceb,12/27/2021 20:35:30.140709,0,400,21111-40-PRECINCT 112 40 DISTRICT (K112)
Jefferson,K112,trumpd,12/27/2021 20:35:30.140709,82,400,21111-40-PRECINCT 112 40 DISTRICT (K112)
Jefferson,K112,westk,12/27/2021 20:35:30.140709,2,400,21111-40-PRECINCT 112 40 DISTRICT (K112)
Jefferson,K113,bidenj,12/27/2021 20:35:30.140709,164,228,21111-40-PRECINCT 113 40 DISTRICT (K113)
Jefferson,K113,jorgensenj,12/27/2021 20:35:30.140709,6,228,21111-40-PRECINCT 113 40 DISTRICT (K113)
Jefferson,K113,pierceb,12/27/2021 20:35:30.140709,0,228,21111-40-PRECINCT 113 40 DISTRICT (K113)
Jefferson,K113,trumpd,12/27/2021 20:35:30.140709,55,228,21111-40-PRECINCT 113 40 DISTRICT (K113)
Jefferson,K113,westk,12/27/2021 20:35:30.140709,3,228,21111-40-PRECINCT 113 40 DISTRICT (K113)
Jefferson,K114,bidenj,12/27/2021 20:35:30.140709,463,616,21111-40-PRECINCT 114 40 DISTRICT (K114)
Jefferson,K114,jorgensenj,12/27/2021 20:35:30.140709,17,616,21111-40-PRECINCT 114 40 DISTRICT (K114)
Jefferson,K114,pierceb,12/27/2021 20:35:30.140709,2,616,21111-40-PRECINCT 114 40 DISTRICT (K114)
Jefferson,K114,trumpd,12/27/2021 20:35:30.140709,126,616,21111-40-PRECINCT 114 40 DISTRICT (K114)
Jefferson,K114,westk,12/27/2021 20:35:30.140709,8,616,21111-40-PRECINCT 114 40 DISTRICT (K114)
Jefferson,K116,bidenj,12/27/2021 20:35:30.140709,46,76,21111-40-PRECINCT 116 40 DISTRICT (K116)
Jefferson,K116,jorgensenj,12/27/2021 20:35:30.140709,0,76,21111-40-PRECINCT 116 40 DISTRICT (K116)
Jefferson,K116,pierceb,12/27/2021 20:35:30.140709,0,76,21111-40-PRECINCT 116 40 DISTRICT (K116)
Jefferson,K116,trumpd,12/27/2021 20:35:30.140709,30,76,21111-40-PRECINCT 116 40 DISTRICT (K116)
Jefferson,K116,westk,12/27/2021 20:35:30.140709,0,76,21111-40-PRECINCT 116 40 DISTRICT (K116)
Jefferson,K117,bidenj,12/27/2021 20:35:30.140709,398,580,21111-40-PRECINCT 117 40 DISTRICT (K117)
Jefferson,K117,jorgensenj,12/27/2021 20:35:30.140709,6,580,21111-40-PRECINCT 117 40 DISTRICT (K117)
Jefferson,K117,pierceb,12/27/2021 20:35:30.140709,0,580,21111-40-PRECINCT 117 40 DISTRICT (K117)
Jefferson,K117,trumpd,12/27/2021 20:35:30.140709,173,580,21111-40-PRECINCT 117 40 DISTRICT (K117)
Jefferson,K117,westk,12/27/2021 20:35:30.140709,3,580,21111-40-PRECINCT 117 40 DISTRICT (K117)
Jefferson,K118,bidenj,12/27/2021 20:35:30.140709,406,460,21111-40-PRECINCT 118 40 DISTRICT (K118)
Jefferson,K118,jorgensenj,12/27/2021 20:35:30.140709,2,460,21111-40-PRECINCT 118 40 DISTRICT (K118)
Jefferson,K118,pierceb,12/27/2021 20:35:30.140709,2,460,21111-40-PRECINCT 118 40 DISTRICT (K118)
Jefferson,K118,trumpd,12/27/2021 20:35:30.140709,43,460,21111-40-PRECINCT 118 40 DISTRICT (K118)
Jefferson,K118,westk,12/27/2021 20:35:30.140709,7,460,21111-40-PRECINCT 118 40 DISTRICT (K118)
Jefferson,K119,bidenj,12/27/2021 20:35:30.140709,332,585,21111-40-PRECINCT 119 40 DISTRICT (K119)
Jefferson,K119,jorgensenj,12/27/2021 20:35:30.140709,4,585,21111-40-PRECINCT 119 40 DISTRICT (K119)
Jefferson,K119,pierceb,12/27/2021 20:35:30.140709,2,585,21111-40-PRECINCT 119 40 DISTRICT (K119)
Jefferson,K119,trumpd,12/27/2021 20:35:30.140709,239,585,21111-40-PRECINCT 119 40 DISTRICT (K119)
Jefferson,K119,westk,12/27/2021 20:35:30.140709,8,585,21111-40-PRECINCT 119 40 DISTRICT (K119)
Jefferson,K122,bidenj,12/27/2021 20:35:30.140709,624,741,21111-40-PRECINCT 122 40 DISTRICT (K122)
Jefferson,K122,jorgensenj,12/27/2021 20:35:30.140709,2,741,21111-40-PRECINCT 122 40 DISTRICT (K122)
Jefferson,K122,pierceb,12/27/2021 20:35:30.140709,1,741,21111-40-PRECINCT 122 40 DISTRICT (K122)
Jefferson,K122,trumpd,12/27/2021 20:35:30.140709,108,741,21111-40-PRECINCT 122 40 DISTRICT (K122)
Jefferson,K122,westk,12/27/2021 20:35:30.140709,6,741,21111-40-PRECINCT 122 40 DISTRICT (K122)
Jefferson,K123,bidenj,12/27/2021 20:35:30.140709,737,859,21111-40-PRECINCT 123 40 DISTRICT (K123)
Jefferson,K123,jorgensenj,12/27/2021 20:35:30.140709,4,859,21111-40-PRECINCT 123 40 DISTRICT (K123)
Jefferson,K123,pierceb,12/27/2021 20:35:30.140709,2,859,21111-40-PRECINCT 123 40 DISTRICT (K123)
Jefferson,K123,trumpd,12/27/2021 20:35:30.140709,112,859,21111-40-PRECINCT 123 40 DISTRICT (K123)
Jefferson,K123,westk,12/27/2021 20:35:30.140709,4,859,21111-40-PRECINCT 123 40 DISTRICT (K123)
Jefferson,K125,bidenj,12/27/2021 20:35:30.140709,132,190,21111-40-PRECINCT 125 40 DISTRICT (K125)
Jefferson,K125,jorgensenj,12/27/2021 20:35:30.140709,1,190,21111-40-PRECINCT 125 40 DISTRICT (K125)
Jefferson,K125,pierceb,12/27/2021 20:35:30.140709,2,190,21111-40-PRECINCT 125 40 DISTRICT (K125)
Jefferson,K125,trumpd,12/27/2021 20:35:30.140709,55,190,21111-40-PRECINCT 125 40 DISTRICT (K125)
Jefferson,K125,westk,12/27/2021 20:35:30.140709,0,190,21111-40-PRECINCT 125 40 DISTRICT (K125)
Jefferson,K126,bidenj,12/27/2021 20:35:30.140709,224,314,21111-40-PRECINCT 126 40 DISTRICT (K126)
Jefferson,K126,jorgensenj,12/27/2021 20:35:30.140709,4,314,21111-40-PRECINCT 126 40 DISTRICT (K126)
Jefferson,K126,pierceb,12/27/2021 20:35:30.140709,0,314,21111-40-PRECINCT 126 40 DISTRICT (K126)
Jefferson,K126,trumpd,12/27/2021 20:35:30.140709,86,314,21111-40-PRECINCT 126 40 DISTRICT (K126)
Jefferson,K126,westk,12/27/2021 20:35:30.140709,0,314,21111-40-PRECINCT 126 40 DISTRICT (K126)
Jefferson,K127,bidenj,12/27/2021 20:35:30.140709,449,810,21111-40-PRECINCT 127 40 DISTRICT (K127)
Jefferson,K127,jorgensenj,12/27/2021 20:35:30.140709,10,810,21111-40-PRECINCT 127 40 DISTRICT (K127)
Jefferson,K127,pierceb,12/27/2021 20:35:30.140709,2,810,21111-40-PRECINCT 127 40 DISTRICT (K127)
Jefferson,K127,trumpd,12/27/2021 20:35:30.140709,349,810,21111-40-PRECINCT 127 40 DISTRICT (K127)
Jefferson,K127,westk,12/27/2021 20:35:30.140709,0,810,21111-40-PRECINCT 127 40 DISTRICT (K127)
Jefferson,K128,bidenj,12/27/2021 20:35:30.140709,235,543,21111-40-PRECINCT 128 40 DISTRICT (K128)
Jefferson,K128,jorgensenj,12/27/2021 20:35:30.140709,9,543,21111-40-PRECINCT 128 40 DISTRICT (K128)
Jefferson,K128,pierceb,12/27/2021 20:35:30.140709,2,543,21111-40-PRECINCT 128 40 DISTRICT (K128)
Jefferson,K128,trumpd,12/27/2021 20:35:30.140709,293,543,21111-40-PRECINCT 128 40 DISTRICT (K128)
Jefferson,K128,westk,12/27/2021 20:35:30.140709,4,543,21111-40-PRECINCT 128 40 DISTRICT (K128)
Jefferson,K129,bidenj,12/27/2021 20:35:30.140709,434,574,21111-40-PRECINCT 129 40 DISTRICT (K129)
Jefferson,K129,jorgensenj,12/27/2021 20:35:30.140709,12,574,21111-40-PRECINCT 129 40 DISTRICT (K129)
Jefferson,K129,pierceb,12/27/2021 20:35:30.140709,0,574,21111-40-PRECINCT 129 40 DISTRICT (K129)
Jefferson,K129,trumpd,12/27/2021 20:35:30.140709,124,574,21111-40-PRECINCT 129 40 DISTRICT (K129)
Jefferson,K129,westk,12/27/2021 20:35:30.140709,4,574,21111-40-PRECINCT 129 40 DISTRICT (K129)
Jefferson,K130,bidenj,12/27/2021 20:35:30.140709,405,475,21111-40-PRECINCT 130 40 DISTRICT (K130)
Jefferson,K130,jorgensenj,12/27/2021 20:35:30.140709,2,475,21111-40-PRECINCT 130 40 DISTRICT (K130)
Jefferson,K130,pierceb,12/27/2021 20:35:30.140709,1,475,21111-40-PRECINCT 130 40 DISTRICT (K130)
Jefferson,K130,trumpd,12/27/2021 20:35:30.140709,67,475,21111-40-PRECINCT 130 40 DISTRICT (K130)
Jefferson,K130,westk,12/27/2021 20:35:30.140709,0,475,21111-40-PRECINCT 130 40 DISTRICT (K130)
Jefferson,K131,bidenj,12/27/2021 20:35:30.140709,374,517,21111-40-PRECINCT 131 40 DISTRICT (K131)
Jefferson,K131,jorgensenj,12/27/2021 20:35:30.140709,6,517,21111-40-PRECINCT 131 40 DISTRICT (K131)
Jefferson,K131,pierceb,12/27/2021 20:35:30.140709,1,517,21111-40-PRECINCT 131 40 DISTRICT (K131)
Jefferson,K131,trumpd,12/27/2021 20:35:30.140709,133,517,21111-40-PRECINCT 131 40 DISTRICT (K131)
Jefferson,K131,westk,12/27/2021 20:35:30.140709,3,517,21111-40-PRECINCT 131 40 DISTRICT (K131)
Jefferson,K132,bidenj,12/27/2021 20:35:30.140709,136,267,21111-40-PRECINCT 132 40 DISTRICT (K132)
Jefferson,K132,jorgensenj,12/27/2021 20:35:30.140709,1,267,21111-40-PRECINCT 132 40 DISTRICT (K132)
Jefferson,K132,pierceb,12/27/2021 20:35:30.140709,0,267,21111-40-PRECINCT 132 40 DISTRICT (K132)
Jefferson,K132,trumpd,12/27/2021 20:35:30.140709,129,267,21111-40-PRECINCT 132 40 DISTRICT (K132)
Jefferson,K132,westk,12/27/2021 20:35:30.140709,1,267,21111-40-PRECINCT 132 40 DISTRICT (K132)
Jefferson,K133,bidenj,12/27/2021 20:35:30.140709,411,559,21111-40-PRECINCT 133 40 DISTRICT (K133)
Jefferson,K133,jorgensenj,12/27/2021 20:35:30.140709,9,559,21111-40-PRECINCT 133 40 DISTRICT (K133)
Jefferson,K133,pierceb,12/27/2021 20:35:30.140709,2,559,21111-40-PRECINCT 133 40 DISTRICT (K133)
Jefferson,K133,trumpd,12/27/2021 20:35:30.140709,134,559,21111-40-PRECINCT 133 40 DISTRICT (K133)
Jefferson,K133,westk,12/27/2021 20:35:30.140709,3,559,21111-40-PRECINCT 133 40 DISTRICT (K133)
Jefferson,K134,bidenj,12/27/2021 20:35:30.140709,318,470,21111-40-PRECINCT 134 40 DISTRICT (K134)
Jefferson,K134,jorgensenj,12/27/2021 20:35:30.140709,6,470,21111-40-PRECINCT 134 40 DISTRICT (K134)
Jefferson,K134,pierceb,12/27/2021 20:35:30.140709,1,470,21111-40-PRECINCT 134 40 DISTRICT (K134)
Jefferson,K134,trumpd,12/27/2021 20:35:30.140709,143,470,21111-40-PRECINCT 134 40 DISTRICT (K134)
Jefferson,K134,westk,12/27/2021 20:35:30.140709,2,470,21111-40-PRECINCT 134 40 DISTRICT (K134)
Jefferson,K135,bidenj,12/27/2021 20:35:30.140709,21,24,21111-40-PRECINCT 135 40 DISTRICT (K135)
Jefferson,K135,jorgensenj,12/27/2021 20:35:30.140709,0,24,21111-40-PRECINCT 135 40 DISTRICT (K135)
Jefferson,K135,pierceb,12/27/2021 20:35:30.140709,0,24,21111-40-PRECINCT 135 40 DISTRICT (K135)
Jefferson,K135,trumpd,12/27/2021 20:35:30.140709,3,24,21111-40-PRECINCT 135 40 DISTRICT (K135)
Jefferson,K135,westk,12/27/2021 20:35:30.140709,0,24,21111-40-PRECINCT 135 40 DISTRICT (K135)
Jefferson,K136,bidenj,12/27/2021 20:35:30.140709,80,118,21111-40-PRECINCT 136 40 DISTRICT (K136)
Jefferson,K136,jorgensenj,12/27/2021 20:35:30.140709,0,118,21111-40-PRECINCT 136 40 DISTRICT (K136)
Jefferson,K136,pierceb,12/27/2021 20:35:30.140709,0,118,21111-40-PRECINCT 136 40 DISTRICT (K136)
Jefferson,K136,trumpd,12/27/2021 20:35:30.140709,37,118,21111-40-PRECINCT 136 40 DISTRICT (K136)
Jefferson,K136,westk,12/27/2021 20:35:30.140709,1,118,21111-40-PRECINCT 136 40 DISTRICT (K136)
Jefferson,K137,bidenj,12/27/2021 20:35:30.140709,253,269,21111-40-PRECINCT 137 40 DISTRICT (K137)
Jefferson,K137,jorgensenj,12/27/2021 20:35:30.140709,0,269,21111-40-PRECINCT 137 40 DISTRICT (K137)
Jefferson,K137,pierceb,12/27/2021 20:35:30.140709,0,269,21111-40-PRECINCT 137 40 DISTRICT (K137)
Jefferson,K137,trumpd,12/27/2021 20:35:30.140709,15,269,21111-40-PRECINCT 137 40 DISTRICT (K137)
Jefferson,K137,westk,12/27/2021 20:35:30.140709,1,269,21111-40-PRECINCT 137 40 DISTRICT (K137)
Jefferson,K138,bidenj,12/27/2021 20:35:30.140709,69,139,21111-40-PRECINCT 138 40 DISTRICT (K138)
Jefferson,K138,jorgensenj,12/27/2021 20:35:30.140709,3,139,21111-40-PRECINCT 138 40 DISTRICT (K138)
Jefferson,K138,pierceb,12/27/2021 20:35:30.140709,0,139,21111-40-PRECINCT 138 40 DISTRICT (K138)
Jefferson,K138,trumpd,12/27/2021 20:35:30.140709,65,139,21111-40-PRECINCT 138 40 DISTRICT (K138)
Jefferson,K138,westk,12/27/2021 20:35:30.140709,2,139,21111-40-PRECINCT 138 40 DISTRICT (K138)
Jefferson,K139,bidenj,12/27/2021 20:35:30.140709,0,0,
Jefferson,K139,jorgensenj,12/27/2021 20:35:30.140709,0,0,
Jefferson,K139,pierceb,12/27/2021 20:35:30.140709,0,0,
Jefferson,K139,trumpd,12/27/2021 20:35:30.140709,0,0,
Jefferson,K139,westk,12/27/2021 20:35:30.140709,0,0,
Jefferson,K140,bidenj,12/27/2021 20:35:30.140709,192,234,21111-40-PRECINCT 140 40 DISTRICT (K140)
Jefferson,K140,jorgensenj,12/27/2021 20:35:30.140709,4,234,21111-40-PRECINCT 140 40 DISTRICT (K140)
Jefferson,K140,pierceb,12/27/2021 20:35:30.140709,1,234,21111-40-PRECINCT 140 40 DISTRICT (K140)
Jefferson,K140,trumpd,12/27/2021 20:35:30.140709,36,234,21111-40-PRECINCT 140 40 DISTRICT (K140)
Jefferson,K140,westk,12/27/2021 20:35:30.140709,1,234,21111-40-PRECINCT 140 40 DISTRICT (K140)
Jefferson,K141,bidenj,12/27/2021 20:35:30.140709,131,191,21111-40-PRECINCT 141 40 DISTRICT (K141)
Jefferson,K141,jorgensenj,12/27/2021 20:35:30.140709,1,191,21111-40-PRECINCT 141 40 DISTRICT (K141)
Jefferson,K141,pierceb,12/27/2021 20:35:30.140709,0,191,21111-40-PRECINCT 141 40 DISTRICT (K141)
Jefferson,K141,trumpd,12/27/2021 20:35:30.140709,59,191,21111-40-PRECINCT 141 40 DISTRICT (K141)
Jefferson,K141,westk,12/27/2021 20:35:30.140709,0,191,21111-40-PRECINCT 141 40 DISTRICT (K141)
Jefferson,K142,bidenj,12/27/2021 20:35:30.140709,0,0,
Jefferson,K142,jorgensenj,12/27/2021 20:35:30.140709,0,0,
Jefferson,K142,pierceb,12/27/2021 20:35:30.140709,0,0,
Jefferson,K142,trumpd,12/27/2021 20:35:30.140709,0,0,
Jefferson,K142,westk,12/27/2021 20:35:30.140709,0,0,
Jefferson,K143,bidenj,12/27/2021 20:35:30.140709,0,0,
Jefferson,K143,jorgensenj,12/27/2021 20:35:30.140709,0,0,
Jefferson,K143,pierceb,12/27/2021 20:35:30.140709,0,0,
Jefferson,K143,trumpd,12/27/2021 20:35:30.140709,0,0,
Jefferson,K143,westk,12/27/2021 20:35:30.140709,0,0,
Jefferson,K144,bidenj,12/27/2021 20:35:30.140709,354,616,21111-40-PRECINCT 144 40 DISTRICT (K144)
Jefferson,K144,jorgensenj,12/27/2021 20:35:30.140709,5,616,21111-40-PRECINCT 144 40 DISTRICT (K144)
Jefferson,K144,pierceb,12/27/2021 20:35:30.140709,1,616,21111-40-PRECINCT 144 40 DISTRICT (K144)
Jefferson,K144,trumpd,12/27/2021 20:35:30.140709,255,616,21111-40-PRECINCT 144 40 DISTRICT (K144)
Jefferson,K144,westk,12/27/2021 20:35:30.140709,1,616,21111-40-PRECINCT 144 40 DISTRICT (K144)
Jefferson,K145,bidenj,12/27/2021 20:35:30.140709,492,895,21111-40-PRECINCT 145 40 DISTRICT (K145)
Jefferson,K145,jorgensenj,12/27/2021 20:35:30.140709,9,895,21111-40-PRECINCT 145 40 DISTRICT (K145)
Jefferson,K145,pierceb,12/27/2021 20:35:30.140709,1,895,21111-40-PRECINCT 145 40 DISTRICT (K145)
Jefferson,K145,trumpd,12/27/2021 20:35:30.140709,390,895,21111-40-PRECINCT 145 40 DISTRICT (K145)
Jefferson,K145,westk,12/27/2021 20:35:30.140709,3,895,21111-40-PRECINCT 145 40 DISTRICT (K145)
Jefferson,K146,bidenj,12/27/2021 20:35:30.140709,428,904,21111-40-PRECINCT 146 40 DISTRICT (K146)
Jefferson,K146,jorgensenj,12/27/2021 20:35:30.140709,13,904,21111-40-PRECINCT 146 40 DISTRICT (K146)
Jefferson,K146,pierceb,12/27/2021 20:35:30.140709,0,904,21111-40-PRECINCT 146 40 DISTRICT (K146)
Jefferson,K146,trumpd,12/27/2021 20:35:30.140709,457,904,21111-40-PRECINCT 146 40 DISTRICT (K146)
Jefferson,K146,westk,12/27/2021 20:35:30.140709,6,904,21111-40-PRECINCT 146 40 DISTRICT (K146)
Jefferson,K147,bidenj,12/27/2021 20:35:30.140709,616,1096,21111-40-PRECINCT 147 40 DISTRICT (K147)
Jefferson,K147,jorgensenj,12/27/2021 20:35:30.140709,11,1096,21111-40-PRECINCT 147 40 DISTRICT (K147)
Jefferson,K147,pierceb,12/27/2021 20:35:30.140709,4,1096,21111-40-PRECINCT 147 40 DISTRICT (K147)
Jefferson,K147,trumpd,12/27/2021 20:35:30.140709,457,1096,21111-40-PRECINCT 147 40 DISTRICT (K147)
Jefferson,K147,westk,12/27/2021 20:35:30.140709,8,1096,21111-40-PRECINCT 147 40 DISTRICT (K147)
Jefferson,K148,bidenj,12/27/2021 20:35:30.140709,284,512,21111-40-PRECINCT 148 40 DISTRICT (K148)
Jefferson,K148,jorgensenj,12/27/2021 20:35:30.140709,8,512,21111-40-PRECINCT 148 40 DISTRICT (K148)
Jefferson,K148,pierceb,12/27/2021 20:35:30.140709,0,512,21111-40-PRECINCT 148 40 DISTRICT (K148)
Jefferson,K148,trumpd,12/27/2021 20:35:30.140709,217,512,21111-40-PRECINCT 148 40 DISTRICT (K148)
Jefferson,K148,westk,12/27/2021 20:35:30.140709,3,512,21111-40-PRECINCT 148 40 DISTRICT (K148)
Jefferson,K149,bidenj,12/27/2021 20:35:30.140709,0,3,21111-40-PRECINCT 149 40 DISTRICT (K149)
Jefferson,K149,jorgensenj,12/27/2021 20:35:30.140709,0,3,21111-40-PRECINCT 149 40 DISTRICT (K149)
Jefferson,K149,pierceb,12/27/2021 20:35:30.140709,0,3,21111-40-PRECINCT 149 40 DISTRICT (K149)
Jefferson,K149,trumpd,12/27/2021 20:35:30.140709,3,3,21111-40-PRECINCT 149 40 DISTRICT (K149)
Jefferson,K149,westk,12/27/2021 20:35:30.140709,0,3,21111-40-PRECINCT 149 40 DISTRICT (K149)
Jefferson,K150,bidenj,12/27/2021 20:35:30.140709,0,0,
Jefferson,K150,jorgensenj,12/27/2021 20:35:30.140709,0,0,
Jefferson,K150,pierceb,12/27/2021 20:35:30.140709,0,0,
Jefferson,K150,trumpd,12/27/2021 20:35:30.140709,0,0,
Jefferson,K150,westk,12/27/2021 20:35:30.140709,0,0,
Jefferson,K151,bidenj,12/27/2021 20:35:30.140709,0,0,
Jefferson,K151,jorgensenj,12/27/2021 20:35:30.140709,0,0,
Jefferson,K151,pierceb,12/27/2021 20:35:30.140709,0,0,
Jefferson,K151,trumpd,12/27/2021 20:35:30.140709,0,0,
Jefferson,K151,westk,12/27/2021 20:35:30.140709,0,0,
Jefferson,L104,bidenj,12/27/2021 20:35:30.140709,582,618,21111-41-PRECINCT 104 41 DISTRICT (L104)
Jefferson,L104,jorgensenj,12/27/2021 20:35:30.140709,4,618,21111-41-PRECINCT 104 41 DISTRICT (L104)
Jefferson,L104,pierceb,12/27/2021 20:35:30.140709,2,618,21111-41-PRECINCT 104 41 DISTRICT (L104)
Jefferson,L104,trumpd,12/27/2021 20:35:30.140709,25,618,21111-41-PRECINCT 104 41 DISTRICT (L104)
Jefferson,L104,westk,12/27/2021 20:35:30.140709,5,618,21111-41-PRECINCT 104 41 DISTRICT (L104)
Jefferson,L108,bidenj,12/27/2021 20:35:30.140709,313,342,21111-41-PRECINCT 108 41 DISTRICT (L108)
Jefferson,L108,jorgensenj,12/27/2021 20:35:30.140709,3,342,21111-41-PRECINCT 108 41 DISTRICT (L108)
Jefferson,L108,pierceb,12/27/2021 20:35:30.140709,0,342,21111-41-PRECINCT 108 41 DISTRICT (L108)
Jefferson,L108,trumpd,12/27/2021 20:35:30.140709,22,342,21111-41-PRECINCT 108 41 DISTRICT (L108)
Jefferson,L108,westk,12/27/2021 20:35:30.140709,4,342,21111-41-PRECINCT 108 41 DISTRICT (L108)
Jefferson,L110,bidenj,12/27/2021 20:35:30.140709,65,93,21111-41-PRECINCT 110 41 DISTRICT (L110)
Jefferson,L110,jorgensenj,12/27/2021 20:35:30.140709,0,93,21111-41-PRECINCT 110 41 DISTRICT (L110)
Jefferson,L110,pierceb,12/27/2021 20:35:30.140709,0,93,21111-41-PRECINCT 110 41 DISTRICT (L110)
Jefferson,L110,trumpd,12/27/2021 20:35:30.140709,28,93,21111-41-PRECINCT 110 41 DISTRICT (L110)
Jefferson,L110,westk,12/27/2021 20:35:30.140709,0,93,21111-41-PRECINCT 110 41 DISTRICT (L110)
Jefferson,L111,bidenj,12/27/2021 20:35:30.140709,322,348,21111-41-PRECINCT 111 41 DISTRICT (L111)
Jefferson,L111,jorgensenj,12/27/2021 20:35:30.140709,3,348,21111-41-PRECINCT 111 41 DISTRICT (L111)
Jefferson,L111,pierceb,12/27/2021 20:35:30.140709,0,348,21111-41-PRECINCT 111 41 DISTRICT (L111)
Jefferson,L111,trumpd,12/27/2021 20:35:30.140709,22,348,21111-41-PRECINCT 111 41 DISTRICT (L111)
Jefferson,L111,westk,12/27/2021 20:35:30.140709,1,348,21111-41-PRECINCT 111 41 DISTRICT (L111)
Jefferson,L112,bidenj,12/27/2021 20:35:30.140709,361,390,21111-41-PRECINCT 112 41 DISTRICT (L112)
Jefferson,L112,jorgensenj,12/27/2021 20:35:30.140709,1,390,21111-41-PRECINCT 112 41 DISTRICT (L112)
Jefferson,L112,pierceb,12/27/2021 20:35:30.140709,0,390,21111-41-PRECINCT 112 41 DISTRICT (L112)
Jefferson,L112,trumpd,12/27/2021 20:35:30.140709,25,390,21111-41-PRECINCT 112 41 DISTRICT (L112)
Jefferson,L112,westk,12/27/2021 20:35:30.140709,3,390,21111-41-PRECINCT 112 41 DISTRICT (L112)
Jefferson,L113,bidenj,12/27/2021 20:35:30.140709,707,783,21111-41-PRECINCT 113 41 DISTRICT (L113)
Jefferson,L113,jorgensenj,12/27/2021 20:35:30.140709,10,783,21111-41-PRECINCT 113 41 DISTRICT (L113)
Jefferson,L113,pierceb,12/27/2021 20:35:30.140709,1,783,21111-41-PRECINCT 113 41 DISTRICT (L113)
Jefferson,L113,trumpd,12/27/2021 20:35:30.140709,57,783,21111-41-PRECINCT 113 41 DISTRICT (L113)
Jefferson,L113,westk,12/27/2021 20:35:30.140709,8,783,21111-41-PRECINCT 113 41 DISTRICT (L113)
Jefferson,L115,bidenj,12/27/2021 20:35:30.140709,78,98,21111-41-PRECINCT 115 41 DISTRICT (L115)
Jefferson,L115,jorgensenj,12/27/2021 20:35:30.140709,5,98,21111-41-PRECINCT 115 41 DISTRICT (L115)
Jefferson,L115,pierceb,12/27/2021 20:35:30.140709,0,98,21111-41-PRECINCT 115 41 DISTRICT (L115)
Jefferson,L115,trumpd,12/27/2021 20:35:30.140709,14,98,21111-41-PRECINCT 115 41 DISTRICT (L115)
Jefferson,L115,westk,12/27/2021 20:35:30.140709,1,98,21111-41-PRECINCT 115 41 DISTRICT (L115)
Jefferson,L117,bidenj,12/27/2021 20:35:30.140709,562,779,21111-41-PRECINCT 117 41 DISTRICT (L117)
Jefferson,L117,jorgensenj,12/27/2021 20:35:30.140709,17,779,21111-41-PRECINCT 117 41 DISTRICT (L117)
Jefferson,L117,pierceb,12/27/2021 20:35:30.140709,1,779,21111-41-PRECINCT 117 41 DISTRICT (L117)
Jefferson,L117,trumpd,12/27/2021 20:35:30.140709,195,779,21111-41-PRECINCT 117 41 DISTRICT (L117)
Jefferson,L117,westk,12/27/2021 20:35:30.140709,4,779,21111-41-PRECINCT 117 41 DISTRICT (L117)
Jefferson,L118,bidenj,12/27/2021 20:35:30.140709,765,1140,21111-41-PRECINCT 118 41 DISTRICT (L118)
Jefferson,L118,jorgensenj,12/27/2021 20:35:30.140709,12,1140,21111-41-PRECINCT 118 41 DISTRICT (L118)
Jefferson,L118,pierceb,12/27/2021 20:35:30.140709,4,1140,21111-41-PRECINCT 118 41 DISTRICT (L118)
Jefferson,L118,trumpd,12/27/2021 20:35:30.140709,358,1140,21111-41-PRECINCT 118 41 DISTRICT (L118)
Jefferson,L118,westk,12/27/2021 20:35:30.140709,1,1140,21111-41-PRECINCT 118 41 DISTRICT (L118)
Jefferson,L119,bidenj,12/27/2021 20:35:30.140709,603,815,21111-41-PRECINCT 119 41 DISTRICT (L119)
Jefferson,L119,jorgensenj,12/27/2021 20:35:30.140709,21,815,21111-41-PRECINCT 119 41 DISTRICT (L119)
Jefferson,L119,pierceb,12/27/2021 20:35:30.140709,2,815,21111-41-PRECINCT 119 41 DISTRICT (L119)
Jefferson,L119,trumpd,12/27/2021 20:35:30.140709,185,815,21111-41-PRECINCT 119 41 DISTRICT (L119)
Jefferson,L119,westk,12/27/2021 20:35:30.140709,4,815,21111-41-PRECINCT 119 41 DISTRICT (L119)
Jefferson,L134,bidenj,12/27/2021 20:35:30.140709,390,644,21111-41-PRECINCT 134 41 DISTRICT (L134)
Jefferson,L134,jorgensenj,12/27/2021 20:35:30.140709,20,644,21111-41-PRECINCT 134 41 DISTRICT (L134)
Jefferson,L134,pierceb,12/27/2021 20:35:30.140709,1,644,21111-41-PRECINCT 134 41 DISTRICT (L134)
Jefferson,L134,trumpd,12/27/2021 20:35:30.140709,232,644,21111-41-PRECINCT 134 41 DISTRICT (L134)
Jefferson,L134,westk,12/27/2021 20:35:30.140709,1,644,21111-41-PRECINCT 134 41 DISTRICT (L134)
Jefferson,L135,bidenj,12/27/2021 20:35:30.140709,365,575,21111-41-PRECINCT 135 41 DISTRICT (L135)
Jefferson,L135,jorgensenj,12/27/2021 20:35:30.140709,2,575,21111-41-PRECINCT 135 41 DISTRICT (L135)
Jefferson,L135,pierceb,12/27/2021 20:35:30.140709,1,575,21111-41-PRECINCT 135 41 DISTRICT (L135)
Jefferson,L135,trumpd,12/27/2021 20:35:30.140709,207,575,21111-41-PRECINCT 135 41 DISTRICT (L135)
Jefferson,L135,westk,12/27/2021 20:35:30.140709,0,575,21111-41-PRECINCT 135 41 DISTRICT (L135)
Jefferson,L136,bidenj,12/27/2021 20:35:30.140709,574,820,21111-41-PRECINCT 136 41 DISTRICT (L136)
Jefferson,L136,jorgensenj,12/27/2021 20:35:30.140709,15,820,21111-41-PRECINCT 136 41 DISTRICT (L136)
Jefferson,L136,pierceb,12/27/2021 20:35:30.140709,0,820,21111-41-PRECINCT 136 41 DISTRICT (L136)
Jefferson,L136,trumpd,12/27/2021 20:35:30.140709,225,820,21111-41-PRECINCT 136 41 DISTRICT (L136)
Jefferson,L136,westk,12/27/2021 20:35:30.140709,6,820,21111-41-PRECINCT 136 41 DISTRICT (L136)
Jefferson,L138,bidenj,12/27/2021 20:35:30.140709,303,476,21111-41-PRECINCT 138 41 DISTRICT (L138)
Jefferson,L138,jorgensenj,12/27/2021 20:35:30.140709,9,476,21111-41-PRECINCT 138 41 DISTRICT (L138)
Jefferson,L138,pierceb,12/27/2021 20:35:30.140709,0,476,21111-41-PRECINCT 138 41 DISTRICT (L138)
Jefferson,L138,trumpd,12/27/2021 20:35:30.140709,163,476,21111-41-PRECINCT 138 41 DISTRICT (L138)
Jefferson,L138,westk,12/27/2021 20:35:30.140709,1,476,21111-41-PRECINCT 138 41 DISTRICT (L138)
Jefferson,L139,bidenj,12/27/2021 20:35:30.140709,690,1168,21111-41-PRECINCT 139 41 DISTRICT (L139)
Jefferson,L139,jorgensenj,12/27/2021 20:35:30.140709,13,1168,21111-41-PRECINCT 139 41 DISTRICT (L139)
Jefferson,L139,pierceb,12/27/2021 20:35:30.140709,3,1168,21111-41-PRECINCT 139 41 DISTRICT (L139)
Jefferson,L139,trumpd,12/27/2021 20:35:30.140709,459,1168,21111-41-PRECINCT 139 41 DISTRICT (L139)
Jefferson,L139,westk,12/27/2021 20:35:30.140709,3,1168,21111-41-PRECINCT 139 41 DISTRICT (L139)
Jefferson,L140,bidenj,12/27/2021 20:35:30.140709,242,250,21111-41-PRECINCT 140 41 DISTRICT (L140)
Jefferson,L140,jorgensenj,12/27/2021 20:35:30.140709,2,250,21111-41-PRECINCT 140 41 DISTRICT (L140)
Jefferson,L140,pierceb,12/27/2021 20:35:30.140709,0,250,21111-41-PRECINCT 140 41 DISTRICT (L140)
Jefferson,L140,trumpd,12/27/2021 20:35:30.140709,5,250,21111-41-PRECINCT 140 41 DISTRICT (L140)
Jefferson,L140,westk,12/27/2021 20:35:30.140709,1,250,21111-41-PRECINCT 140 41 DISTRICT (L140)
Jefferson,L141,bidenj,12/27/2021 20:35:30.140709,389,472,21111-41-PRECINCT 141 41 DISTRICT (L141)
Jefferson,L141,jorgensenj,12/27/2021 20:35:30.140709,6,472,21111-41-PRECINCT 141 41 DISTRICT (L141)
Jefferson,L141,pierceb,12/27/2021 20:35:30.140709,0,472,21111-41-PRECINCT 141 41 DISTRICT (L141)
Jefferson,L141,trumpd,12/27/2021 20:35:30.140709,72,472,21111-41-PRECINCT 141 41 DISTRICT (L141)
Jefferson,L141,westk,12/27/2021 20:35:30.140709,5,472,21111-41-PRECINCT 141 41 DISTRICT (L141)
Jefferson,L142,bidenj,12/27/2021 20:35:30.140709,290,367,21111-41-PRECINCT 142 41 DISTRICT (L142)
Jefferson,L142,jorgensenj,12/27/2021 20:35:30.140709,3,367,21111-41-PRECINCT 142 41 DISTRICT (L142)
Jefferson,L142,pierceb,12/27/2021 20:35:30.140709,3,367,21111-41-PRECINCT 142 41 DISTRICT (L142)
Jefferson,L142,trumpd,12/27/2021 20:35:30.140709,68,367,21111-41-PRECINCT 142 41 DISTRICT (L142)
Jefferson,L142,westk,12/27/2021 20:35:30.140709,3,367,21111-41-PRECINCT 142 41 DISTRICT (L142)
Jefferson,L143,bidenj,12/27/2021 20:35:30.140709,259,299,21111-41-PRECINCT 143 41 DISTRICT (L143)
Jefferson,L143,jorgensenj,12/27/2021 20:35:30.140709,3,299,21111-41-PRECINCT 143 41 DISTRICT (L143)
Jefferson,L143,pierceb,12/27/2021 20:35:30.140709,0,299,21111-41-PRECINCT 143 41 DISTRICT (L143)
Jefferson,L143,trumpd,12/27/2021 20:35:30.140709,35,299,21111-41-PRECINCT 143 41 DISTRICT (L143)
Jefferson,L143,westk,12/27/2021 20:35:30.140709,2,299,21111-41-PRECINCT 143 41 DISTRICT (L143)
Jefferson,L144,bidenj,12/27/2021 20:35:30.140709,235,246,21111-41-PRECINCT 144 41 DISTRICT (L144)
Jefferson,L144,jorgensenj,12/27/2021 20:35:30.140709,0,246,21111-41-PRECINCT 144 41 DISTRICT (L144)
Jefferson,L144,pierceb,12/27/2021 20:35:30.140709,0,246,21111-41-PRECINCT 144 41 DISTRICT (L144)
Jefferson,L144,trumpd,12/27/2021 20:35:30.140709,8,246,21111-41-PRECINCT 144 41 DISTRICT (L144)
Jefferson,L144,westk,12/27/2021 20:35:30.140709,3,246,21111-41-PRECINCT 144 41 DISTRICT (L144)
Jefferson,L145,bidenj,12/27/2021 20:35:30.140709,440,460,21111-41-PRECINCT 145 41 DISTRICT (L145)
Jefferson,L145,jorgensenj,12/27/2021 20:35:30.140709,0,460,21111-41-PRECINCT 145 41 DISTRICT (L145)
Jefferson,L145,pierceb,12/27/2021 20:35:30.140709,3,460,21111-41-PRECINCT 145 41 DISTRICT (L145)
Jefferson,L145,trumpd,12/27/2021 20:35:30.140709,11,460,21111-41-PRECINCT 145 41 DISTRICT (L145)
Jefferson,L145,westk,12/27/2021 20:35:30.140709,6,460,21111-41-PRECINCT 145 41 DISTRICT (L145)
Jefferson,L146,bidenj,12/27/2021 20:35:30.140709,535,820,21111-41-PRECINCT 146 41 DISTRICT (L146)
Jefferson,L146,jorgensenj,12/27/2021 20:35:30.140709,13,820,21111-41-PRECINCT 146 41 DISTRICT (L146)
Jefferson,L146,pierceb,12/27/2021 20:35:30.140709,0,820,21111-41-PRECINCT 146 41 DISTRICT (L146)
Jefferson,L146,trumpd,12/27/2021 20:35:30.140709,272,820,21111-41-PRECINCT 146 41 DISTRICT (L146)
Jefferson,L146,westk,12/27/2021 20:35:30.140709,0,820,21111-41-PRECINCT 146 41 DISTRICT (L146)
Jefferson,L147,bidenj,12/27/2021 20:35:30.140709,490,519,21111-41-PRECINCT 147 41 DISTRICT (L147)
Jefferson,L147,jorgensenj,12/27/2021 20:35:30.140709,4,519,21111-41-PRECINCT 147 41 DISTRICT (L147)
Jefferson,L147,pierceb,12/27/2021 20:35:30.140709,1,519,21111-41-PRECINCT 147 41 DISTRICT (L147)
Jefferson,L147,trumpd,12/27/2021 20:35:30.140709,23,519,21111-41-PRECINCT 147 41 DISTRICT (L147)
Jefferson,L147,westk,12/27/2021 20:35:30.140709,1,519,21111-41-PRECINCT 147 41 DISTRICT (L147)
Jefferson,L148,bidenj,12/27/2021 20:35:30.140709,207,226,21111-41-PRECINCT 148 41 DISTRICT (L148)
Jefferson,L148,jorgensenj,12/27/2021 20:35:30.140709,1,226,21111-41-PRECINCT 148 41 DISTRICT (L148)
Jefferson,L148,pierceb,12/27/2021 20:35:30.140709,1,226,21111-41-PRECINCT 148 41 DISTRICT (L148)
Jefferson,L148,trumpd,12/27/2021 20:35:30.140709,13,226,21111-41-PRECINCT 148 41 DISTRICT (L148)
Jefferson,L148,westk,12/27/2021 20:35:30.140709,4,226,21111-41-PRECINCT 148 41 DISTRICT (L148)
Jefferson,L149,bidenj,12/27/2021 20:35:30.140709,22,22,21111-41-PRECINCT 149 41 DISTRICT (L149)
Jefferson,L149,jorgensenj,12/27/2021 20:35:30.140709,0,22,21111-41-PRECINCT 149 41 DISTRICT (L149)
Jefferson,L149,pierceb,12/27/2021 20:35:30.140709,0,22,21111-41-PRECINCT 149 41 DISTRICT (L149)
Jefferson,L149,trumpd,12/27/2021 20:35:30.140709,0,22,21111-41-PRECINCT 149 41 DISTRICT (L149)
Jefferson,L149,westk,12/27/2021 20:35:30.140709,0,22,21111-41-PRECINCT 149 41 DISTRICT (L149)
Jefferson,L150,bidenj,12/27/2021 20:35:30.140709,42,43,21111-41-PRECINCT 150 41 DISTRICT (L150)
Jefferson,L150,jorgensenj,12/27/2021 20:35:30.140709,0,43,21111-41-PRECINCT 150 41 DISTRICT (L150)
Jefferson,L150,pierceb,12/27/2021 20:35:30.140709,0,43,21111-41-PRECINCT 150 41 DISTRICT (L150)
Jefferson,L150,trumpd,12/27/2021 20:35:30.140709,1,43,21111-41-PRECINCT 150 41 DISTRICT (L150)
Jefferson,L150,westk,12/27/2021 20:35:30.140709,0,43,21111-41-PRECINCT 150 41 DISTRICT (L150)
Jefferson,L151,bidenj,12/27/2021 20:35:30.140709,362,605,21111-41-PRECINCT 151 41 DISTRICT (L151)
Jefferson,L151,jorgensenj,12/27/2021 20:35:30.140709,5,605,21111-41-PRECINCT 151 41 DISTRICT (L151)
Jefferson,L151,pierceb,12/27/2021 20:35:30.140709,1,605,21111-41-PRECINCT 151 41 DISTRICT (L151)
Jefferson,L151,trumpd,12/27/2021 20:35:30.140709,235,605,21111-41-PRECINCT 151 41 DISTRICT (L151)
Jefferson,L151,westk,12/27/2021 20:35:30.140709,2,605,21111-41-PRECINCT 151 41 DISTRICT (L151)
Jefferson,L152,bidenj,12/27/2021 20:35:30.140709,203,332,21111-41-PRECINCT 152 41 DISTRICT (L152)
Jefferson,L152,jorgensenj,12/27/2021 20:35:30.140709,4,332,21111-41-PRECINCT 152 41 DISTRICT (L152)
Jefferson,L152,pierceb,12/27/2021 20:35:30.140709,1,332,21111-41-PRECINCT 152 41 DISTRICT (L152)
Jefferson,L152,trumpd,12/27/2021 20:35:30.140709,124,332,21111-41-PRECINCT 152 41 DISTRICT (L152)
Jefferson,L152,westk,12/27/2021 20:35:30.140709,0,332,21111-41-PRECINCT 152 41 DISTRICT (L152)
Jefferson,L153,bidenj,12/27/2021 20:35:30.140709,48,76,21111-41-PRECINCT 153 41 DISTRICT (L153)
Jefferson,L153,jorgensenj,12/27/2021 20:35:30.140709,1,76,21111-41-PRECINCT 153 41 DISTRICT (L153)
Jefferson,L153,pierceb,12/27/2021 20:35:30.140709,0,76,21111-41-PRECINCT 153 41 DISTRICT (L153)
Jefferson,L153,trumpd,12/27/2021 20:35:30.140709,27,76,21111-41-PRECINCT 153 41 DISTRICT (L153)
Jefferson,L153,westk,12/27/2021 20:35:30.140709,0,76,21111-41-PRECINCT 153 41 DISTRICT (L153)
Jefferson,L154,bidenj,12/27/2021 20:35:30.140709,349,367,21111-41-PRECINCT 154 41 DISTRICT (L154)
Jefferson,L154,jorgensenj,12/27/2021 20:35:30.140709,1,367,21111-41-PRECINCT 154 41 DISTRICT (L154)
Jefferson,L154,pierceb,12/27/2021 20:35:30.140709,0,367,21111-41-PRECINCT 154 41 DISTRICT (L154)
Jefferson,L154,trumpd,12/27/2021 20:35:30.140709,14,367,21111-41-PRECINCT 154 41 DISTRICT (L154)
Jefferson,L154,westk,12/27/2021 20:35:30.140709,3,367,21111-41-PRECINCT 154 41 DISTRICT (L154)
Jefferson,L155,bidenj,12/27/2021 20:35:30.140709,4,11,21111-41-PRECINCT 155 41 DISTRICT (L155)
Jefferson,L155,jorgensenj,12/27/2021 20:35:30.140709,0,11,21111-41-PRECINCT 155 41 DISTRICT (L155)
Jefferson,L155,pierceb,12/27/2021 20:35:30.140709,0,11,21111-41-PRECINCT 155 41 DISTRICT (L155)
Jefferson,L155,trumpd,12/27/2021 20:35:30.140709,7,11,21111-41-PRECINCT 155 41 DISTRICT (L155)
Jefferson,L155,westk,12/27/2021 20:35:30.140709,0,11,21111-41-PRECINCT 155 41 DISTRICT (L155)
Jefferson,L156,bidenj,12/27/2021 20:35:30.140709,585,704,21111-41-PRECINCT 156 41 DISTRICT (L156)
Jefferson,L156,jorgensenj,12/27/2021 20:35:30.140709,8,704,21111-41-PRECINCT 156 41 DISTRICT (L156)
Jefferson,L156,pierceb,12/27/2021 20:35:30.140709,1,704,21111-41-PRECINCT 156 41 DISTRICT (L156)
Jefferson,L156,trumpd,12/27/2021 20:35:30.140709,105,704,21111-41-PRECINCT 156 41 DISTRICT (L156)
Jefferson,L156,westk,12/27/2021 20:35:30.140709,5,704,21111-41-PRECINCT 156 41 DISTRICT (L156)
Jefferson,L157,bidenj,12/27/2021 20:35:30.140709,471,484,21111-41-PRECINCT 157 41 DISTRICT (L157)
Jefferson,L157,jorgensenj,12/27/2021 20:35:30.140709,1,484,21111-41-PRECINCT 157 41 DISTRICT (L157)
Jefferson,L157,pierceb,12/27/2021 20:35:30.140709,1,484,21111-41-PRECINCT 157 41 DISTRICT (L157)
Jefferson,L157,trumpd,12/27/2021 20:35:30.140709,8,484,21111-41-PRECINCT 157 41 DISTRICT (L157)
Jefferson,L157,westk,12/27/2021 20:35:30.140709,3,484,21111-41-PRECINCT 157 41 DISTRICT (L157)
Jefferson,L158,bidenj,12/27/2021 20:35:30.140709,330,335,21111-41-PRECINCT 158 41 DISTRICT (L158)
Jefferson,L158,jorgensenj,12/27/2021 20:35:30.140709,1,335,21111-41-PRECINCT 158 41 DISTRICT (L158)
Jefferson,L158,pierceb,12/27/2021 20:35:30.140709,0,335,21111-41-PRECINCT 158 41 DISTRICT (L158)
Jefferson,L158,trumpd,12/27/2021 20:35:30.140709,3,335,21111-41-PRECINCT 158 41 DISTRICT (L158)
Jefferson,L158,westk,12/27/2021 20:35:30.140709,1,335,21111-41-PRECINCT 158 41 DISTRICT (L158)
Jefferson,L159,bidenj,12/27/2021 20:35:30.140709,131,138,21111-41-PRECINCT 159 41 DISTRICT (L159)
Jefferson,L159,jorgensenj,12/27/2021 20:35:30.140709,1,138,21111-41-PRECINCT 159 41 DISTRICT (L159)
Jefferson,L159,pierceb,12/27/2021 20:35:30.140709,1,138,21111-41-PRECINCT 159 41 DISTRICT (L159)
Jefferson,L159,trumpd,12/27/2021 20:35:30.140709,4,138,21111-41-PRECINCT 159 41 DISTRICT (L159)
Jefferson,L159,westk,12/27/2021 20:35:30.140709,1,138,21111-41-PRECINCT 159 41 DISTRICT (L159)
Jefferson,L160,bidenj,12/27/2021 20:35:30.140709,272,292,21111-41-PRECINCT 160 41 DISTRICT (L160)
Jefferson,L160,jorgensenj,12/27/2021 20:35:30.140709,4,292,21111-41-PRECINCT 160 41 DISTRICT (L160)
Jefferson,L160,pierceb,12/27/2021 20:35:30.140709,0,292,21111-41-PRECINCT 160 41 DISTRICT (L160)
Jefferson,L160,trumpd,12/27/2021 20:35:30.140709,12,292,21111-41-PRECINCT 160 41 DISTRICT (L160)
Jefferson,L160,westk,12/27/2021 20:35:30.140709,4,292,21111-41-PRECINCT 160 41 DISTRICT (L160)
Jefferson,L161,bidenj,12/27/2021 20:35:30.140709,399,420,21111-41-PRECINCT 161 41 DISTRICT (L161)
Jefferson,L161,jorgensenj,12/27/2021 20:35:30.140709,3,420,21111-41-PRECINCT 161 41 DISTRICT (L161)
Jefferson,L161,pierceb,12/27/2021 20:35:30.140709,0,420,21111-41-PRECINCT 161 41 DISTRICT (L161)
Jefferson,L161,trumpd,12/27/2021 20:35:30.140709,14,420,21111-41-PRECINCT 161 41 DISTRICT (L161)
Jefferson,L161,westk,12/27/2021 20:35:30.140709,4,420,21111-41-PRECINCT 161 41 DISTRICT (L161)
Jefferson,L162,bidenj,12/27/2021 20:35:30.140709,15,15,21111-41-PRECINCT 162 41 DISTRICT (L162)
Jefferson,L162,jorgensenj,12/27/2021 20:35:30.140709,0,15,21111-41-PRECINCT 162 41 DISTRICT (L162)
Jefferson,L162,pierceb,12/27/2021 20:35:30.140709,0,15,21111-41-PRECINCT 162 41 DISTRICT (L162)
Jefferson,L162,trumpd,12/27/2021 20:35:30.140709,0,15,21111-41-PRECINCT 162 41 DISTRICT (L162)
Jefferson,L162,westk,12/27/2021 20:35:30.140709,0,15,21111-41-PRECINCT 162 41 DISTRICT (L162)
Jefferson,L163,bidenj,12/27/2021 20:35:30.140709,202,219,21111-41-PRECINCT 163 41 DISTRICT (L163)
Jefferson,L163,jorgensenj,12/27/2021 20:35:30.140709,0,219,21111-41-PRECINCT 163 41 DISTRICT (L163)
Jefferson,L163,pierceb,12/27/2021 20:35:30.140709,0,219,21111-41-PRECINCT 163 41 DISTRICT (L163)
Jefferson,L163,trumpd,12/27/2021 20:35:30.140709,15,219,21111-41-PRECINCT 163 41 DISTRICT (L163)
Jefferson,L163,westk,12/27/2021 20:35:30.140709,2,219,21111-41-PRECINCT 163 41 DISTRICT (L163)
Jefferson,L164,bidenj,12/27/2021 20:35:30.140709,250,338,21111-41-PRECINCT 164 41 DISTRICT (L164)
Jefferson,L164,jorgensenj,12/27/2021 20:35:30.140709,4,338,21111-41-PRECINCT 164 41 DISTRICT (L164)
Jefferson,L164,pierceb,12/27/2021 20:35:30.140709,1,338,21111-41-PRECINCT 164 41 DISTRICT (L164)
Jefferson,L164,trumpd,12/27/2021 20:35:30.140709,81,338,21111-41-PRECINCT 164 41 DISTRICT (L164)
Jefferson,L164,westk,12/27/2021 20:35:30.140709,2,338,21111-41-PRECINCT 164 41 DISTRICT (L164)
Jefferson,M102,bidenj,12/27/2021 20:35:30.140709,983,1013,21111-42-PRECINCT 102 42 DISTRICT (M102)
Jefferson,M102,jorgensenj,12/27/2021 20:35:30.140709,0,1013,21111-42-PRECINCT 102 42 DISTRICT (M102)
Jefferson,M102,pierceb,12/27/2021 20:35:30.140709,2,1013,21111-42-PRECINCT 102 42 DISTRICT (M102)
Jefferson,M102,trumpd,12/27/2021 20:35:30.140709,22,1013,21111-42-PRECINCT 102 42 DISTRICT (M102)
Jefferson,M102,westk,12/27/2021 20:35:30.140709,6,1013,21111-42-PRECINCT 102 42 DISTRICT (M102)
Jefferson,M103,bidenj,12/27/2021 20:35:30.140709,1070,1107,21111-42-PRECINCT 103 42 DISTRICT (M103)
Jefferson,M103,jorgensenj,12/27/2021 20:35:30.140709,5,1107,21111-42-PRECINCT 103 42 DISTRICT (M103)
Jefferson,M103,pierceb,12/27/2021 20:35:30.140709,3,1107,21111-42-PRECINCT 103 42 DISTRICT (M103)
Jefferson,M103,trumpd,12/27/2021 20:35:30.140709,22,1107,21111-42-PRECINCT 103 42 DISTRICT (M103)
Jefferson,M103,westk,12/27/2021 20:35:30.140709,7,1107,21111-42-PRECINCT 103 42 DISTRICT (M103)
Jefferson,M104,bidenj,12/27/2021 20:35:30.140709,389,411,21111-42-PRECINCT 104 42 DISTRICT (M104)
Jefferson,M104,jorgensenj,12/27/2021 20:35:30.140709,2,411,21111-42-PRECINCT 104 42 DISTRICT (M104)
Jefferson,M104,pierceb,12/27/2021 20:35:30.140709,2,411,21111-42-PRECINCT 104 42 DISTRICT (M104)
Jefferson,M104,trumpd,12/27/2021 20:35:30.140709,13,411,21111-42-PRECINCT 104 42 DISTRICT (M104)
Jefferson,M104,westk,12/27/2021 20:35:30.140709,5,411,21111-42-PRECINCT 104 42 DISTRICT (M104)
Jefferson,M105,bidenj,12/27/2021 20:35:30.140709,411,430,21111-42-PRECINCT 105 42 DISTRICT (M105)
Jefferson,M105,jorgensenj,12/27/2021 20:35:30.140709,3,430,21111-42-PRECINCT 105 42 DISTRICT (M105)
Jefferson,M105,pierceb,12/27/2021 20:35:30.140709,0,430,21111-42-PRECINCT 105 42 DISTRICT (M105)
Jefferson,M105,trumpd,12/27/2021 20:35:30.140709,11,430,21111-42-PRECINCT 105 42 DISTRICT (M105)
Jefferson,M105,westk,12/27/2021 20:35:30.140709,5,430,21111-42-PRECINCT 105 42 DISTRICT (M105)
Jefferson,M107,bidenj,12/27/2021 20:35:30.140709,244,255,21111-42-PRECINCT 107 42 DISTRICT (M107)
Jefferson,M107,jorgensenj,12/27/2021 20:35:30.140709,1,255,21111-42-PRECINCT 107 42 DISTRICT (M107)
Jefferson,M107,pierceb,12/27/2021 20:35:30.140709,0,255,21111-42-PRECINCT 107 42 DISTRICT (M107)
Jefferson,M107,trumpd,12/27/2021 20:35:30.140709,7,255,21111-42-PRECINCT 107 42 DISTRICT (M107)
Jefferson,M107,westk,12/27/2021 20:35:30.140709,3,255,21111-42-PRECINCT 107 42 DISTRICT (M107)
Jefferson,M110,bidenj,12/27/2021 20:35:30.140709,552,585,21111-42-PRECINCT 110 42 DISTRICT (M110)
Jefferson,M110,jorgensenj,12/27/2021 20:35:30.140709,3,585,21111-42-PRECINCT 110 42 DISTRICT (M110)
Jefferson,M110,pierceb,12/27/2021 20:35:30.140709,0,585,21111-42-PRECINCT 110 42 DISTRICT (M110)
Jefferson,M110,trumpd,12/27/2021 20:35:30.140709,19,585,21111-42-PRECINCT 110 42 DISTRICT (M110)
Jefferson,M110,westk,12/27/2021 20:35:30.140709,11,585,21111-42-PRECINCT 110 42 DISTRICT (M110)
Jefferson,M121,bidenj,12/27/2021 20:35:30.140709,521,617,21111-42-PRECINCT 121 42 DISTRICT (M121)
Jefferson,M121,jorgensenj,12/27/2021 20:35:30.140709,10,617,21111-42-PRECINCT 121 42 DISTRICT (M121)
Jefferson,M121,pierceb,12/27/2021 20:35:30.140709,3,617,21111-42-PRECINCT 121 42 DISTRICT (M121)
Jefferson,M121,trumpd,12/27/2021 20:35:30.140709,82,617,21111-42-PRECINCT 121 42 DISTRICT (M121)
Jefferson,M121,westk,12/27/2021 20:35:30.140709,1,617,21111-42-PRECINCT 121 42 DISTRICT (M121)
Jefferson,M123,bidenj,12/27/2021 20:35:30.140709,803,972,21111-42-PRECINCT 123 42 DISTRICT (M123)
Jefferson,M123,jorgensenj,12/27/2021 20:35:30.140709,10,972,21111-42-PRECINCT 123 42 DISTRICT (M123)
Jefferson,M123,pierceb,12/27/2021 20:35:30.140709,3,972,21111-42-PRECINCT 123 42 DISTRICT (M123)
Jefferson,M123,trumpd,12/27/2021 20:35:30.140709,148,972,21111-42-PRECINCT 123 42 DISTRICT (M123)
Jefferson,M123,westk,12/27/2021 20:35:30.140709,8,972,21111-42-PRECINCT 123 42 DISTRICT (M123)
Jefferson,M124,bidenj,12/27/2021 20:35:30.140709,650,749,21111-42-PRECINCT 124 42 DISTRICT (M124)
Jefferson,M124,jorgensenj,12/27/2021 20:35:30.140709,8,749,21111-42-PRECINCT 124 42 DISTRICT (M124)
Jefferson,M124,pierceb,12/27/2021 20:35:30.140709,0,749,21111-42-PRECINCT 124 42 DISTRICT (M124)
Jefferson,M124,trumpd,12/27/2021 20:35:30.140709,90,749,21111-42-PRECINCT 124 42 DISTRICT (M124)
Jefferson,M124,westk,12/27/2021 20:35:30.140709,1,749,21111-42-PRECINCT 124 42 DISTRICT (M124)
Jefferson,M129,bidenj,12/27/2021 20:35:30.140709,266,283,21111-42-PRECINCT 129 42 DISTRICT (M129)
Jefferson,M129,jorgensenj,12/27/2021 20:35:30.140709,1,283,21111-42-PRECINCT 129 42 DISTRICT (M129)
Jefferson,M129,pierceb,12/27/2021 20:35:30.140709,0,283,21111-42-PRECINCT 129 42 DISTRICT (M129)
Jefferson,M129,trumpd,12/27/2021 20:35:30.140709,12,283,21111-42-PRECINCT 129 42 DISTRICT (M129)
Jefferson,M129,westk,12/27/2021 20:35:30.140709,4,283,21111-42-PRECINCT 129 42 DISTRICT (M129)
Jefferson,M130,bidenj,12/27/2021 20:35:30.140709,258,304,21111-42-PRECINCT 130 42 DISTRICT (M130)
Jefferson,M130,jorgensenj,12/27/2021 20:35:30.140709,1,304,21111-42-PRECINCT 130 42 DISTRICT (M130)
Jefferson,M130,pierceb,12/27/2021 20:35:30.140709,2,304,21111-42-PRECINCT 130 42 DISTRICT (M130)
Jefferson,M130,trumpd,12/27/2021 20:35:30.140709,40,304,21111-42-PRECINCT 130 42 DISTRICT (M130)
Jefferson,M130,westk,12/27/2021 20:35:30.140709,3,304,21111-42-PRECINCT 130 42 DISTRICT (M130)
Jefferson,M131,bidenj,12/27/2021 20:35:30.140709,325,385,21111-42-PRECINCT 131 42 DISTRICT (M131)
Jefferson,M131,jorgensenj,12/27/2021 20:35:30.140709,5,385,21111-42-PRECINCT 131 42 DISTRICT (M131)
Jefferson,M131,pierceb,12/27/2021 20:35:30.140709,0,385,21111-42-PRECINCT 131 42 DISTRICT (M131)
Jefferson,M131,trumpd,12/27/2021 20:35:30.140709,52,385,21111-42-PRECINCT 131 42 DISTRICT (M131)
Jefferson,M131,westk,12/27/2021 20:35:30.140709,3,385,21111-42-PRECINCT 131 42 DISTRICT (M131)
Jefferson,M133,bidenj,12/27/2021 20:35:30.140709,684,705,21111-42-PRECINCT 133 42 DISTRICT (M133)
Jefferson,M133,jorgensenj,12/27/2021 20:35:30.140709,1,705,21111-42-PRECINCT 133 42 DISTRICT (M133)
Jefferson,M133,pierceb,12/27/2021 20:35:30.140709,1,705,21111-42-PRECINCT 133 42 DISTRICT (M133)
Jefferson,M133,trumpd,12/27/2021 20:35:30.140709,16,705,21111-42-PRECINCT 133 42 DISTRICT (M133)
Jefferson,M133,westk,12/27/2021 20:35:30.140709,3,705,21111-42-PRECINCT 133 42 DISTRICT (M133)
Jefferson,M137,bidenj,12/27/2021 20:35:30.140709,360,501,21111-42-PRECINCT 137 42 DISTRICT (M137)
Jefferson,M137,jorgensenj,12/27/2021 20:35:30.140709,6,501,21111-42-PRECINCT 137 42 DISTRICT (M137)
Jefferson,M137,pierceb,12/27/2021 20:35:30.140709,0,501,21111-42-PRECINCT 137 42 DISTRICT (M137)
Jefferson,M137,trumpd,12/27/2021 20:35:30.140709,131,501,21111-42-PRECINCT 137 42 DISTRICT (M137)
Jefferson,M137,westk,12/27/2021 20:35:30.140709,4,501,21111-42-PRECINCT 137 42 DISTRICT (M137)
Jefferson,M138,bidenj,12/27/2021 20:35:30.140709,797,981,21111-42-PRECINCT 138 42 DISTRICT (M138)
Jefferson,M138,jorgensenj,12/27/2021 20:35:30.140709,3,981,21111-42-PRECINCT 138 42 DISTRICT (M138)
Jefferson,M138,pierceb,12/27/2021 20:35:30.140709,2,981,21111-42-PRECINCT 138 42 DISTRICT (M138)
Jefferson,M138,trumpd,12/27/2021 20:35:30.140709,175,981,21111-42-PRECINCT 138 42 DISTRICT (M138)
Jefferson,M138,westk,12/27/2021 20:35:30.140709,4,981,21111-42-PRECINCT 138 42 DISTRICT (M138)
Jefferson,M139,bidenj,12/27/2021 20:35:30.140709,687,867,21111-42-PRECINCT 139 42 DISTRICT (M139)
Jefferson,M139,jorgensenj,12/27/2021 20:35:30.140709,15,867,21111-42-PRECINCT 139 42 DISTRICT (M139)
Jefferson,M139,pierceb,12/27/2021 20:35:30.140709,1,867,21111-42-PRECINCT 139 42 DISTRICT (M139)
Jefferson,M139,trumpd,12/27/2021 20:35:30.140709,162,867,21111-42-PRECINCT 139 42 DISTRICT (M139)
Jefferson,M139,westk,12/27/2021 20:35:30.140709,2,867,21111-42-PRECINCT 139 42 DISTRICT (M139)
Jefferson,M140,bidenj,12/27/2021 20:35:30.140709,237,292,21111-42-PRECINCT 140 42 DISTRICT (M140)
Jefferson,M140,jorgensenj,12/27/2021 20:35:30.140709,4,292,21111-42-PRECINCT 140 42 DISTRICT (M140)
Jefferson,M140,pierceb,12/27/2021 20:35:30.140709,1,292,21111-42-PRECINCT 140 42 DISTRICT (M140)
Jefferson,M140,trumpd,12/27/2021 20:35:30.140709,49,292,21111-42-PRECINCT 140 42 DISTRICT (M140)
Jefferson,M140,westk,12/27/2021 20:35:30.140709,1,292,21111-42-PRECINCT 140 42 DISTRICT (M140)
Jefferson,M141,bidenj,12/27/2021 20:35:30.140709,334,398,21111-42-PRECINCT 141 42 DISTRICT (M141)
Jefferson,M141,jorgensenj,12/27/2021 20:35:30.140709,6,398,21111-42-PRECINCT 141 42 DISTRICT (M141)
Jefferson,M141,pierceb,12/27/2021 20:35:30.140709,0,398,21111-42-PRECINCT 141 42 DISTRICT (M141)
Jefferson,M141,trumpd,12/27/2021 20:35:30.140709,58,398,21111-42-PRECINCT 141 42 DISTRICT (M141)
Jefferson,M141,westk,12/27/2021 20:35:30.140709,0,398,21111-42-PRECINCT 141 42 DISTRICT (M141)
Jefferson,M142,bidenj,12/27/2021 20:35:30.140709,917,1131,21111-42-PRECINCT 142 42 DISTRICT (M142)
Jefferson,M142,jorgensenj,12/27/2021 20:35:30.140709,19,1131,21111-42-PRECINCT 142 42 DISTRICT (M142)
Jefferson,M142,pierceb,12/27/2021 20:35:30.140709,1,1131,21111-42-PRECINCT 142 42 DISTRICT (M142)
Jefferson,M142,trumpd,12/27/2021 20:35:30.140709,192,1131,21111-42-PRECINCT 142 42 DISTRICT (M142)
Jefferson,M142,westk,12/27/2021 20:35:30.140709,2,1131,21111-42-PRECINCT 142 42 DISTRICT (M142)
Jefferson,M143,bidenj,12/27/2021 20:35:30.140709,521,662,21111-42-PRECINCT 143 42 DISTRICT (M143)
Jefferson,M143,jorgensenj,12/27/2021 20:35:30.140709,8,662,21111-42-PRECINCT 143 42 DISTRICT (M143)
Jefferson,M143,pierceb,12/27/2021 20:35:30.140709,1,662,21111-42-PRECINCT 143 42 DISTRICT (M143)
Jefferson,M143,trumpd,12/27/2021 20:35:30.140709,132,662,21111-42-PRECINCT 143 42 DISTRICT (M143)
Jefferson,M143,westk,12/27/2021 20:35:30.140709,0,662,21111-42-PRECINCT 143 42 DISTRICT (M143)
Jefferson,M144,bidenj,12/27/2021 20:35:30.140709,298,371,21111-42-PRECINCT 144 42 DISTRICT (M144)
Jefferson,M144,jorgensenj,12/27/2021 20:35:30.140709,7,371,21111-42-PRECINCT 144 42 DISTRICT (M144)
Jefferson,M144,pierceb,12/27/2021 20:35:30.140709,0,371,21111-42-PRECINCT 144 42 DISTRICT (M144)
Jefferson,M144,trumpd,12/27/2021 20:35:30.140709,60,371,21111-42-PRECINCT 144 42 DISTRICT (M144)
Jefferson,M144,westk,12/27/2021 20:35:30.140709,6,371,21111-42-PRECINCT 144 42 DISTRICT (M144)
Jefferson,M145,bidenj,12/27/2021 20:35:30.140709,33,35,21111-42-PRECINCT 145 42 DISTRICT (M145)
Jefferson,M145,jorgensenj,12/27/2021 20:35:30.140709,0,35,21111-42-PRECINCT 145 42 DISTRICT (M145)
Jefferson,M145,pierceb,12/27/2021 20:35:30.140709,0,35,21111-42-PRECINCT 145 42 DISTRICT (M145)
Jefferson,M145,trumpd,12/27/2021 20:35:30.140709,2,35,21111-42-PRECINCT 145 42 DISTRICT (M145)
Jefferson,M145,westk,12/27/2021 20:35:30.140709,0,35,21111-42-PRECINCT 145 42 DISTRICT (M145)
Jefferson,M146,bidenj,12/27/2021 20:35:30.140709,576,664,21111-42-PRECINCT 146 42 DISTRICT (M146)
Jefferson,M146,jorgensenj,12/27/2021 20:35:30.140709,12,664,21111-42-PRECINCT 146 42 DISTRICT (M146)
Jefferson,M146,pierceb,12/27/2021 20:35:30.140709,2,664,21111-42-PRECINCT 146 42 DISTRICT (M146)
Jefferson,M146,trumpd,12/27/2021 20:35:30.140709,70,664,21111-42-PRECINCT 146 42 DISTRICT (M146)
Jefferson,M146,westk,12/27/2021 20:35:30.140709,4,664,21111-42-PRECINCT 146 42 DISTRICT (M146)
Jefferson,M147,bidenj,12/27/2021 20:35:30.140709,398,483,21111-42-PRECINCT 147 42 DISTRICT (M147)
Jefferson,M147,jorgensenj,12/27/2021 20:35:30.140709,7,483,21111-42-PRECINCT 147 42 DISTRICT (M147)
Jefferson,M147,pierceb,12/27/2021 20:35:30.140709,0,483,21111-42-PRECINCT 147 42 DISTRICT (M147)
Jefferson,M147,trumpd,12/27/2021 20:35:30.140709,74,483,21111-42-PRECINCT 147 42 DISTRICT (M147)
Jefferson,M147,westk,12/27/2021 20:35:30.140709,4,483,21111-42-PRECINCT 147 42 DISTRICT (M147)
Jefferson,M148,bidenj,12/27/2021 20:35:30.140709,465,475,21111-42-PRECINCT 148 42 DISTRICT (M148)
Jefferson,M148,jorgensenj,12/27/2021 20:35:30.140709,1,475,21111-42-PRECINCT 148 42 DISTRICT (M148)
Jefferson,M148,pierceb,12/27/2021 20:35:30.140709,0,475,21111-42-PRECINCT 148 42 DISTRICT (M148)
Jefferson,M148,trumpd,12/27/2021 20:35:30.140709,5,475,21111-42-PRECINCT 148 42 DISTRICT (M148)
Jefferson,M148,westk,12/27/2021 20:35:30.140709,4,475,21111-42-PRECINCT 148 42 DISTRICT (M148)
Jefferson,M149,bidenj,12/27/2021 20:35:30.140709,295,486,21111-42-PRECINCT 149 42 DISTRICT (M149)
Jefferson,M149,jorgensenj,12/27/2021 20:35:30.140709,2,486,21111-42-PRECINCT 149 42 DISTRICT (M149)
Jefferson,M149,pierceb,12/27/2021 20:35:30.140709,1,486,21111-42-PRECINCT 149 42 DISTRICT (M149)
Jefferson,M149,trumpd,12/27/2021 20:35:30.140709,184,486,21111-42-PRECINCT 149 42 DISTRICT (M149)
Jefferson,M149,westk,12/27/2021 20:35:30.140709,4,486,21111-42-PRECINCT 149 42 DISTRICT (M149)
Jefferson,M150,bidenj,12/27/2021 20:35:30.140709,250,338,21111-42-PRECINCT 150 42 DISTRICT (M150)
Jefferson,M150,jorgensenj,12/27/2021 20:35:30.140709,6,338,21111-42-PRECINCT 150 42 DISTRICT (M150)
Jefferson,M150,pierceb,12/27/2021 20:35:30.140709,1,338,21111-42-PRECINCT 150 42 DISTRICT (M150)
Jefferson,M150,trumpd,12/27/2021 20:35:30.140709,79,338,21111-42-PRECINCT 150 42 DISTRICT (M150)
Jefferson,M150,westk,12/27/2021 20:35:30.140709,2,338,21111-42-PRECINCT 150 42 DISTRICT (M150)
Jefferson,M159,bidenj,12/27/2021 20:35:30.140709,188,235,21111-42-PRECINCT 159 42 DISTRICT (M159)
Jefferson,M159,jorgensenj,12/27/2021 20:35:30.140709,5,235,21111-42-PRECINCT 159 42 DISTRICT (M159)
Jefferson,M159,pierceb,12/27/2021 20:35:30.140709,0,235,21111-42-PRECINCT 159 42 DISTRICT (M159)
Jefferson,M159,trumpd,12/27/2021 20:35:30.140709,38,235,21111-42-PRECINCT 159 42 DISTRICT (M159)
Jefferson,M159,westk,12/27/2021 20:35:30.140709,4,235,21111-42-PRECINCT 159 42 DISTRICT (M159)
Jefferson,M160,bidenj,12/27/2021 20:35:30.140709,117,144,21111-42-PRECINCT 160 42 DISTRICT (M160)
Jefferson,M160,jorgensenj,12/27/2021 20:35:30.140709,3,144,21111-42-PRECINCT 160 42 DISTRICT (M160)
Jefferson,M160,pierceb,12/27/2021 20:35:30.140709,0,144,21111-42-PRECINCT 160 42 DISTRICT (M160)
Jefferson,M160,trumpd,12/27/2021 20:35:30.140709,24,144,21111-42-PRECINCT 160 42 DISTRICT (M160)
Jefferson,M160,westk,12/27/2021 20:35:30.140709,0,144,21111-42-PRECINCT 160 42 DISTRICT (M160)
Jefferson,M162,bidenj,12/27/2021 20:35:30.140709,246,283,21111-42-PRECINCT 162 42 DISTRICT (M162)
Jefferson,M162,jorgensenj,12/27/2021 20:35:30.140709,0,283,21111-42-PRECINCT 162 42 DISTRICT (M162)
Jefferson,M162,pierceb,12/27/2021 20:35:30.140709,0,283,21111-42-PRECINCT 162 42 DISTRICT (M162)
Jefferson,M162,trumpd,12/27/2021 20:35:30.140709,37,283,21111-42-PRECINCT 162 42 DISTRICT (M162)
Jefferson,M162,westk,12/27/2021 20:35:30.140709,0,283,21111-42-PRECINCT 162 42 DISTRICT (M162)
Jefferson,M163,bidenj,12/27/2021 20:35:30.140709,214,254,21111-42-PRECINCT 163 42 DISTRICT (M163)
Jefferson,M163,jorgensenj,12/27/2021 20:35:30.140709,2,254,21111-42-PRECINCT 163 42 DISTRICT (M163)
Jefferson,M163,pierceb,12/27/2021 20:35:30.140709,0,254,21111-42-PRECINCT 163 42 DISTRICT (M163)
Jefferson,M163,trumpd,12/27/2021 20:35:30.140709,38,254,21111-42-PRECINCT 163 42 DISTRICT (M163)
Jefferson,M163,westk,12/27/2021 20:35:30.140709,0,254,21111-42-PRECINCT 163 42 DISTRICT (M163)
Jefferson,M164,bidenj,12/27/2021 20:35:30.140709,22,33,21111-42-PRECINCT 164 42 DISTRICT (M164)
Jefferson,M164,jorgensenj,12/27/2021 20:35:30.140709,2,33,21111-42-PRECINCT 164 42 DISTRICT (M164)
Jefferson,M164,pierceb,12/27/2021 20:35:30.140709,0,33,21111-42-PRECINCT 164 42 DISTRICT (M164)
Jefferson,M164,trumpd,12/27/2021 20:35:30.140709,7,33,21111-42-PRECINCT 164 42 DISTRICT (M164)
Jefferson,M164,westk,12/27/2021 20:35:30.140709,2,33,21111-42-PRECINCT 164 42 DISTRICT (M164)
Jefferson,M165,bidenj,12/27/2021 20:35:30.140709,0,0,
Jefferson,M165,jorgensenj,12/27/2021 20:35:30.140709,0,0,
Jefferson,M165,pierceb,12/27/2021 20:35:30.140709,0,0,
Jefferson,M165,trumpd,12/27/2021 20:35:30.140709,0,0,
Jefferson,M165,westk,12/27/2021 20:35:30.140709,0,0,
Jefferson,M166,bidenj,12/27/2021 20:35:30.140709,396,469,21111-42-PRECINCT 166 42 DISTRICT (M166)
Jefferson,M166,jorgensenj,12/27/2021 20:35:30.140709,2,469,21111-42-PRECINCT 166 42 DISTRICT (M166)
Jefferson,M166,pierceb,12/27/2021 20:35:30.140709,2,469,21111-42-PRECINCT 166 42 DISTRICT (M166)
Jefferson,M166,trumpd,12/27/2021 20:35:30.140709,64,469,21111-42-PRECINCT 166 42 DISTRICT (M166)
Jefferson,M166,westk,12/27/2021 20:35:30.140709,5,469,21111-42-PRECINCT 166 42 DISTRICT (M166)
Jefferson,M167,bidenj,12/27/2021 20:35:30.140709,0,0,
Jefferson,M167,jorgensenj,12/27/2021 20:35:30.140709,0,0,
Jefferson,M167,pierceb,12/27/2021 20:35:30.140709,0,0,
Jefferson,M167,trumpd,12/27/2021 20:35:30.140709,0,0,
Jefferson,M167,westk,12/27/2021 20:35:30.140709,0,0,
Jefferson,M168,bidenj,12/27/2021 20:35:30.140709,146,162,21111-42-PRECINCT 168 42 DISTRICT (M168)
Jefferson,M168,jorgensenj,12/27/2021 20:35:30.140709,3,162,21111-42-PRECINCT 168 42 DISTRICT (M168)
Jefferson,M168,pierceb,12/27/2021 20:35:30.140709,0,162,21111-42-PRECINCT 168 42 DISTRICT (M168)
Jefferson,M168,trumpd,12/27/2021 20:35:30.140709,12,162,21111-42-PRECINCT 168 42 DISTRICT (M168)
Jefferson,M168,westk,12/27/2021 20:35:30.140709,1,162,21111-42-PRECINCT 168 42 DISTRICT (M168)
Jefferson,M169,bidenj,12/27/2021 20:35:30.140709,458,477,21111-42-PRECINCT 169 42 DISTRICT (M169)
Jefferson,M169,jorgensenj,12/27/2021 20:35:30.140709,4,477,21111-42-PRECINCT 169 42 DISTRICT (M169)
Jefferson,M169,pierceb,12/27/2021 20:35:30.140709,0,477,21111-42-PRECINCT 169 42 DISTRICT (M169)
Jefferson,M169,trumpd,12/27/2021 20:35:30.140709,15,477,21111-42-PRECINCT 169 42 DISTRICT (M169)
Jefferson,M169,westk,12/27/2021 20:35:30.140709,0,477,21111-42-PRECINCT 169 42 DISTRICT (M169)
Jefferson,M170,bidenj,12/27/2021 20:35:30.140709,641,683,21111-42-PRECINCT 170 42 DISTRICT (M170)
Jefferson,M170,jorgensenj,12/27/2021 20:35:30.140709,4,683,21111-42-PRECINCT 170 42 DISTRICT (M170)
Jefferson,M170,pierceb,12/27/2021 20:35:30.140709,1,683,21111-42-PRECINCT 170 42 DISTRICT (M170)
Jefferson,M170,trumpd,12/27/2021 20:35:30.140709,33,683,21111-42-PRECINCT 170 42 DISTRICT (M170)
Jefferson,M170,westk,12/27/2021 20:35:30.140709,4,683,21111-42-PRECINCT 170 42 DISTRICT (M170)
Jefferson,M171,bidenj,12/27/2021 20:35:30.140709,677,716,21111-42-PRECINCT 171 42 DISTRICT (M171)
Jefferson,M171,jorgensenj,12/27/2021 20:35:30.140709,2,716,21111-42-PRECINCT 171 42 DISTRICT (M171)
Jefferson,M171,pierceb,12/27/2021 20:35:30.140709,0,716,21111-42-PRECINCT 171 42 DISTRICT (M171)
Jefferson,M171,trumpd,12/27/2021 20:35:30.140709,34,716,21111-42-PRECINCT 171 42 DISTRICT (M171)
Jefferson,M171,westk,12/27/2021 20:35:30.140709,3,716,21111-42-PRECINCT 171 42 DISTRICT (M171)
Jefferson,M172,bidenj,12/27/2021 20:35:30.140709,152,171,21111-42-PRECINCT 172 42 DISTRICT (M172)
Jefferson,M172,jorgensenj,12/27/2021 20:35:30.140709,1,171,21111-42-PRECINCT 172 42 DISTRICT (M172)
Jefferson,M172,pierceb,12/27/2021 20:35:30.140709,0,171,21111-42-PRECINCT 172 42 DISTRICT (M172)
Jefferson,M172,trumpd,12/27/2021 20:35:30.140709,16,171,21111-42-PRECINCT 172 42 DISTRICT (M172)
Jefferson,M172,westk,12/27/2021 20:35:30.140709,2,171,21111-42-PRECINCT 172 42 DISTRICT (M172)
Jefferson,M173,bidenj,12/27/2021 20:35:30.140709,601,696,21111-42-PRECINCT 173 42 DISTRICT (M173)
Jefferson,M173,jorgensenj,12/27/2021 20:35:30.140709,4,696,21111-42-PRECINCT 173 42 DISTRICT (M173)
Jefferson,M173,pierceb,12/27/2021 20:35:30.140709,0,696,21111-42-PRECINCT 173 42 DISTRICT (M173)
Jefferson,M173,trumpd,12/27/2021 20:35:30.140709,89,696,21111-42-PRECINCT 173 42 DISTRICT (M173)
Jefferson,M173,westk,12/27/2021 20:35:30.140709,2,696,21111-42-PRECINCT 173 42 DISTRICT (M173)
Jefferson,M174,bidenj,12/27/2021 20:35:30.140709,0,0,21111-42-PRECINCT 174 42 DISTRICT (M174)
Jefferson,M174,jorgensenj,12/27/2021 20:35:30.140709,0,0,21111-42-PRECINCT 174 42 DISTRICT (M174)
Jefferson,M174,pierceb,12/27/2021 20:35:30.140709,0,0,21111-42-PRECINCT 174 42 DISTRICT (M174)
Jefferson,M174,trumpd,12/27/2021 20:35:30.140709,0,0,21111-42-PRECINCT 174 42 DISTRICT (M174)
Jefferson,M174,westk,12/27/2021 20:35:30.140709,0,0,21111-42-PRECINCT 174 42 DISTRICT (M174)
Jefferson,M175,bidenj,12/27/2021 20:35:30.140709,0,0,
Jefferson,M175,jorgensenj,12/27/2021 20:35:30.140709,0,0,
Jefferson,M175,pierceb,12/27/2021 20:35:30.140709,0,0,
Jefferson,M175,trumpd,12/27/2021 20:35:30.140709,0,0,
Jefferson,M175,westk,12/27/2021 20:35:30.140709,0,0,
Jefferson,N101,bidenj,12/27/2021 20:35:30.140709,569,686,21111-43-PRECINCT 101 43 DISTRICT (N101)
Jefferson,N101,jorgensenj,12/27/2021 20:35:30.140709,2,686,21111-43-PRECINCT 101 43 DISTRICT (N101)
Jefferson,N101,pierceb,12/27/2021 20:35:30.140709,1,686,21111-43-PRECINCT 101 43 DISTRICT (N101)
Jefferson,N101,trumpd,12/27/2021 20:35:30.140709,112,686,21111-43-PRECINCT 101 43 DISTRICT (N101)
Jefferson,N101,westk,12/27/2021 20:35:30.140709,2,686,21111-43-PRECINCT 101 43 DISTRICT (N101)
Jefferson,N102,bidenj,12/27/2021 20:35:30.140709,353,620,21111-43-PRECINCT 102 43 DISTRICT (N102)
Jefferson,N102,jorgensenj,12/27/2021 20:35:30.140709,9,620,21111-43-PRECINCT 102 43 DISTRICT (N102)
Jefferson,N102,pierceb,12/27/2021 20:35:30.140709,2,620,21111-43-PRECINCT 102 43 DISTRICT (N102)
Jefferson,N102,trumpd,12/27/2021 20:35:30.140709,255,620,21111-43-PRECINCT 102 43 DISTRICT (N102)
Jefferson,N102,westk,12/27/2021 20:35:30.140709,1,620,21111-43-PRECINCT 102 43 DISTRICT (N102)
Jefferson,N103,bidenj,12/27/2021 20:35:30.140709,730,766,21111-43-PRECINCT 103 43 DISTRICT (N103)
Jefferson,N103,jorgensenj,12/27/2021 20:35:30.140709,8,766,21111-43-PRECINCT 103 43 DISTRICT (N103)
Jefferson,N103,pierceb,12/27/2021 20:35:30.140709,0,766,21111-43-PRECINCT 103 43 DISTRICT (N103)
Jefferson,N103,trumpd,12/27/2021 20:35:30.140709,27,766,21111-43-PRECINCT 103 43 DISTRICT (N103)
Jefferson,N103,westk,12/27/2021 20:35:30.140709,1,766,21111-43-PRECINCT 103 43 DISTRICT (N103)
Jefferson,N104,bidenj,12/27/2021 20:35:30.140709,720,782,21111-43-PRECINCT 104 43 DISTRICT (N104)
Jefferson,N104,jorgensenj,12/27/2021 20:35:30.140709,6,782,21111-43-PRECINCT 104 43 DISTRICT (N104)
Jefferson,N104,pierceb,12/27/2021 20:35:30.140709,2,782,21111-43-PRECINCT 104 43 DISTRICT (N104)
Jefferson,N104,trumpd,12/27/2021 20:35:30.140709,48,782,21111-43-PRECINCT 104 43 DISTRICT (N104)
Jefferson,N104,westk,12/27/2021 20:35:30.140709,6,782,21111-43-PRECINCT 104 43 DISTRICT (N104)
Jefferson,N105,bidenj,12/27/2021 20:35:30.140709,592,633,21111-43-PRECINCT 105 43 DISTRICT (N105)
Jefferson,N105,jorgensenj,12/27/2021 20:35:30.140709,2,633,21111-43-PRECINCT 105 43 DISTRICT (N105)
Jefferson,N105,pierceb,12/27/2021 20:35:30.140709,0,633,21111-43-PRECINCT 105 43 DISTRICT (N105)
Jefferson,N105,trumpd,12/27/2021 20:35:30.140709,31,633,21111-43-PRECINCT 105 43 DISTRICT (N105)
Jefferson,N105,westk,12/27/2021 20:35:30.140709,8,633,21111-43-PRECINCT 105 43 DISTRICT (N105)
Jefferson,N106,bidenj,12/27/2021 20:35:30.140709,703,721,21111-43-PRECINCT 106 43 DISTRICT (N106)
Jefferson,N106,jorgensenj,12/27/2021 20:35:30.140709,1,721,21111-43-PRECINCT 106 43 DISTRICT (N106)
Jefferson,N106,pierceb,12/27/2021 20:35:30.140709,1,721,21111-43-PRECINCT 106 43 DISTRICT (N106)
Jefferson,N106,trumpd,12/27/2021 20:35:30.140709,11,721,21111-43-PRECINCT 106 43 DISTRICT (N106)
Jefferson,N106,westk,12/27/2021 20:35:30.140709,5,721,21111-43-PRECINCT 106 43 DISTRICT (N106)
Jefferson,N107,bidenj,12/27/2021 20:35:30.140709,724,754,21111-43-PRECINCT 107 43 DISTRICT (N107)
Jefferson,N107,jorgensenj,12/27/2021 20:35:30.140709,5,754,21111-43-PRECINCT 107 43 DISTRICT (N107)
Jefferson,N107,pierceb,12/27/2021 20:35:30.140709,1,754,21111-43-PRECINCT 107 43 DISTRICT (N107)
Jefferson,N107,trumpd,12/27/2021 20:35:30.140709,17,754,21111-43-PRECINCT 107 43 DISTRICT (N107)
Jefferson,N107,westk,12/27/2021 20:35:30.140709,7,754,21111-43-PRECINCT 107 43 DISTRICT (N107)
Jefferson,N108,bidenj,12/27/2021 20:35:30.140709,761,794,21111-43-PRECINCT 108 43 DISTRICT (N108)
Jefferson,N108,jorgensenj,12/27/2021 20:35:30.140709,3,794,21111-43-PRECINCT 108 43 DISTRICT (N108)
Jefferson,N108,pierceb,12/27/2021 20:35:30.140709,1,794,21111-43-PRECINCT 108 43 DISTRICT (N108)
Jefferson,N108,trumpd,12/27/2021 20:35:30.140709,22,794,21111-43-PRECINCT 108 43 DISTRICT (N108)
Jefferson,N108,westk,12/27/2021 20:35:30.140709,7,794,21111-43-PRECINCT 108 43 DISTRICT (N108)
Jefferson,N109,bidenj,12/27/2021 20:35:30.140709,492,521,21111-43-PRECINCT 109 43 DISTRICT (N109)
Jefferson,N109,jorgensenj,12/27/2021 20:35:30.140709,2,521,21111-43-PRECINCT 109 43 DISTRICT (N109)
Jefferson,N109,pierceb,12/27/2021 20:35:30.140709,3,521,21111-43-PRECINCT 109 43 DISTRICT (N109)
Jefferson,N109,trumpd,12/27/2021 20:35:30.140709,21,521,21111-43-PRECINCT 109 43 DISTRICT (N109)
Jefferson,N109,westk,12/27/2021 20:35:30.140709,3,521,21111-43-PRECINCT 109 43 DISTRICT (N109)
Jefferson,N110,bidenj,12/27/2021 20:35:30.140709,447,462,21111-43-PRECINCT 110 43 DISTRICT (N110)
Jefferson,N110,jorgensenj,12/27/2021 20:35:30.140709,0,462,21111-43-PRECINCT 110 43 DISTRICT (N110)
Jefferson,N110,pierceb,12/27/2021 20:35:30.140709,1,462,21111-43-PRECINCT 110 43 DISTRICT (N110)
Jefferson,N110,trumpd,12/27/2021 20:35:30.140709,13,462,21111-43-PRECINCT 110 43 DISTRICT (N110)
Jefferson,N110,westk,12/27/2021 20:35:30.140709,1,462,21111-43-PRECINCT 110 43 DISTRICT (N110)
Jefferson,N111,bidenj,12/27/2021 20:35:30.140709,314,325,21111-43-PRECINCT 111 43 DISTRICT (N111)
Jefferson,N111,jorgensenj,12/27/2021 20:35:30.140709,3,325,21111-43-PRECINCT 111 43 DISTRICT (N111)
Jefferson,N111,pierceb,12/27/2021 20:35:30.140709,0,325,21111-43-PRECINCT 111 43 DISTRICT (N111)
Jefferson,N111,trumpd,12/27/2021 20:35:30.140709,4,325,21111-43-PRECINCT 111 43 DISTRICT (N111)
Jefferson,N111,westk,12/27/2021 20:35:30.140709,4,325,21111-43-PRECINCT 111 43 DISTRICT (N111)
Jefferson,N112,bidenj,12/27/2021 20:35:30.140709,357,372,21111-43-PRECINCT 112 43 DISTRICT (N112)
Jefferson,N112,jorgensenj,12/27/2021 20:35:30.140709,0,372,21111-43-PRECINCT 112 43 DISTRICT (N112)
Jefferson,N112,pierceb,12/27/2021 20:35:30.140709,1,372,21111-43-PRECINCT 112 43 DISTRICT (N112)
Jefferson,N112,trumpd,12/27/2021 20:35:30.140709,9,372,21111-43-PRECINCT 112 43 DISTRICT (N112)
Jefferson,N112,westk,12/27/2021 20:35:30.140709,5,372,21111-43-PRECINCT 112 43 DISTRICT (N112)
Jefferson,N113,bidenj,12/27/2021 20:35:30.140709,290,307,21111-43-PRECINCT 113 43 DISTRICT (N113)
Jefferson,N113,jorgensenj,12/27/2021 20:35:30.140709,4,307,21111-43-PRECINCT 113 43 DISTRICT (N113)
Jefferson,N113,pierceb,12/27/2021 20:35:30.140709,1,307,21111-43-PRECINCT 113 43 DISTRICT (N113)
Jefferson,N113,trumpd,12/27/2021 20:35:30.140709,9,307,21111-43-PRECINCT 113 43 DISTRICT (N113)
Jefferson,N113,westk,12/27/2021 20:35:30.140709,3,307,21111-43-PRECINCT 113 43 DISTRICT (N113)
Jefferson,N115,bidenj,12/27/2021 20:35:30.140709,266,459,21111-43-PRECINCT 115 43 DISTRICT (N115)
Jefferson,N115,jorgensenj,12/27/2021 20:35:30.140709,5,459,21111-43-PRECINCT 115 43 DISTRICT (N115)
Jefferson,N115,pierceb,12/27/2021 20:35:30.140709,3,459,21111-43-PRECINCT 115 43 DISTRICT (N115)
Jefferson,N115,trumpd,12/27/2021 20:35:30.140709,182,459,21111-43-PRECINCT 115 43 DISTRICT (N115)
Jefferson,N115,westk,12/27/2021 20:35:30.140709,3,459,21111-43-PRECINCT 115 43 DISTRICT (N115)
Jefferson,N117,bidenj,12/27/2021 20:35:30.140709,453,592,21111-43-PRECINCT 117 43 DISTRICT (N117)
Jefferson,N117,jorgensenj,12/27/2021 20:35:30.140709,7,592,21111-43-PRECINCT 117 43 DISTRICT (N117)
Jefferson,N117,pierceb,12/27/2021 20:35:30.140709,0,592,21111-43-PRECINCT 117 43 DISTRICT (N117)
Jefferson,N117,trumpd,12/27/2021 20:35:30.140709,127,592,21111-43-PRECINCT 117 43 DISTRICT (N117)
Jefferson,N117,westk,12/27/2021 20:35:30.140709,5,592,21111-43-PRECINCT 117 43 DISTRICT (N117)
Jefferson,N124,bidenj,12/27/2021 20:35:30.140709,5,8,21111-43-PRECINCT 124 43 DISTRICT (N124)
Jefferson,N124,jorgensenj,12/27/2021 20:35:30.140709,0,8,21111-43-PRECINCT 124 43 DISTRICT (N124)
Jefferson,N124,pierceb,12/27/2021 20:35:30.140709,0,8,21111-43-PRECINCT 124 43 DISTRICT (N124)
Jefferson,N124,trumpd,12/27/2021 20:35:30.140709,3,8,21111-43-PRECINCT 124 43 DISTRICT (N124)
Jefferson,N124,westk,12/27/2021 20:35:30.140709,0,8,21111-43-PRECINCT 124 43 DISTRICT (N124)
Jefferson,N125,bidenj,12/27/2021 20:35:30.140709,469,786,21111-43-PRECINCT 125 43 DISTRICT (N125)
Jefferson,N125,jorgensenj,12/27/2021 20:35:30.140709,6,786,21111-43-PRECINCT 125 43 DISTRICT (N125)
Jefferson,N125,pierceb,12/27/2021 20:35:30.140709,1,786,21111-43-PRECINCT 125 43 DISTRICT (N125)
Jefferson,N125,trumpd,12/27/2021 20:35:30.140709,308,786,21111-43-PRECINCT 125 43 DISTRICT (N125)
Jefferson,N125,westk,12/27/2021 20:35:30.140709,2,786,21111-43-PRECINCT 125 43 DISTRICT (N125)
Jefferson,N126,bidenj,12/27/2021 20:35:30.140709,257,612,21111-43-PRECINCT 126 43 DISTRICT (N126)
Jefferson,N126,jorgensenj,12/27/2021 20:35:30.140709,6,612,21111-43-PRECINCT 126 43 DISTRICT (N126)
Jefferson,N126,pierceb,12/27/2021 20:35:30.140709,4,612,21111-43-PRECINCT 126 43 DISTRICT (N126)
Jefferson,N126,trumpd,12/27/2021 20:35:30.140709,343,612,21111-43-PRECINCT 126 43 DISTRICT (N126)
Jefferson,N126,westk,12/27/2021 20:35:30.140709,2,612,21111-43-PRECINCT 126 43 DISTRICT (N126)
Jefferson,N127,bidenj,12/27/2021 20:35:30.140709,53,72,21111-43-PRECINCT 127 43 DISTRICT (N127)
Jefferson,N127,jorgensenj,12/27/2021 20:35:30.140709,1,72,21111-43-PRECINCT 127 43 DISTRICT (N127)
Jefferson,N127,pierceb,12/27/2021 20:35:30.140709,0,72,21111-43-PRECINCT 127 43 DISTRICT (N127)
Jefferson,N127,trumpd,12/27/2021 20:35:30.140709,17,72,21111-43-PRECINCT 127 43 DISTRICT (N127)
Jefferson,N127,westk,12/27/2021 20:35:30.140709,1,72,21111-43-PRECINCT 127 43 DISTRICT (N127)
Jefferson,N128,bidenj,12/27/2021 20:35:30.140709,209,271,21111-43-PRECINCT 128 43 DISTRICT (N128)
Jefferson,N128,jorgensenj,12/27/2021 20:35:30.140709,1,271,21111-43-PRECINCT 128 43 DISTRICT (N128)
Jefferson,N128,pierceb,12/27/2021 20:35:30.140709,1,271,21111-43-PRECINCT 128 43 DISTRICT (N128)
Jefferson,N128,trumpd,12/27/2021 20:35:30.140709,55,271,21111-43-PRECINCT 128 43 DISTRICT (N128)
Jefferson,N128,westk,12/27/2021 20:35:30.140709,5,271,21111-43-PRECINCT 128 43 DISTRICT (N128)
Jefferson,N130,bidenj,12/27/2021 20:35:30.140709,599,881,21111-43-PRECINCT 130 43 DISTRICT (N130)
Jefferson,N130,jorgensenj,12/27/2021 20:35:30.140709,12,881,21111-43-PRECINCT 130 43 DISTRICT (N130)
Jefferson,N130,pierceb,12/27/2021 20:35:30.140709,2,881,21111-43-PRECINCT 130 43 DISTRICT (N130)
Jefferson,N130,trumpd,12/27/2021 20:35:30.140709,266,881,21111-43-PRECINCT 130 43 DISTRICT (N130)
Jefferson,N130,westk,12/27/2021 20:35:30.140709,2,881,21111-43-PRECINCT 130 43 DISTRICT (N130)
Jefferson,N131,bidenj,12/27/2021 20:35:30.140709,412,821,21111-43-PRECINCT 131 43 DISTRICT (N131)
Jefferson,N131,jorgensenj,12/27/2021 20:35:30.140709,8,821,21111-43-PRECINCT 131 43 DISTRICT (N131)
Jefferson,N131,pierceb,12/27/2021 20:35:30.140709,1,821,21111-43-PRECINCT 131 43 DISTRICT (N131)
Jefferson,N131,trumpd,12/27/2021 20:35:30.140709,394,821,21111-43-PRECINCT 131 43 DISTRICT (N131)
Jefferson,N131,westk,12/27/2021 20:35:30.140709,6,821,21111-43-PRECINCT 131 43 DISTRICT (N131)
Jefferson,N134,bidenj,12/27/2021 20:35:30.140709,718,909,21111-43-PRECINCT 134 43 DISTRICT (N134)
Jefferson,N134,jorgensenj,12/27/2021 20:35:30.140709,14,909,21111-43-PRECINCT 134 43 DISTRICT (N134)
Jefferson,N134,pierceb,12/27/2021 20:35:30.140709,3,909,21111-43-PRECINCT 134 43 DISTRICT (N134)
Jefferson,N134,trumpd,12/27/2021 20:35:30.140709,164,909,21111-43-PRECINCT 134 43 DISTRICT (N134)
Jefferson,N134,westk,12/27/2021 20:35:30.140709,10,909,21111-43-PRECINCT 134 43 DISTRICT (N134)
Jefferson,N135,bidenj,12/27/2021 20:35:30.140709,156,202,21111-43-PRECINCT 135 43 DISTRICT (N135)
Jefferson,N135,jorgensenj,12/27/2021 20:35:30.140709,4,202,21111-43-PRECINCT 135 43 DISTRICT (N135)
Jefferson,N135,pierceb,12/27/2021 20:35:30.140709,0,202,21111-43-PRECINCT 135 43 DISTRICT (N135)
Jefferson,N135,trumpd,12/27/2021 20:35:30.140709,42,202,21111-43-PRECINCT 135 43 DISTRICT (N135)
Jefferson,N135,westk,12/27/2021 20:35:30.140709,0,202,21111-43-PRECINCT 135 43 DISTRICT (N135)
Jefferson,N136,bidenj,12/27/2021 20:35:30.140709,264,300,21111-43-PRECINCT 136 43 DISTRICT (N136)
Jefferson,N136,jorgensenj,12/27/2021 20:35:30.140709,1,300,21111-43-PRECINCT 136 43 DISTRICT (N136)
Jefferson,N136,pierceb,12/27/2021 20:35:30.140709,0,300,21111-43-PRECINCT 136 43 DISTRICT (N136)
Jefferson,N136,trumpd,12/27/2021 20:35:30.140709,34,300,21111-43-PRECINCT 136 43 DISTRICT (N136)
Jefferson,N136,westk,12/27/2021 20:35:30.140709,1,300,21111-43-PRECINCT 136 43 DISTRICT (N136)
Jefferson,N137,bidenj,12/27/2021 20:35:30.140709,134,139,21111-43-PRECINCT 137 43 DISTRICT (N137)
Jefferson,N137,jorgensenj,12/27/2021 20:35:30.140709,0,139,21111-43-PRECINCT 137 43 DISTRICT (N137)
Jefferson,N137,pierceb,12/27/2021 20:35:30.140709,0,139,21111-43-PRECINCT 137 43 DISTRICT (N137)
Jefferson,N137,trumpd,12/27/2021 20:35:30.140709,5,139,21111-43-PRECINCT 137 43 DISTRICT (N137)
Jefferson,N137,westk,12/27/2021 20:35:30.140709,0,139,21111-43-PRECINCT 137 43 DISTRICT (N137)
Jefferson,N138,bidenj,12/27/2021 20:35:30.140709,47,51,21111-43-PRECINCT 138 43 DISTRICT (N138)
Jefferson,N138,jorgensenj,12/27/2021 20:35:30.140709,0,51,21111-43-PRECINCT 138 43 DISTRICT (N138)
Jefferson,N138,pierceb,12/27/2021 20:35:30.140709,0,51,21111-43-PRECINCT 138 43 DISTRICT (N138)
Jefferson,N138,trumpd,12/27/2021 20:35:30.140709,4,51,21111-43-PRECINCT 138 43 DISTRICT (N138)
Jefferson,N138,westk,12/27/2021 20:35:30.140709,0,51,21111-43-PRECINCT 138 43 DISTRICT (N138)
Jefferson,N139,bidenj,12/27/2021 20:35:30.140709,74,78,21111-43-PRECINCT 139 43 DISTRICT (N139)
Jefferson,N139,jorgensenj,12/27/2021 20:35:30.140709,1,78,21111-43-PRECINCT 139 43 DISTRICT (N139)
Jefferson,N139,pierceb,12/27/2021 20:35:30.140709,0,78,21111-43-PRECINCT 139 43 DISTRICT (N139)
Jefferson,N139,trumpd,12/27/2021 20:35:30.140709,2,78,21111-43-PRECINCT 139 43 DISTRICT (N139)
Jefferson,N139,westk,12/27/2021 20:35:30.140709,1,78,21111-43-PRECINCT 139 43 DISTRICT (N139)
Jefferson,N141,bidenj,12/27/2021 20:35:30.140709,279,537,21111-43-PRECINCT 141 43 DISTRICT (N141)
Jefferson,N141,jorgensenj,12/27/2021 20:35:30.140709,5,537,21111-43-PRECINCT 141 43 DISTRICT (N141)
Jefferson,N141,pierceb,12/27/2021 20:35:30.140709,0,537,21111-43-PRECINCT 141 43 DISTRICT (N141)
Jefferson,N141,trumpd,12/27/2021 20:35:30.140709,250,537,21111-43-PRECINCT 141 43 DISTRICT (N141)
Jefferson,N141,westk,12/27/2021 20:35:30.140709,3,537,21111-43-PRECINCT 141 43 DISTRICT (N141)
Jefferson,N142,bidenj,12/27/2021 20:35:30.140709,645,1044,21111-43-PRECINCT 142 43 DISTRICT (N142)
Jefferson,N142,jorgensenj,12/27/2021 20:35:30.140709,6,1044,21111-43-PRECINCT 142 43 DISTRICT (N142)
Jefferson,N142,pierceb,12/27/2021 20:35:30.140709,2,1044,21111-43-PRECINCT 142 43 DISTRICT (N142)
Jefferson,N142,trumpd,12/27/2021 20:35:30.140709,387,1044,21111-43-PRECINCT 142 43 DISTRICT (N142)
Jefferson,N142,westk,12/27/2021 20:35:30.140709,4,1044,21111-43-PRECINCT 142 43 DISTRICT (N142)
Jefferson,N143,bidenj,12/27/2021 20:35:30.140709,558,1007,21111-43-PRECINCT 143 43 DISTRICT (N143)
Jefferson,N143,jorgensenj,12/27/2021 20:35:30.140709,12,1007,21111-43-PRECINCT 143 43 DISTRICT (N143)
Jefferson,N143,pierceb,12/27/2021 20:35:30.140709,0,1007,21111-43-PRECINCT 143 43 DISTRICT (N143)
Jefferson,N143,trumpd,12/27/2021 20:35:30.140709,432,1007,21111-43-PRECINCT 143 43 DISTRICT (N143)
Jefferson,N143,westk,12/27/2021 20:35:30.140709,5,1007,21111-43-PRECINCT 143 43 DISTRICT (N143)
Jefferson,N144,bidenj,12/27/2021 20:35:30.140709,297,563,21111-43-PRECINCT 144 43 DISTRICT (N144)
Jefferson,N144,jorgensenj,12/27/2021 20:35:30.140709,6,563,21111-43-PRECINCT 144 43 DISTRICT (N144)
Jefferson,N144,pierceb,12/27/2021 20:35:30.140709,0,563,21111-43-PRECINCT 144 43 DISTRICT (N144)
Jefferson,N144,trumpd,12/27/2021 20:35:30.140709,256,563,21111-43-PRECINCT 144 43 DISTRICT (N144)
Jefferson,N144,westk,12/27/2021 20:35:30.140709,4,563,21111-43-PRECINCT 144 43 DISTRICT (N144)
Jefferson,N145,bidenj,12/27/2021 20:35:30.140709,144,155,21111-43-PRECINCT 145 43 DISTRICT (N145)
Jefferson,N145,jorgensenj,12/27/2021 20:35:30.140709,0,155,21111-43-PRECINCT 145 43 DISTRICT (N145)
Jefferson,N145,pierceb,12/27/2021 20:35:30.140709,0,155,21111-43-PRECINCT 145 43 DISTRICT (N145)
Jefferson,N145,trumpd,12/27/2021 20:35:30.140709,6,155,21111-43-PRECINCT 145 43 DISTRICT (N145)
Jefferson,N145,westk,12/27/2021 20:35:30.140709,5,155,21111-43-PRECINCT 145 43 DISTRICT (N145)
Jefferson,N146,bidenj,12/27/2021 20:35:30.140709,328,567,21111-43-PRECINCT 146 43 DISTRICT (N146)
Jefferson,N146,jorgensenj,12/27/2021 20:35:30.140709,4,567,21111-43-PRECINCT 146 43 DISTRICT (N146)
Jefferson,N146,pierceb,12/27/2021 20:35:30.140709,1,567,21111-43-PRECINCT 146 43 DISTRICT (N146)
Jefferson,N146,trumpd,12/27/2021 20:35:30.140709,230,567,21111-43-PRECINCT 146 43 DISTRICT (N146)
Jefferson,N146,westk,12/27/2021 20:35:30.140709,4,567,21111-43-PRECINCT 146 43 DISTRICT (N146)
Jefferson,N147,bidenj,12/27/2021 20:35:30.140709,82,113,21111-43-PRECINCT 147 43 DISTRICT (N147)
Jefferson,N147,jorgensenj,12/27/2021 20:35:30.140709,0,113,21111-43-PRECINCT 147 43 DISTRICT (N147)
Jefferson,N147,pierceb,12/27/2021 20:35:30.140709,0,113,21111-43-PRECINCT 147 43 DISTRICT (N147)
Jefferson,N147,trumpd,12/27/2021 20:35:30.140709,31,113,21111-43-PRECINCT 147 43 DISTRICT (N147)
Jefferson,N147,westk,12/27/2021 20:35:30.140709,0,113,21111-43-PRECINCT 147 43 DISTRICT (N147)
Jefferson,N148,bidenj,12/27/2021 20:35:30.140709,283,295,21111-43-PRECINCT 148 43 DISTRICT (N148)
Jefferson,N148,jorgensenj,12/27/2021 20:35:30.140709,3,295,21111-43-PRECINCT 148 43 DISTRICT (N148)
Jefferson,N148,pierceb,12/27/2021 20:35:30.140709,1,295,21111-43-PRECINCT 148 43 DISTRICT (N148)
Jefferson,N148,trumpd,12/27/2021 20:35:30.140709,6,295,21111-43-PRECINCT 148 43 DISTRICT (N148)
Jefferson,N148,westk,12/27/2021 20:35:30.140709,2,295,21111-43-PRECINCT 148 43 DISTRICT (N148)
Jefferson,N149,bidenj,12/27/2021 20:35:30.140709,117,119,21111-43-PRECINCT 149 43 DISTRICT (N149)
Jefferson,N149,jorgensenj,12/27/2021 20:35:30.140709,0,119,21111-43-PRECINCT 149 43 DISTRICT (N149)
Jefferson,N149,pierceb,12/27/2021 20:35:30.140709,0,119,21111-43-PRECINCT 149 43 DISTRICT (N149)
Jefferson,N149,trumpd,12/27/2021 20:35:30.140709,1,119,21111-43-PRECINCT 149 43 DISTRICT (N149)
Jefferson,N149,westk,12/27/2021 20:35:30.140709,1,119,21111-43-PRECINCT 149 43 DISTRICT (N149)
Jefferson,N150,bidenj,12/27/2021 20:35:30.140709,19,19,21111-43-PRECINCT 150 43 DISTRICT (N150)
Jefferson,N150,jorgensenj,12/27/2021 20:35:30.140709,0,19,21111-43-PRECINCT 150 43 DISTRICT (N150)
Jefferson,N150,pierceb,12/27/2021 20:35:30.140709,0,19,21111-43-PRECINCT 150 43 DISTRICT (N150)
Jefferson,N150,trumpd,12/27/2021 20:35:30.140709,0,19,21111-43-PRECINCT 150 43 DISTRICT (N150)
Jefferson,N150,westk,12/27/2021 20:35:30.140709,0,19,21111-43-PRECINCT 150 43 DISTRICT (N150)
Jefferson,O105,bidenj,12/27/2021 20:35:30.140709,735,901,21111-44-PRECINCT 105 44 DISTRICT (O105)
Jefferson,O105,jorgensenj,12/27/2021 20:35:30.140709,3,901,21111-44-PRECINCT 105 44 DISTRICT (O105)
Jefferson,O105,pierceb,12/27/2021 20:35:30.140709,0,901,21111-44-PRECINCT 105 44 DISTRICT (O105)
Jefferson,O105,trumpd,12/27/2021 20:35:30.140709,158,901,21111-44-PRECINCT 105 44 DISTRICT (O105)
Jefferson,O105,westk,12/27/2021 20:35:30.140709,5,901,21111-44-PRECINCT 105 44 DISTRICT (O105)
Jefferson,O107,bidenj,12/27/2021 20:35:30.140709,1055,1250,21111-44-PRECINCT 107 44 DISTRICT (O107)
Jefferson,O107,jorgensenj,12/27/2021 20:35:30.140709,6,1250,21111-44-PRECINCT 107 44 DISTRICT (O107)
Jefferson,O107,pierceb,12/27/2021 20:35:30.140709,3,1250,21111-44-PRECINCT 107 44 DISTRICT (O107)
Jefferson,O107,trumpd,12/27/2021 20:35:30.140709,179,1250,21111-44-PRECINCT 107 44 DISTRICT (O107)
Jefferson,O107,westk,12/27/2021 20:35:30.140709,7,1250,21111-44-PRECINCT 107 44 DISTRICT (O107)
Jefferson,O109,bidenj,12/27/2021 20:35:30.140709,664,900,21111-44-PRECINCT 109 44 DISTRICT (O109)
Jefferson,O109,jorgensenj,12/27/2021 20:35:30.140709,7,900,21111-44-PRECINCT 109 44 DISTRICT (O109)
Jefferson,O109,pierceb,12/27/2021 20:35:30.140709,2,900,21111-44-PRECINCT 109 44 DISTRICT (O109)
Jefferson,O109,trumpd,12/27/2021 20:35:30.140709,223,900,21111-44-PRECINCT 109 44 DISTRICT (O109)
Jefferson,O109,westk,12/27/2021 20:35:30.140709,4,900,21111-44-PRECINCT 109 44 DISTRICT (O109)
Jefferson,O111,bidenj,12/27/2021 20:35:30.140709,492,707,21111-44-PRECINCT 111 44 DISTRICT (O111)
Jefferson,O111,jorgensenj,12/27/2021 20:35:30.140709,11,707,21111-44-PRECINCT 111 44 DISTRICT (O111)
Jefferson,O111,pierceb,12/27/2021 20:35:30.140709,2,707,21111-44-PRECINCT 111 44 DISTRICT (O111)
Jefferson,O111,trumpd,12/27/2021 20:35:30.140709,199,707,21111-44-PRECINCT 111 44 DISTRICT (O111)
Jefferson,O111,westk,12/27/2021 20:35:30.140709,3,707,21111-44-PRECINCT 111 44 DISTRICT (O111)
Jefferson,O112,bidenj,12/27/2021 20:35:30.140709,298,603,21111-44-PRECINCT 112 44 DISTRICT (O112)
Jefferson,O112,jorgensenj,12/27/2021 20:35:30.140709,5,603,21111-44-PRECINCT 112 44 DISTRICT (O112)
Jefferson,O112,pierceb,12/27/2021 20:35:30.140709,1,603,21111-44-PRECINCT 112 44 DISTRICT (O112)
Jefferson,O112,trumpd,12/27/2021 20:35:30.140709,298,603,21111-44-PRECINCT 112 44 DISTRICT (O112)
Jefferson,O112,westk,12/27/2021 20:35:30.140709,1,603,21111-44-PRECINCT 112 44 DISTRICT (O112)
Jefferson,O113,bidenj,12/27/2021 20:35:30.140709,397,590,21111-44-PRECINCT 113 44 DISTRICT (O113)
Jefferson,O113,jorgensenj,12/27/2021 20:35:30.140709,9,590,21111-44-PRECINCT 113 44 DISTRICT (O113)
Jefferson,O113,pierceb,12/27/2021 20:35:30.140709,0,590,21111-44-PRECINCT 113 44 DISTRICT (O113)
Jefferson,O113,trumpd,12/27/2021 20:35:30.140709,181,590,21111-44-PRECINCT 113 44 DISTRICT (O113)
Jefferson,O113,westk,12/27/2021 20:35:30.140709,3,590,21111-44-PRECINCT 113 44 DISTRICT (O113)
Jefferson,O114,bidenj,12/27/2021 20:35:30.140709,336,692,21111-44-PRECINCT 114 44 DISTRICT (O114)
Jefferson,O114,jorgensenj,12/27/2021 20:35:30.140709,3,692,21111-44-PRECINCT 114 44 DISTRICT (O114)
Jefferson,O114,pierceb,12/27/2021 20:35:30.140709,1,692,21111-44-PRECINCT 114 44 DISTRICT (O114)
Jefferson,O114,trumpd,12/27/2021 20:35:30.140709,352,692,21111-44-PRECINCT 114 44 DISTRICT (O114)
Jefferson,O114,westk,12/27/2021 20:35:30.140709,0,692,21111-44-PRECINCT 114 44 DISTRICT (O114)
Jefferson,O115,bidenj,12/27/2021 20:35:30.140709,422,897,21111-44-PRECINCT 115 44 DISTRICT (O115)
Jefferson,O115,jorgensenj,12/27/2021 20:35:30.140709,7,897,21111-44-PRECINCT 115 44 DISTRICT (O115)
Jefferson,O115,pierceb,12/27/2021 20:35:30.140709,3,897,21111-44-PRECINCT 115 44 DISTRICT (O115)
Jefferson,O115,trumpd,12/27/2021 20:35:30.140709,462,897,21111-44-PRECINCT 115 44 DISTRICT (O115)
Jefferson,O115,westk,12/27/2021 20:35:30.140709,3,897,21111-44-PRECINCT 115 44 DISTRICT (O115)
Jefferson,O117,bidenj,12/27/2021 20:35:30.140709,633,730,21111-44-PRECINCT 117 44 DISTRICT (O117)
Jefferson,O117,jorgensenj,12/27/2021 20:35:30.140709,6,730,21111-44-PRECINCT 117 44 DISTRICT (O117)
Jefferson,O117,pierceb,12/27/2021 20:35:30.140709,0,730,21111-44-PRECINCT 117 44 DISTRICT (O117)
Jefferson,O117,trumpd,12/27/2021 20:35:30.140709,87,730,21111-44-PRECINCT 117 44 DISTRICT (O117)
Jefferson,O117,westk,12/27/2021 20:35:30.140709,4,730,21111-44-PRECINCT 117 44 DISTRICT (O117)
Jefferson,O119,bidenj,12/27/2021 20:35:30.140709,647,764,21111-44-PRECINCT 119 44 DISTRICT (O119)
Jefferson,O119,jorgensenj,12/27/2021 20:35:30.140709,4,764,21111-44-PRECINCT 119 44 DISTRICT (O119)
Jefferson,O119,pierceb,12/27/2021 20:35:30.140709,1,764,21111-44-PRECINCT 119 44 DISTRICT (O119)
Jefferson,O119,trumpd,12/27/2021 20:35:30.140709,107,764,21111-44-PRECINCT 119 44 DISTRICT (O119)
Jefferson,O119,westk,12/27/2021 20:35:30.140709,5,764,21111-44-PRECINCT 119 44 DISTRICT (O119)
Jefferson,O121,bidenj,12/27/2021 20:35:30.140709,521,666,21111-44-PRECINCT 121 44 DISTRICT (O121)
Jefferson,O121,jorgensenj,12/27/2021 20:35:30.140709,6,666,21111-44-PRECINCT 121 44 DISTRICT (O121)
Jefferson,O121,pierceb,12/27/2021 20:35:30.140709,2,666,21111-44-PRECINCT 121 44 DISTRICT (O121)
Jefferson,O121,trumpd,12/27/2021 20:35:30.140709,136,666,21111-44-PRECINCT 121 44 DISTRICT (O121)
Jefferson,O121,westk,12/27/2021 20:35:30.140709,1,666,21111-44-PRECINCT 121 44 DISTRICT (O121)
Jefferson,O123,bidenj,12/27/2021 20:35:30.140709,304,447,21111-44-PRECINCT 123 44 DISTRICT (O123)
Jefferson,O123,jorgensenj,12/27/2021 20:35:30.140709,4,447,21111-44-PRECINCT 123 44 DISTRICT (O123)
Jefferson,O123,pierceb,12/27/2021 20:35:30.140709,0,447,21111-44-PRECINCT 123 44 DISTRICT (O123)
Jefferson,O123,trumpd,12/27/2021 20:35:30.140709,138,447,21111-44-PRECINCT 123 44 DISTRICT (O123)
Jefferson,O123,westk,12/27/2021 20:35:30.140709,1,447,21111-44-PRECINCT 123 44 DISTRICT (O123)
Jefferson,O124,bidenj,12/27/2021 20:35:30.140709,290,508,21111-44-PRECINCT 124 44 DISTRICT (O124)
Jefferson,O124,jorgensenj,12/27/2021 20:35:30.140709,5,508,21111-44-PRECINCT 124 44 DISTRICT (O124)
Jefferson,O124,pierceb,12/27/2021 20:35:30.140709,1,508,21111-44-PRECINCT 124 44 DISTRICT (O124)
Jefferson,O124,trumpd,12/27/2021 20:35:30.140709,209,508,21111-44-PRECINCT 124 44 DISTRICT (O124)
Jefferson,O124,westk,12/27/2021 20:35:30.140709,3,508,21111-44-PRECINCT 124 44 DISTRICT (O124)
Jefferson,O126,bidenj,12/27/2021 20:35:30.140709,391,623,21111-44-PRECINCT 126 44 DISTRICT (O126)
Jefferson,O126,jorgensenj,12/27/2021 20:35:30.140709,7,623,21111-44-PRECINCT 126 44 DISTRICT (O126)
Jefferson,O126,pierceb,12/27/2021 20:35:30.140709,0,623,21111-44-PRECINCT 126 44 DISTRICT (O126)
Jefferson,O126,trumpd,12/27/2021 20:35:30.140709,223,623,21111-44-PRECINCT 126 44 DISTRICT (O126)
Jefferson,O126,westk,12/27/2021 20:35:30.140709,2,623,21111-44-PRECINCT 126 44 DISTRICT (O126)
Jefferson,O127,bidenj,12/27/2021 20:35:30.140709,437,727,21111-44-PRECINCT 127 44 DISTRICT (O127)
Jefferson,O127,jorgensenj,12/27/2021 20:35:30.140709,5,727,21111-44-PRECINCT 127 44 DISTRICT (O127)
Jefferson,O127,pierceb,12/27/2021 20:35:30.140709,2,727,21111-44-PRECINCT 127 44 DISTRICT (O127)
Jefferson,O127,trumpd,12/27/2021 20:35:30.140709,277,727,21111-44-PRECINCT 127 44 DISTRICT (O127)
Jefferson,O127,westk,12/27/2021 20:35:30.140709,6,727,21111-44-PRECINCT 127 44 DISTRICT (O127)
Jefferson,O128,bidenj,12/27/2021 20:35:30.140709,461,896,21111-44-PRECINCT 128 44 DISTRICT (O128)
Jefferson,O128,jorgensenj,12/27/2021 20:35:30.140709,3,896,21111-44-PRECINCT 128 44 DISTRICT (O128)
Jefferson,O128,pierceb,12/27/2021 20:35:30.140709,4,896,21111-44-PRECINCT 128 44 DISTRICT (O128)
Jefferson,O128,trumpd,12/27/2021 20:35:30.140709,422,896,21111-44-PRECINCT 128 44 DISTRICT (O128)
Jefferson,O128,westk,12/27/2021 20:35:30.140709,6,896,21111-44-PRECINCT 128 44 DISTRICT (O128)
Jefferson,O129,bidenj,12/27/2021 20:35:30.140709,532,1062,21111-44-PRECINCT 129 44 DISTRICT (O129)
Jefferson,O129,jorgensenj,12/27/2021 20:35:30.140709,10,1062,21111-44-PRECINCT 129 44 DISTRICT (O129)
Jefferson,O129,pierceb,12/27/2021 20:35:30.140709,6,1062,21111-44-PRECINCT 129 44 DISTRICT (O129)
Jefferson,O129,trumpd,12/27/2021 20:35:30.140709,510,1062,21111-44-PRECINCT 129 44 DISTRICT (O129)
Jefferson,O129,westk,12/27/2021 20:35:30.140709,4,1062,21111-44-PRECINCT 129 44 DISTRICT (O129)
Jefferson,O130,bidenj,12/27/2021 20:35:30.140709,363,704,21111-44-PRECINCT 130 44 DISTRICT (O130)
Jefferson,O130,jorgensenj,12/27/2021 20:35:30.140709,9,704,21111-44-PRECINCT 130 44 DISTRICT (O130)
Jefferson,O130,pierceb,12/27/2021 20:35:30.140709,1,704,21111-44-PRECINCT 130 44 DISTRICT (O130)
Jefferson,O130,trumpd,12/27/2021 20:35:30.140709,330,704,21111-44-PRECINCT 130 44 DISTRICT (O130)
Jefferson,O130,westk,12/27/2021 20:35:30.140709,1,704,21111-44-PRECINCT 130 44 DISTRICT (O130)
Jefferson,O131,bidenj,12/27/2021 20:35:30.140709,286,562,21111-44-PRECINCT 131 44 DISTRICT (O131)
Jefferson,O131,jorgensenj,12/27/2021 20:35:30.140709,11,562,21111-44-PRECINCT 131 44 DISTRICT (O131)
Jefferson,O131,pierceb,12/27/2021 20:35:30.140709,1,562,21111-44-PRECINCT 131 44 DISTRICT (O131)
Jefferson,O131,trumpd,12/27/2021 20:35:30.140709,262,562,21111-44-PRECINCT 131 44 DISTRICT (O131)
Jefferson,O131,westk,12/27/2021 20:35:30.140709,2,562,21111-44-PRECINCT 131 44 DISTRICT (O131)
Jefferson,O133,bidenj,12/27/2021 20:35:30.140709,405,948,21111-44-PRECINCT 133 44 DISTRICT (O133)
Jefferson,O133,jorgensenj,12/27/2021 20:35:30.140709,15,948,21111-44-PRECINCT 133 44 DISTRICT (O133)
Jefferson,O133,pierceb,12/27/2021 20:35:30.140709,2,948,21111-44-PRECINCT 133 44 DISTRICT (O133)
Jefferson,O133,trumpd,12/27/2021 20:35:30.140709,525,948,21111-44-PRECINCT 133 44 DISTRICT (O133)
Jefferson,O133,westk,12/27/2021 20:35:30.140709,1,948,21111-44-PRECINCT 133 44 DISTRICT (O133)
Jefferson,O134,bidenj,12/27/2021 20:35:30.140709,402,1104,21111-44-PRECINCT 134 44 DISTRICT (O134)
Jefferson,O134,jorgensenj,12/27/2021 20:35:30.140709,13,1104,21111-44-PRECINCT 134 44 DISTRICT (O134)
Jefferson,O134,pierceb,12/27/2021 20:35:30.140709,7,1104,21111-44-PRECINCT 134 44 DISTRICT (O134)
Jefferson,O134,trumpd,12/27/2021 20:35:30.140709,676,1104,21111-44-PRECINCT 134 44 DISTRICT (O134)
Jefferson,O134,westk,12/27/2021 20:35:30.140709,6,1104,21111-44-PRECINCT 134 44 DISTRICT (O134)
Jefferson,O135,bidenj,12/27/2021 20:35:30.140709,292,654,21111-44-PRECINCT 135 44 DISTRICT (O135)
Jefferson,O135,jorgensenj,12/27/2021 20:35:30.140709,6,654,21111-44-PRECINCT 135 44 DISTRICT (O135)
Jefferson,O135,pierceb,12/27/2021 20:35:30.140709,1,654,21111-44-PRECINCT 135 44 DISTRICT (O135)
Jefferson,O135,trumpd,12/27/2021 20:35:30.140709,353,654,21111-44-PRECINCT 135 44 DISTRICT (O135)
Jefferson,O135,westk,12/27/2021 20:35:30.140709,2,654,21111-44-PRECINCT 135 44 DISTRICT (O135)
Jefferson,O136,bidenj,12/27/2021 20:35:30.140709,269,573,21111-44-PRECINCT 136 44 DISTRICT (O136)
Jefferson,O136,jorgensenj,12/27/2021 20:35:30.140709,7,573,21111-44-PRECINCT 136 44 DISTRICT (O136)
Jefferson,O136,pierceb,12/27/2021 20:35:30.140709,1,573,21111-44-PRECINCT 136 44 DISTRICT (O136)
Jefferson,O136,trumpd,12/27/2021 20:35:30.140709,293,573,21111-44-PRECINCT 136 44 DISTRICT (O136)
Jefferson,O136,westk,12/27/2021 20:35:30.140709,3,573,21111-44-PRECINCT 136 44 DISTRICT (O136)
Jefferson,O137,bidenj,12/27/2021 20:35:30.140709,546,1098,21111-44-PRECINCT 137 44 DISTRICT (O137)
Jefferson,O137,jorgensenj,12/27/2021 20:35:30.140709,8,1098,21111-44-PRECINCT 137 44 DISTRICT (O137)
Jefferson,O137,pierceb,12/27/2021 20:35:30.140709,2,1098,21111-44-PRECINCT 137 44 DISTRICT (O137)
Jefferson,O137,trumpd,12/27/2021 20:35:30.140709,541,1098,21111-44-PRECINCT 137 44 DISTRICT (O137)
Jefferson,O137,westk,12/27/2021 20:35:30.140709,1,1098,21111-44-PRECINCT 137 44 DISTRICT (O137)
Jefferson,O138,bidenj,12/27/2021 20:35:30.140709,142,306,21111-44-PRECINCT 138 44 DISTRICT (O138)
Jefferson,O138,jorgensenj,12/27/2021 20:35:30.140709,5,306,21111-44-PRECINCT 138 44 DISTRICT (O138)
Jefferson,O138,pierceb,12/27/2021 20:35:30.140709,0,306,21111-44-PRECINCT 138 44 DISTRICT (O138)
Jefferson,O138,trumpd,12/27/2021 20:35:30.140709,157,306,21111-44-PRECINCT 138 44 DISTRICT (O138)
Jefferson,O138,westk,12/27/2021 20:35:30.140709,2,306,21111-44-PRECINCT 138 44 DISTRICT (O138)
Jefferson,O139,bidenj,12/27/2021 20:35:30.140709,23,59,21111-44-PRECINCT 139 44 DISTRICT (O139)
Jefferson,O139,jorgensenj,12/27/2021 20:35:30.140709,4,59,21111-44-PRECINCT 139 44 DISTRICT (O139)
Jefferson,O139,pierceb,12/27/2021 20:35:30.140709,0,59,21111-44-PRECINCT 139 44 DISTRICT (O139)
Jefferson,O139,trumpd,12/27/2021 20:35:30.140709,31,59,21111-44-PRECINCT 139 44 DISTRICT (O139)
Jefferson,O139,westk,12/27/2021 20:35:30.140709,1,59,21111-44-PRECINCT 139 44 DISTRICT (O139)
Jefferson,O141,bidenj,12/27/2021 20:35:30.140709,0,0,
Jefferson,O141,jorgensenj,12/27/2021 20:35:30.140709,0,0,
Jefferson,O141,pierceb,12/27/2021 20:35:30.140709,0,0,
Jefferson,O141,trumpd,12/27/2021 20:35:30.140709,0,0,
Jefferson,O141,westk,12/27/2021 20:35:30.140709,0,0,
Jefferson,O142,bidenj,12/27/2021 20:35:30.140709,176,458,21111-44-PRECINCT 142 44 DISTRICT (O142)
Jefferson,O142,jorgensenj,12/27/2021 20:35:30.140709,8,458,21111-44-PRECINCT 142 44 DISTRICT (O142)
Jefferson,O142,pierceb,12/27/2021 20:35:30.140709,4,458,21111-44-PRECINCT 142 44 DISTRICT (O142)
Jefferson,O142,trumpd,12/27/2021 20:35:30.140709,269,458,21111-44-PRECINCT 142 44 DISTRICT (O142)
Jefferson,O142,westk,12/27/2021 20:35:30.140709,1,458,21111-44-PRECINCT 142 44 DISTRICT (O142)
Jefferson,O143,bidenj,12/27/2021 20:35:30.140709,9,20,21111-44-PRECINCT 143 44 DISTRICT (O143)
Jefferson,O143,jorgensenj,12/27/2021 20:35:30.140709,0,20,21111-44-PRECINCT 143 44 DISTRICT (O143)
Jefferson,O143,pierceb,12/27/2021 20:35:30.140709,0,20,21111-44-PRECINCT 143 44 DISTRICT (O143)
Jefferson,O143,trumpd,12/27/2021 20:35:30.140709,10,20,21111-44-PRECINCT 143 44 DISTRICT (O143)
Jefferson,O143,westk,12/27/2021 20:35:30.140709,1,20,21111-44-PRECINCT 143 44 DISTRICT (O143)
Jefferson,Q101,bidenj,12/27/2021 20:35:30.140709,671,1049,21111-46-PRECINCT 101 46 DISTRICT (Q101)
Jefferson,Q101,jorgensenj,12/27/2021 20:35:30.140709,10,1049,21111-46-PRECINCT 101 46 DISTRICT (Q101)
Jefferson,Q101,pierceb,12/27/2021 20:35:30.140709,4,1049,21111-46-PRECINCT 101 46 DISTRICT (Q101)
Jefferson,Q101,trumpd,12/27/2021 20:35:30.140709,359,1049,21111-46-PRECINCT 101 46 DISTRICT (Q101)
Jefferson,Q101,westk,12/27/2021 20:35:30.140709,5,1049,21111-46-PRECINCT 101 46 DISTRICT (Q101)
Jefferson,Q103,bidenj,12/27/2021 20:35:30.140709,587,1043,21111-46-PRECINCT 103 46 DISTRICT (Q103)
Jefferson,Q103,jorgensenj,12/27/2021 20:35:30.140709,20,1043,21111-46-PRECINCT 103 46 DISTRICT (Q103)
Jefferson,Q103,pierceb,12/27/2021 20:35:30.140709,1,1043,21111-46-PRECINCT 103 46 DISTRICT (Q103)
Jefferson,Q103,trumpd,12/27/2021 20:35:30.140709,434,1043,21111-46-PRECINCT 103 46 DISTRICT (Q103)
Jefferson,Q103,westk,12/27/2021 20:35:30.140709,1,1043,21111-46-PRECINCT 103 46 DISTRICT (Q103)
Jefferson,Q104,bidenj,12/27/2021 20:35:30.140709,251,360,21111-46-PRECINCT 104 46 DISTRICT (Q104)
Jefferson,Q104,jorgensenj,12/27/2021 20:35:30.140709,3,360,21111-46-PRECINCT 104 46 DISTRICT (Q104)
Jefferson,Q104,pierceb,12/27/2021 20:35:30.140709,0,360,21111-46-PRECINCT 104 46 DISTRICT (Q104)
Jefferson,Q104,trumpd,12/27/2021 20:35:30.140709,103,360,21111-46-PRECINCT 104 46 DISTRICT (Q104)
Jefferson,Q104,westk,12/27/2021 20:35:30.140709,3,360,21111-46-PRECINCT 104 46 DISTRICT (Q104)
Jefferson,Q105,bidenj,12/27/2021 20:35:30.140709,759,1311,21111-46-PRECINCT 105 46 DISTRICT (Q105)
Jefferson,Q105,jorgensenj,12/27/2021 20:35:30.140709,16,1311,21111-46-PRECINCT 105 46 DISTRICT (Q105)
Jefferson,Q105,pierceb,12/27/2021 20:35:30.140709,4,1311,21111-46-PRECINCT 105 46 DISTRICT (Q105)
Jefferson,Q105,trumpd,12/27/2021 20:35:30.140709,526,1311,21111-46-PRECINCT 105 46 DISTRICT (Q105)
Jefferson,Q105,westk,12/27/2021 20:35:30.140709,6,1311,21111-46-PRECINCT 105 46 DISTRICT (Q105)
Jefferson,Q107,bidenj,12/27/2021 20:35:30.140709,641,1044,21111-46-PRECINCT 107 46 DISTRICT (Q107)
Jefferson,Q107,jorgensenj,12/27/2021 20:35:30.140709,13,1044,21111-46-PRECINCT 107 46 DISTRICT (Q107)
Jefferson,Q107,pierceb,12/27/2021 20:35:30.140709,2,1044,21111-46-PRECINCT 107 46 DISTRICT (Q107)
Jefferson,Q107,trumpd,12/27/2021 20:35:30.140709,384,1044,21111-46-PRECINCT 107 46 DISTRICT (Q107)
Jefferson,Q107,westk,12/27/2021 20:35:30.140709,4,1044,21111-46-PRECINCT 107 46 DISTRICT (Q107)
Jefferson,Q109,bidenj,12/27/2021 20:35:30.140709,575,1166,21111-46-PRECINCT 109 46 DISTRICT (Q109)
Jefferson,Q109,jorgensenj,12/27/2021 20:35:30.140709,7,1166,21111-46-PRECINCT 109 46 DISTRICT (Q109)
Jefferson,Q109,pierceb,12/27/2021 20:35:30.140709,4,1166,21111-46-PRECINCT 109 46 DISTRICT (Q109)
Jefferson,Q109,trumpd,12/27/2021 20:35:30.140709,579,1166,21111-46-PRECINCT 109 46 DISTRICT (Q109)
Jefferson,Q109,westk,12/27/2021 20:35:30.140709,1,1166,21111-46-PRECINCT 109 46 DISTRICT (Q109)
Jefferson,Q112,bidenj,12/27/2021 20:35:30.140709,360,855,21111-46-PRECINCT 112 46 DISTRICT (Q112)
Jefferson,Q112,jorgensenj,12/27/2021 20:35:30.140709,10,855,21111-46-PRECINCT 112 46 DISTRICT (Q112)
Jefferson,Q112,pierceb,12/27/2021 20:35:30.140709,0,855,21111-46-PRECINCT 112 46 DISTRICT (Q112)
Jefferson,Q112,trumpd,12/27/2021 20:35:30.140709,485,855,21111-46-PRECINCT 112 46 DISTRICT (Q112)
Jefferson,Q112,westk,12/27/2021 20:35:30.140709,0,855,21111-46-PRECINCT 112 46 DISTRICT (Q112)
Jefferson,Q113,bidenj,12/27/2021 20:35:30.140709,149,420,21111-46-PRECINCT 113 46 DISTRICT (Q113)
Jefferson,Q113,jorgensenj,12/27/2021 20:35:30.140709,6,420,21111-46-PRECINCT 113 46 DISTRICT (Q113)
Jefferson,Q113,pierceb,12/27/2021 20:35:30.140709,0,420,21111-46-PRECINCT 113 46 DISTRICT (Q113)
Jefferson,Q113,trumpd,12/27/2021 20:35:30.140709,265,420,21111-46-PRECINCT 113 46 DISTRICT (Q113)
Jefferson,Q113,westk,12/27/2021 20:35:30.140709,0,420,21111-46-PRECINCT 113 46 DISTRICT (Q113)
Jefferson,Q114,bidenj,12/27/2021 20:35:30.140709,397,936,21111-46-PRECINCT 114 46 DISTRICT (Q114)
Jefferson,Q114,jorgensenj,12/27/2021 20:35:30.140709,16,936,21111-46-PRECINCT 114 46 DISTRICT (Q114)
Jefferson,Q114,pierceb,12/27/2021 20:35:30.140709,0,936,21111-46-PRECINCT 114 46 DISTRICT (Q114)
Jefferson,Q114,trumpd,12/27/2021 20:35:30.140709,522,936,21111-46-PRECINCT 114 46 DISTRICT (Q114)
Jefferson,Q114,westk,12/27/2021 20:35:30.140709,1,936,21111-46-PRECINCT 114 46 DISTRICT (Q114)
Jefferson,Q115,bidenj,12/27/2021 20:35:30.140709,453,928,21111-46-PRECINCT 115 46 DISTRICT (Q115)
Jefferson,Q115,jorgensenj,12/27/2021 20:35:30.140709,18,928,21111-46-PRECINCT 115 46 DISTRICT (Q115)
Jefferson,Q115,pierceb,12/27/2021 20:35:30.140709,2,928,21111-46-PRECINCT 115 46 DISTRICT (Q115)
Jefferson,Q115,trumpd,12/27/2021 20:35:30.140709,451,928,21111-46-PRECINCT 115 46 DISTRICT (Q115)
Jefferson,Q115,westk,12/27/2021 20:35:30.140709,4,928,21111-46-PRECINCT 115 46 DISTRICT (Q115)
Jefferson,Q116,bidenj,12/27/2021 20:35:30.140709,414,872,21111-46-PRECINCT 116 46 DISTRICT (Q116)
Jefferson,Q116,jorgensenj,12/27/2021 20:35:30.140709,10,872,21111-46-PRECINCT 116 46 DISTRICT (Q116)
Jefferson,Q116,pierceb,12/27/2021 20:35:30.140709,2,872,21111-46-PRECINCT 116 46 DISTRICT (Q116)
Jefferson,Q116,trumpd,12/27/2021 20:35:30.140709,444,872,21111-46-PRECINCT 116 46 DISTRICT (Q116)
Jefferson,Q116,westk,12/27/2021 20:35:30.140709,2,872,21111-46-PRECINCT 116 46 DISTRICT (Q116)
Jefferson,Q117,bidenj,12/27/2021 20:35:30.140709,345,834,21111-46-PRECINCT 117 46 DISTRICT (Q117)
Jefferson,Q117,jorgensenj,12/27/2021 20:35:30.140709,12,834,21111-46-PRECINCT 117 46 DISTRICT (Q117)
Jefferson,Q117,pierceb,12/27/2021 20:35:30.140709,2,834,21111-46-PRECINCT 117 46 DISTRICT (Q117)
Jefferson,Q117,trumpd,12/27/2021 20:35:30.140709,469,834,21111-46-PRECINCT 117 46 DISTRICT (Q117)
Jefferson,Q117,westk,12/27/2021 20:35:30.140709,6,834,21111-46-PRECINCT 117 46 DISTRICT (Q117)
Jefferson,Q119,bidenj,12/27/2021 20:35:30.140709,461,1053,21111-46-PRECINCT 119 46 DISTRICT (Q119)
Jefferson,Q119,jorgensenj,12/27/2021 20:35:30.140709,10,1053,21111-46-PRECINCT 119 46 DISTRICT (Q119)
Jefferson,Q119,pierceb,12/27/2021 20:35:30.140709,3,1053,21111-46-PRECINCT 119 46 DISTRICT (Q119)
Jefferson,Q119,trumpd,12/27/2021 20:35:30.140709,574,1053,21111-46-PRECINCT 119 46 DISTRICT (Q119)
Jefferson,Q119,westk,12/27/2021 20:35:30.140709,5,1053,21111-46-PRECINCT 119 46 DISTRICT (Q119)
Jefferson,Q122,bidenj,12/27/2021 20:35:30.140709,511,628,21111-46-PRECINCT 122 46 DISTRICT (Q122)
Jefferson,Q122,jorgensenj,12/27/2021 20:35:30.140709,3,628,21111-46-PRECINCT 122 46 DISTRICT (Q122)
Jefferson,Q122,pierceb,12/27/2021 20:35:30.140709,1,628,21111-46-PRECINCT 122 46 DISTRICT (Q122)
Jefferson,Q122,trumpd,12/27/2021 20:35:30.140709,107,628,21111-46-PRECINCT 122 46 DISTRICT (Q122)
Jefferson,Q122,westk,12/27/2021 20:35:30.140709,6,628,21111-46-PRECINCT 122 46 DISTRICT (Q122)
Jefferson,Q123,bidenj,12/27/2021 20:35:30.140709,764,845,21111-46-PRECINCT 123 46 DISTRICT (Q123)
Jefferson,Q123,jorgensenj,12/27/2021 20:35:30.140709,4,845,21111-46-PRECINCT 123 46 DISTRICT (Q123)
Jefferson,Q123,pierceb,12/27/2021 20:35:30.140709,4,845,21111-46-PRECINCT 123 46 DISTRICT (Q123)
Jefferson,Q123,trumpd,12/27/2021 20:35:30.140709,67,845,21111-46-PRECINCT 123 46 DISTRICT (Q123)
Jefferson,Q123,westk,12/27/2021 20:35:30.140709,6,845,21111-46-PRECINCT 123 46 DISTRICT (Q123)
Jefferson,Q124,bidenj,12/27/2021 20:35:30.140709,449,608,21111-46-PRECINCT 124 46 DISTRICT (Q124)
Jefferson,Q124,jorgensenj,12/27/2021 20:35:30.140709,7,608,21111-46-PRECINCT 124 46 DISTRICT (Q124)
Jefferson,Q124,pierceb,12/27/2021 20:35:30.140709,2,608,21111-46-PRECINCT 124 46 DISTRICT (Q124)
Jefferson,Q124,trumpd,12/27/2021 20:35:30.140709,147,608,21111-46-PRECINCT 124 46 DISTRICT (Q124)
Jefferson,Q124,westk,12/27/2021 20:35:30.140709,3,608,21111-46-PRECINCT 124 46 DISTRICT (Q124)
Jefferson,Q125,bidenj,12/27/2021 20:35:30.140709,705,1442,21111-46-PRECINCT 125 46 DISTRICT (Q125)
Jefferson,Q125,jorgensenj,12/27/2021 20:35:30.140709,25,1442,21111-46-PRECINCT 125 46 DISTRICT (Q125)
Jefferson,Q125,pierceb,12/27/2021 20:35:30.140709,3,1442,21111-46-PRECINCT 125 46 DISTRICT (Q125)
Jefferson,Q125,trumpd,12/27/2021 20:35:30.140709,699,1442,21111-46-PRECINCT 125 46 DISTRICT (Q125)
Jefferson,Q125,westk,12/27/2021 20:35:30.140709,10,1442,21111-46-PRECINCT 125 46 DISTRICT (Q125)
Jefferson,Q126,bidenj,12/27/2021 20:35:30.140709,160,461,21111-46-PRECINCT 126 46 DISTRICT (Q126)
Jefferson,Q126,jorgensenj,12/27/2021 20:35:30.140709,9,461,21111-46-PRECINCT 126 46 DISTRICT (Q126)
Jefferson,Q126,pierceb,12/27/2021 20:35:30.140709,1,461,21111-46-PRECINCT 126 46 DISTRICT (Q126)
Jefferson,Q126,trumpd,12/27/2021 20:35:30.140709,290,461,21111-46-PRECINCT 126 46 DISTRICT (Q126)
Jefferson,Q126,westk,12/27/2021 20:35:30.140709,1,461,21111-46-PRECINCT 126 46 DISTRICT (Q126)
Jefferson,Q127,bidenj,12/27/2021 20:35:30.140709,249,415,21111-46-PRECINCT 127 46 DISTRICT (Q127)
Jefferson,Q127,jorgensenj,12/27/2021 20:35:30.140709,3,415,21111-46-PRECINCT 127 46 DISTRICT (Q127)
Jefferson,Q127,pierceb,12/27/2021 20:35:30.140709,0,415,21111-46-PRECINCT 127 46 DISTRICT (Q127)
Jefferson,Q127,trumpd,12/27/2021 20:35:30.140709,163,415,21111-46-PRECINCT 127 46 DISTRICT (Q127)
Jefferson,Q127,westk,12/27/2021 20:35:30.140709,0,415,21111-46-PRECINCT 127 46 DISTRICT (Q127)
Jefferson,Q131,bidenj,12/27/2021 20:35:30.140709,192,428,21111-46-PRECINCT 131 46 DISTRICT (Q131)
Jefferson,Q131,jorgensenj,12/27/2021 20:35:30.140709,5,428,21111-46-PRECINCT 131 46 DISTRICT (Q131)
Jefferson,Q131,pierceb,12/27/2021 20:35:30.140709,1,428,21111-46-PRECINCT 131 46 DISTRICT (Q131)
Jefferson,Q131,trumpd,12/27/2021 20:35:30.140709,229,428,21111-46-PRECINCT 131 46 DISTRICT (Q131)
Jefferson,Q131,westk,12/27/2021 20:35:30.140709,1,428,21111-46-PRECINCT 131 46 DISTRICT (Q131)
Jefferson,Q132,bidenj,12/27/2021 20:35:30.140709,271,534,21111-46-PRECINCT 132 46 DISTRICT (Q132)
Jefferson,Q132,jorgensenj,12/27/2021 20:35:30.140709,3,534,21111-46-PRECINCT 132 46 DISTRICT (Q132)
Jefferson,Q132,pierceb,12/27/2021 20:35:30.140709,3,534,21111-46-PRECINCT 132 46 DISTRICT (Q132)
Jefferson,Q132,trumpd,12/27/2021 20:35:30.140709,255,534,21111-46-PRECINCT 132 46 DISTRICT (Q132)
Jefferson,Q132,westk,12/27/2021 20:35:30.140709,2,534,21111-46-PRECINCT 132 46 DISTRICT (Q132)
Jefferson,Q134,bidenj,12/27/2021 20:35:30.140709,407,560,21111-46-PRECINCT 134 46 DISTRICT (Q134)
Jefferson,Q134,jorgensenj,12/27/2021 20:35:30.140709,5,560,21111-46-PRECINCT 134 46 DISTRICT (Q134)
Jefferson,Q134,pierceb,12/27/2021 20:35:30.140709,0,560,21111-46-PRECINCT 134 46 DISTRICT (Q134)
Jefferson,Q134,trumpd,12/27/2021 20:35:30.140709,146,560,21111-46-PRECINCT 134 46 DISTRICT (Q134)
Jefferson,Q134,westk,12/27/2021 20:35:30.140709,2,560,21111-46-PRECINCT 134 46 DISTRICT (Q134)
Jefferson,Q136,bidenj,12/27/2021 20:35:30.140709,144,251,21111-46-PRECINCT 136 46 DISTRICT (Q136)
Jefferson,Q136,jorgensenj,12/27/2021 20:35:30.140709,4,251,21111-46-PRECINCT 136 46 DISTRICT (Q136)
Jefferson,Q136,pierceb,12/27/2021 20:35:30.140709,1,251,21111-46-PRECINCT 136 46 DISTRICT (Q136)
Jefferson,Q136,trumpd,12/27/2021 20:35:30.140709,102,251,21111-46-PRECINCT 136 46 DISTRICT (Q136)
Jefferson,Q136,westk,12/27/2021 20:35:30.140709,0,251,21111-46-PRECINCT 136 46 DISTRICT (Q136)
Jefferson,Q137,bidenj,12/27/2021 20:35:30.140709,442,754,21111-46-PRECINCT 137 46 DISTRICT (Q137)
Jefferson,Q137,jorgensenj,12/27/2021 20:35:30.140709,14,754,21111-46-PRECINCT 137 46 DISTRICT (Q137)
Jefferson,Q137,pierceb,12/27/2021 20:35:30.140709,1,754,21111-46-PRECINCT 137 46 DISTRICT (Q137)
Jefferson,Q137,trumpd,12/27/2021 20:35:30.140709,292,754,21111-46-PRECINCT 137 46 DISTRICT (Q137)
Jefferson,Q137,westk,12/27/2021 20:35:30.140709,5,754,21111-46-PRECINCT 137 46 DISTRICT (Q137)
Jefferson,Q138,bidenj,12/27/2021 20:35:30.140709,339,516,21111-46-PRECINCT 138 46 DISTRICT (Q138)
Jefferson,Q138,jorgensenj,12/27/2021 20:35:30.140709,14,516,21111-46-PRECINCT 138 46 DISTRICT (Q138)
Jefferson,Q138,pierceb,12/27/2021 20:35:30.140709,1,516,21111-46-PRECINCT 138 46 DISTRICT (Q138)
Jefferson,Q138,trumpd,12/27/2021 20:35:30.140709,156,516,21111-46-PRECINCT 138 46 DISTRICT (Q138)
Jefferson,Q138,westk,12/27/2021 20:35:30.140709,6,516,21111-46-PRECINCT 138 46 DISTRICT (Q138)
Jefferson,Q139,bidenj,12/27/2021 20:35:30.140709,150,367,21111-46-PRECINCT 139 46 DISTRICT (Q139)
Jefferson,Q139,jorgensenj,12/27/2021 20:35:30.140709,6,367,21111-46-PRECINCT 139 46 DISTRICT (Q139)
Jefferson,Q139,pierceb,12/27/2021 20:35:30.140709,1,367,21111-46-PRECINCT 139 46 DISTRICT (Q139)
Jefferson,Q139,trumpd,12/27/2021 20:35:30.140709,207,367,21111-46-PRECINCT 139 46 DISTRICT (Q139)
Jefferson,Q139,westk,12/27/2021 20:35:30.140709,3,367,21111-46-PRECINCT 139 46 DISTRICT (Q139)
Jefferson,S116,bidenj,12/27/2021 20:35:30.140709,401,868,21111-48-PRECINCT 116 48 DISTRICT (S116)
Jefferson,S116,jorgensenj,12/27/2021 20:35:30.140709,13,868,21111-48-PRECINCT 116 48 DISTRICT (S116)
Jefferson,S116,pierceb,12/27/2021 20:35:30.140709,2,868,21111-48-PRECINCT 116 48 DISTRICT (S116)
Jefferson,S116,trumpd,12/27/2021 20:35:30.140709,444,868,21111-48-PRECINCT 116 48 DISTRICT (S116)
Jefferson,S116,westk,12/27/2021 20:35:30.140709,8,868,21111-48-PRECINCT 116 48 DISTRICT (S116)
Jefferson,S118,bidenj,12/27/2021 20:35:30.140709,576,985,21111-48-PRECINCT 118 48 DISTRICT (S118)
Jefferson,S118,jorgensenj,12/27/2021 20:35:30.140709,15,985,21111-48-PRECINCT 118 48 DISTRICT (S118)
Jefferson,S118,pierceb,12/27/2021 20:35:30.140709,1,985,21111-48-PRECINCT 118 48 DISTRICT (S118)
Jefferson,S118,trumpd,12/27/2021 20:35:30.140709,393,985,21111-48-PRECINCT 118 48 DISTRICT (S118)
Jefferson,S118,westk,12/27/2021 20:35:30.140709,0,985,21111-48-PRECINCT 118 48 DISTRICT (S118)
Jefferson,S119,bidenj,12/27/2021 20:35:30.140709,675,1078,21111-48-PRECINCT 119 48 DISTRICT (S119)
Jefferson,S119,jorgensenj,12/27/2021 20:35:30.140709,14,1078,21111-48-PRECINCT 119 48 DISTRICT (S119)
Jefferson,S119,pierceb,12/27/2021 20:35:30.140709,4,1078,21111-48-PRECINCT 119 48 DISTRICT (S119)
Jefferson,S119,trumpd,12/27/2021 20:35:30.140709,384,1078,21111-48-PRECINCT 119 48 DISTRICT (S119)
Jefferson,S119,westk,12/27/2021 20:35:30.140709,1,1078,21111-48-PRECINCT 119 48 DISTRICT (S119)
Jefferson,S125,bidenj,12/27/2021 20:35:30.140709,742,1355,21111-48-PRECINCT 125 48 DISTRICT (S125)
Jefferson,S125,jorgensenj,12/27/2021 20:35:30.140709,13,1355,21111-48-PRECINCT 125 48 DISTRICT (S125)
Jefferson,S125,pierceb,12/27/2021 20:35:30.140709,1,1355,21111-48-PRECINCT 125 48 DISTRICT (S125)
Jefferson,S125,trumpd,12/27/2021 20:35:30.140709,596,1355,21111-48-PRECINCT 125 48 DISTRICT (S125)
Jefferson,S125,westk,12/27/2021 20:35:30.140709,3,1355,21111-48-PRECINCT 125 48 DISTRICT (S125)
Jefferson,S126,bidenj,12/27/2021 20:35:30.140709,469,942,21111-48-PRECINCT 126 48 DISTRICT (S126)
Jefferson,S126,jorgensenj,12/27/2021 20:35:30.140709,10,942,21111-48-PRECINCT 126 48 DISTRICT (S126)
Jefferson,S126,pierceb,12/27/2021 20:35:30.140709,1,942,21111-48-PRECINCT 126 48 DISTRICT (S126)
Jefferson,S126,trumpd,12/27/2021 20:35:30.140709,460,942,21111-48-PRECINCT 126 48 DISTRICT (S126)
Jefferson,S126,westk,12/27/2021 20:35:30.140709,2,942,21111-48-PRECINCT 126 48 DISTRICT (S126)
Jefferson,S128,bidenj,12/27/2021 20:35:30.140709,384,707,21111-48-PRECINCT 128 48 DISTRICT (S128)
Jefferson,S128,jorgensenj,12/27/2021 20:35:30.140709,6,707,21111-48-PRECINCT 128 48 DISTRICT (S128)
Jefferson,S128,pierceb,12/27/2021 20:35:30.140709,0,707,21111-48-PRECINCT 128 48 DISTRICT (S128)
Jefferson,S128,trumpd,12/27/2021 20:35:30.140709,314,707,21111-48-PRECINCT 128 48 DISTRICT (S128)
Jefferson,S128,westk,12/27/2021 20:35:30.140709,3,707,21111-48-PRECINCT 128 48 DISTRICT (S128)
Jefferson,S129,bidenj,12/27/2021 20:35:30.140709,469,860,21111-48-PRECINCT 129 48 DISTRICT (S129)
Jefferson,S129,jorgensenj,12/27/2021 20:35:30.140709,8,860,21111-48-PRECINCT 129 48 DISTRICT (S129)
Jefferson,S129,pierceb,12/27/2021 20:35:30.140709,2,860,21111-48-PRECINCT 129 48 DISTRICT (S129)
Jefferson,S129,trumpd,12/27/2021 20:35:30.140709,378,860,21111-48-PRECINCT 129 48 DISTRICT (S129)
Jefferson,S129,westk,12/27/2021 20:35:30.140709,3,860,21111-48-PRECINCT 129 48 DISTRICT (S129)
Jefferson,S130,bidenj,12/27/2021 20:35:30.140709,403,815,21111-48-PRECINCT 130 48 DISTRICT (S130)
Jefferson,S130,jorgensenj,12/27/2021 20:35:30.140709,5,815,21111-48-PRECINCT 130 48 DISTRICT (S130)
Jefferson,S130,pierceb,12/27/2021 20:35:30.140709,0,815,21111-48-PRECINCT 130 48 DISTRICT (S130)
Jefferson,S130,trumpd,12/27/2021 20:35:30.140709,403,815,21111-48-PRECINCT 130 48 DISTRICT (S130)
Jefferson,S130,westk,12/27/2021 20:35:30.140709,4,815,21111-48-PRECINCT 130 48 DISTRICT (S130)
Jefferson,S131,bidenj,12/27/2021 20:35:30.140709,556,843,21111-48-PRECINCT 131 48 DISTRICT (S131)
Jefferson,S131,jorgensenj,12/27/2021 20:35:30.140709,13,843,21111-48-PRECINCT 131 48 DISTRICT (S131)
Jefferson,S131,pierceb,12/27/2021 20:35:30.140709,2,843,21111-48-PRECINCT 131 48 DISTRICT (S131)
Jefferson,S131,trumpd,12/27/2021 20:35:30.140709,265,843,21111-48-PRECINCT 131 48 DISTRICT (S131)
Jefferson,S131,westk,12/27/2021 20:35:30.140709,7,843,21111-48-PRECINCT 131 48 DISTRICT (S131)
Jefferson,S132,bidenj,12/27/2021 20:35:30.140709,798,1202,21111-48-PRECINCT 132 48 DISTRICT (S132)
Jefferson,S132,jorgensenj,12/27/2021 20:35:30.140709,20,1202,21111-48-PRECINCT 132 48 DISTRICT (S132)
Jefferson,S132,pierceb,12/27/2021 20:35:30.140709,1,1202,21111-48-PRECINCT 132 48 DISTRICT (S132)
Jefferson,S132,trumpd,12/27/2021 20:35:30.140709,380,1202,21111-48-PRECINCT 132 48 DISTRICT (S132)
Jefferson,S132,westk,12/27/2021 20:35:30.140709,3,1202,21111-48-PRECINCT 132 48 DISTRICT (S132)
Jefferson,S135,bidenj,12/27/2021 20:35:30.140709,597,909,21111-48-PRECINCT 135 48 DISTRICT (S135)
Jefferson,S135,jorgensenj,12/27/2021 20:35:30.140709,10,909,21111-48-PRECINCT 135 48 DISTRICT (S135)
Jefferson,S135,pierceb,12/27/2021 20:35:30.140709,2,909,21111-48-PRECINCT 135 48 DISTRICT (S135)
Jefferson,S135,trumpd,12/27/2021 20:35:30.140709,294,909,21111-48-PRECINCT 135 48 DISTRICT (S135)
Jefferson,S135,westk,12/27/2021 20:35:30.140709,6,909,21111-48-PRECINCT 135 48 DISTRICT (S135)
Jefferson,S139,bidenj,12/27/2021 20:35:30.140709,750,1222,21111-48-PRECINCT 139 48 DISTRICT (S139)
Jefferson,S139,jorgensenj,12/27/2021 20:35:30.140709,16,1222,21111-48-PRECINCT 139 48 DISTRICT (S139)
Jefferson,S139,pierceb,12/27/2021 20:35:30.140709,4,1222,21111-48-PRECINCT 139 48 DISTRICT (S139)
Jefferson,S139,trumpd,12/27/2021 20:35:30.140709,447,1222,21111-48-PRECINCT 139 48 DISTRICT (S139)
Jefferson,S139,westk,12/27/2021 20:35:30.140709,5,1222,21111-48-PRECINCT 139 48 DISTRICT (S139)
Jefferson,S140,bidenj,12/27/2021 20:35:30.140709,418,856,21111-48-PRECINCT 140 48 DISTRICT (S140)
Jefferson,S140,jorgensenj,12/27/2021 20:35:30.140709,7,856,21111-48-PRECINCT 140 48 DISTRICT (S140)
Jefferson,S140,pierceb,12/27/2021 20:35:30.140709,2,856,21111-48-PRECINCT 140 48 DISTRICT (S140)
Jefferson,S140,trumpd,12/27/2021 20:35:30.140709,428,856,21111-48-PRECINCT 140 48 DISTRICT (S140)
Jefferson,S140,westk,12/27/2021 20:35:30.140709,1,856,21111-48-PRECINCT 140 48 DISTRICT (S140)
Jefferson,S141,bidenj,12/27/2021 20:35:30.140709,781,1287,21111-48-PRECINCT 141 48 DISTRICT (S141)
Jefferson,S141,jorgensenj,12/27/2021 20:35:30.140709,16,1287,21111-48-PRECINCT 141 48 DISTRICT (S141)
Jefferson,S141,pierceb,12/27/2021 20:35:30.140709,2,1287,21111-48-PRECINCT 141 48 DISTRICT (S141)
Jefferson,S141,trumpd,12/27/2021 20:35:30.140709,486,1287,21111-48-PRECINCT 141 48 DISTRICT (S141)
Jefferson,S141,westk,12/27/2021 20:35:30.140709,2,1287,21111-48-PRECINCT 141 48 DISTRICT (S141)
Jefferson,S142,bidenj,12/27/2021 20:35:30.140709,466,818,21111-48-PRECINCT 142 48 DISTRICT (S142)
Jefferson,S142,jorgensenj,12/27/2021 20:35:30.140709,7,818,21111-48-PRECINCT 142 48 DISTRICT (S142)
Jefferson,S142,pierceb,12/27/2021 20:35:30.140709,2,818,21111-48-PRECINCT 142 48 DISTRICT (S142)
Jefferson,S142,trumpd,12/27/2021 20:35:30.140709,341,818,21111-48-PRECINCT 142 48 DISTRICT (S142)
Jefferson,S142,westk,12/27/2021 20:35:30.140709,2,818,21111-48-PRECINCT 142 48 DISTRICT (S142)
Jefferson,S143,bidenj,12/27/2021 20:35:30.140709,387,932,21111-48-PRECINCT 143 48 DISTRICT (S143)
Jefferson,S143,jorgensenj,12/27/2021 20:35:30.140709,16,932,21111-48-PRECINCT 143 48 DISTRICT (S143)
Jefferson,S143,pierceb,12/27/2021 20:35:30.140709,0,932,21111-48-PRECINCT 143 48 DISTRICT (S143)
Jefferson,S143,trumpd,12/27/2021 20:35:30.140709,528,932,21111-48-PRECINCT 143 48 DISTRICT (S143)
Jefferson,S143,westk,12/27/2021 20:35:30.140709,1,932,21111-48-PRECINCT 143 48 DISTRICT (S143)
Jefferson,S144,bidenj,12/27/2021 20:35:30.140709,379,718,21111-48-PRECINCT 144 48 DISTRICT (S144)
Jefferson,S144,jorgensenj,12/27/2021 20:35:30.140709,5,718,21111-48-PRECINCT 144 48 DISTRICT (S144)
Jefferson,S144,pierceb,12/27/2021 20:35:30.140709,2,718,21111-48-PRECINCT 144 48 DISTRICT (S144)
Jefferson,S144,trumpd,12/27/2021 20:35:30.140709,328,718,21111-48-PRECINCT 144 48 DISTRICT (S144)
Jefferson,S144,westk,12/27/2021 20:35:30.140709,4,718,21111-48-PRECINCT 144 48 DISTRICT (S144)
Jefferson,S146,bidenj,12/27/2021 20:35:30.140709,424,704,21111-48-PRECINCT 146 48 DISTRICT (S146)
Jefferson,S146,jorgensenj,12/27/2021 20:35:30.140709,10,704,21111-48-PRECINCT 146 48 DISTRICT (S146)
Jefferson,S146,pierceb,12/27/2021 20:35:30.140709,0,704,21111-48-PRECINCT 146 48 DISTRICT (S146)
Jefferson,S146,trumpd,12/27/2021 20:35:30.140709,262,704,21111-48-PRECINCT 146 48 DISTRICT (S146)
Jefferson,S146,westk,12/27/2021 20:35:30.140709,8,704,21111-48-PRECINCT 146 48 DISTRICT (S146)
Jefferson,S150,bidenj,12/27/2021 20:35:30.140709,499,1084,21111-48-PRECINCT 150 48 DISTRICT (S150)
Jefferson,S150,jorgensenj,12/27/2021 20:35:30.140709,10,1084,21111-48-PRECINCT 150 48 DISTRICT (S150)
Jefferson,S150,pierceb,12/27/2021 20:35:30.140709,2,1084,21111-48-PRECINCT 150 48 DISTRICT (S150)
Jefferson,S150,trumpd,12/27/2021 20:35:30.140709,573,1084,21111-48-PRECINCT 150 48 DISTRICT (S150)
Jefferson,S150,westk,12/27/2021 20:35:30.140709,0,1084,21111-48-PRECINCT 150 48 DISTRICT (S150)
Jefferson,S152,bidenj,12/27/2021 20:35:30.140709,390,680,21111-48-PRECINCT 152 48 DISTRICT (S152)
Jefferson,S152,jorgensenj,12/27/2021 20:35:30.140709,9,680,21111-48-PRECINCT 152 48 DISTRICT (S152)
Jefferson,S152,pierceb,12/27/2021 20:35:30.140709,1,680,21111-48-PRECINCT 152 48 DISTRICT (S152)
Jefferson,S152,trumpd,12/27/2021 20:35:30.140709,278,680,21111-48-PRECINCT 152 48 DISTRICT (S152)
Jefferson,S152,westk,12/27/2021 20:35:30.140709,2,680,21111-48-PRECINCT 152 48 DISTRICT (S152)
Jefferson,S153,bidenj,12/27/2021 20:35:30.140709,782,1441,21111-48-PRECINCT 153 48 DISTRICT (S153)
Jefferson,S153,jorgensenj,12/27/2021 20:35:30.140709,16,1441,21111-48-PRECINCT 153 48 DISTRICT (S153)
Jefferson,S153,pierceb,12/27/2021 20:35:30.140709,1,1441,21111-48-PRECINCT 153 48 DISTRICT (S153)
Jefferson,S153,trumpd,12/27/2021 20:35:30.140709,637,1441,21111-48-PRECINCT 153 48 DISTRICT (S153)
Jefferson,S153,westk,12/27/2021 20:35:30.140709,5,1441,21111-48-PRECINCT 153 48 DISTRICT (S153)
Jefferson,S156,bidenj,12/27/2021 20:35:30.140709,358,570,21111-48-PRECINCT 156 48 DISTRICT (S156)
Jefferson,S156,jorgensenj,12/27/2021 20:35:30.140709,9,570,21111-48-PRECINCT 156 48 DISTRICT (S156)
Jefferson,S156,pierceb,12/27/2021 20:35:30.140709,2,570,21111-48-PRECINCT 156 48 DISTRICT (S156)
Jefferson,S156,trumpd,12/27/2021 20:35:30.140709,198,570,21111-48-PRECINCT 156 48 DISTRICT (S156)
Jefferson,S156,westk,12/27/2021 20:35:30.140709,3,570,21111-48-PRECINCT 156 48 DISTRICT (S156)
Jefferson,S160,bidenj,12/27/2021 20:35:30.140709,1145,2372,21111-48-PRECINCT 160 48 DISTRICT (S160)
Jefferson,S160,jorgensenj,12/27/2021 20:35:30.140709,23,2372,21111-48-PRECINCT 160 48 DISTRICT (S160)
Jefferson,S160,pierceb,12/27/2021 20:35:30.140709,2,2372,21111-48-PRECINCT 160 48 DISTRICT (S160)
Jefferson,S160,trumpd,12/27/2021 20:35:30.140709,1198,2372,21111-48-PRECINCT 160 48 DISTRICT (S160)
Jefferson,S160,westk,12/27/2021 20:35:30.140709,4,2372,21111-48-PRECINCT 160 48 DISTRICT (S160)
Jefferson,S161,bidenj,12/27/2021 20:35:30.140709,371,613,21111-48-PRECINCT 161 48 DISTRICT (S161)
Jefferson,S161,jorgensenj,12/27/2021 20:35:30.140709,6,613,21111-48-PRECINCT 161 48 DISTRICT (S161)
Jefferson,S161,pierceb,12/27/2021 20:35:30.140709,0,613,21111-48-PRECINCT 161 48 DISTRICT (S161)
Jefferson,S161,trumpd,12/27/2021 20:35:30.140709,235,613,21111-48-PRECINCT 161 48 DISTRICT (S161)
Jefferson,S161,westk,12/27/2021 20:35:30.140709,1,613,21111-48-PRECINCT 161 48 DISTRICT (S161)
Jefferson,S164,bidenj,12/27/2021 20:35:30.140709,484,827,21111-48-PRECINCT 164 48 DISTRICT (S164)
Jefferson,S164,jorgensenj,12/27/2021 20:35:30.140709,8,827,21111-48-PRECINCT 164 48 DISTRICT (S164)
Jefferson,S164,pierceb,12/27/2021 20:35:30.140709,4,827,21111-48-PRECINCT 164 48 DISTRICT (S164)
Jefferson,S164,trumpd,12/27/2021 20:35:30.140709,330,827,21111-48-PRECINCT 164 48 DISTRICT (S164)
Jefferson,S164,westk,12/27/2021 20:35:30.140709,1,827,21111-48-PRECINCT 164 48 DISTRICT (S164)
Jefferson,S165,bidenj,12/27/2021 20:35:30.140709,413,740,21111-48-PRECINCT 165 48 DISTRICT (S165)
Jefferson,S165,jorgensenj,12/27/2021 20:35:30.140709,5,740,21111-48-PRECINCT 165 48 DISTRICT (S165)
Jefferson,S165,pierceb,12/27/2021 20:35:30.140709,0,740,21111-48-PRECINCT 165 48 DISTRICT (S165)
Jefferson,S165,trumpd,12/27/2021 20:35:30.140709,319,740,21111-48-PRECINCT 165 48 DISTRICT (S165)
Jefferson,S165,westk,12/27/2021 20:35:30.140709,3,740,21111-48-PRECINCT 165 48 DISTRICT (S165)
Jefferson,S166,bidenj,12/27/2021 20:35:30.140709,355,784,21111-48-PRECINCT 166 48 DISTRICT (S166)
Jefferson,S166,jorgensenj,12/27/2021 20:35:30.140709,7,784,21111-48-PRECINCT 166 48 DISTRICT (S166)
Jefferson,S166,pierceb,12/27/2021 20:35:30.140709,1,784,21111-48-PRECINCT 166 48 DISTRICT (S166)
Jefferson,S166,trumpd,12/27/2021 20:35:30.140709,420,784,21111-48-PRECINCT 166 48 DISTRICT (S166)
Jefferson,S166,westk,12/27/2021 20:35:30.140709,1,784,21111-48-PRECINCT 166 48 DISTRICT (S166)
Jefferson,S167,bidenj,12/27/2021 20:35:30.140709,360,711,21111-48-PRECINCT 167 48 DISTRICT (S167)
Jefferson,S167,jorgensenj,12/27/2021 20:35:30.140709,12,711,21111-48-PRECINCT 167 48 DISTRICT (S167)
Jefferson,S167,pierceb,12/27/2021 20:35:30.140709,0,711,21111-48-PRECINCT 167 48 DISTRICT (S167)
Jefferson,S167,trumpd,12/27/2021 20:35:30.140709,338,711,21111-48-PRECINCT 167 48 DISTRICT (S167)
Jefferson,S167,westk,12/27/2021 20:35:30.140709,1,711,21111-48-PRECINCT 167 48 DISTRICT (S167)
Jefferson,S168,bidenj,12/27/2021 20:35:30.140709,417,757,21111-48-PRECINCT 168 48 DISTRICT (S168)
Jefferson,S168,jorgensenj,12/27/2021 20:35:30.140709,4,757,21111-48-PRECINCT 168 48 DISTRICT (S168)
Jefferson,S168,pierceb,12/27/2021 20:35:30.140709,0,757,21111-48-PRECINCT 168 48 DISTRICT (S168)
Jefferson,S168,trumpd,12/27/2021 20:35:30.140709,332,757,21111-48-PRECINCT 168 48 DISTRICT (S168)
Jefferson,S168,westk,12/27/2021 20:35:30.140709,4,757,21111-48-PRECINCT 168 48 DISTRICT (S168)
Jefferson,V101,bidenj,12/27/2021 20:35:30.140709,456,764,21111-36-PRECINCT 101 36 DISTRICT (V101)
Jefferson,V101,jorgensenj,12/27/2021 20:35:30.140709,15,764,21111-36-PRECINCT 101 36 DISTRICT (V101)
Jefferson,V101,pierceb,12/27/2021 20:35:30.140709,3,764,21111-36-PRECINCT 101 36 DISTRICT (V101)
Jefferson,V101,trumpd,12/27/2021 20:35:30.140709,287,764,21111-36-PRECINCT 101 36 DISTRICT (V101)
Jefferson,V101,westk,12/27/2021 20:35:30.140709,3,764,21111-36-PRECINCT 101 36 DISTRICT (V101)
Jefferson,V102,bidenj,12/27/2021 20:35:30.140709,715,1776,21111-36-PRECINCT 102 36 DISTRICT (V102)
Jefferson,V102,jorgensenj,12/27/2021 20:35:30.140709,24,1776,21111-36-PRECINCT 102 36 DISTRICT (V102)
Jefferson,V102,pierceb,12/27/2021 20:35:30.140709,2,1776,21111-36-PRECINCT 102 36 DISTRICT (V102)
Jefferson,V102,trumpd,12/27/2021 20:35:30.140709,1032,1776,21111-36-PRECINCT 102 36 DISTRICT (V102)
Jefferson,V102,westk,12/27/2021 20:35:30.140709,3,1776,21111-36-PRECINCT 102 36 DISTRICT (V102)
Jefferson,V103,bidenj,12/27/2021 20:35:30.140709,151,527,21111-36-PRECINCT 103 36 DISTRICT (V103)
Jefferson,V103,jorgensenj,12/27/2021 20:35:30.140709,5,527,21111-36-PRECINCT 103 36 DISTRICT (V103)
Jefferson,V103,pierceb,12/27/2021 20:35:30.140709,1,527,21111-36-PRECINCT 103 36 DISTRICT (V103)
Jefferson,V103,trumpd,12/27/2021 20:35:30.140709,370,527,21111-36-PRECINCT 103 36 DISTRICT (V103)
Jefferson,V103,westk,12/27/2021 20:35:30.140709,0,527,21111-36-PRECINCT 103 36 DISTRICT (V103)
Jefferson,V104,bidenj,12/27/2021 20:35:30.140709,918,2128,21111-36-PRECINCT 104 36 DISTRICT (V104)
Jefferson,V104,jorgensenj,12/27/2021 20:35:30.140709,35,2128,21111-36-PRECINCT 104 36 DISTRICT (V104)
Jefferson,V104,pierceb,12/27/2021 20:35:30.140709,4,2128,21111-36-PRECINCT 104 36 DISTRICT (V104)
Jefferson,V104,trumpd,12/27/2021 20:35:30.140709,1159,2128,21111-36-PRECINCT 104 36 DISTRICT (V104)
Jefferson,V104,westk,12/27/2021 20:35:30.140709,12,2128,21111-36-PRECINCT 104 36 DISTRICT (V104)
Jefferson,V105,bidenj,12/27/2021 20:35:30.140709,421,1294,21111-36-PRECINCT 105 36 DISTRICT (V105)
Jefferson,V105,jorgensenj,12/27/2021 20:35:30.140709,21,1294,21111-36-PRECINCT 105 36 DISTRICT (V105)
Jefferson,V105,pierceb,12/27/2021 20:35:30.140709,1,1294,21111-36-PRECINCT 105 36 DISTRICT (V105)
Jefferson,V105,trumpd,12/27/2021 20:35:30.140709,844,1294,21111-36-PRECINCT 105 36 DISTRICT (V105)
Jefferson,V105,westk,12/27/2021 20:35:30.140709,7,1294,21111-36-PRECINCT 105 36 DISTRICT (V105)
Jefferson,V106,bidenj,12/27/2021 20:35:30.140709,413,739,21111-36-PRECINCT 106 36 DISTRICT (V106)
Jefferson,V106,jorgensenj,12/27/2021 20:35:30.140709,14,739,21111-36-PRECINCT 106 36 DISTRICT (V106)
Jefferson,V106,pierceb,12/27/2021 20:35:30.140709,1,739,21111-36-PRECINCT 106 36 DISTRICT (V106)
Jefferson,V106,trumpd,12/27/2021 20:35:30.140709,307,739,21111-36-PRECINCT 106 36 DISTRICT (V106)
Jefferson,V106,westk,12/27/2021 20:35:30.140709,4,739,21111-36-PRECINCT 106 36 DISTRICT (V106)
Jefferson,V107,bidenj,12/27/2021 20:35:30.140709,259,804,21111-36-PRECINCT 107 36 DISTRICT (V107)
Jefferson,V107,jorgensenj,12/27/2021 20:35:30.140709,5,804,21111-36-PRECINCT 107 36 DISTRICT (V107)
Jefferson,V107,pierceb,12/27/2021 20:35:30.140709,0,804,21111-36-PRECINCT 107 36 DISTRICT (V107)
Jefferson,V107,trumpd,12/27/2021 20:35:30.140709,540,804,21111-36-PRECINCT 107 36 DISTRICT (V107)
Jefferson,V107,westk,12/27/2021 20:35:30.140709,0,804,21111-36-PRECINCT 107 36 DISTRICT (V107)
Jefferson,V108,bidenj,12/27/2021 20:35:30.140709,628,1868,21111-36-PRECINCT 108 36 DISTRICT (V108)
Jefferson,V108,jorgensenj,12/27/2021 20:35:30.140709,21,1868,21111-36-PRECINCT 108 36 DISTRICT (V108)
Jefferson,V108,pierceb,12/27/2021 20:35:30.140709,2,1868,21111-36-PRECINCT 108 36 DISTRICT (V108)
Jefferson,V108,trumpd,12/27/2021 20:35:30.140709,1213,1868,21111-36-PRECINCT 108 36 DISTRICT (V108)
Jefferson,V108,westk,12/27/2021 20:35:30.140709,4,1868,21111-36-PRECINCT 108 36 DISTRICT (V108)
Jefferson,V109,bidenj,12/27/2021 20:35:30.140709,62,197,21111-36-PRECINCT 109 36 DISTRICT (V109)
Jefferson,V109,jorgensenj,12/27/2021 20:35:30.140709,2,197,21111-36-PRECINCT 109 36 DISTRICT (V109)
Jefferson,V109,pierceb,12/27/2021 20:35:30.140709,0,197,21111-36-PRECINCT 109 36 DISTRICT (V109)
Jefferson,V109,trumpd,12/27/2021 20:35:30.140709,133,197,21111-36-PRECINCT 109 36 DISTRICT (V109)
Jefferson,V109,westk,12/27/2021 20:35:30.140709,0,197,21111-36-PRECINCT 109 36 DISTRICT (V109)
Jefferson,V110,bidenj,12/27/2021 20:35:30.140709,572,1448,21111-36-PRECINCT 110 36 DISTRICT (V110)
Jefferson,V110,jorgensenj,12/27/2021 20:35:30.140709,15,1448,21111-36-PRECINCT 110 36 DISTRICT (V110)
Jefferson,V110,pierceb,12/27/2021 20:35:30.140709,3,1448,21111-36-PRECINCT 110 36 DISTRICT (V110)
Jefferson,V110,trumpd,12/27/2021 20:35:30.140709,856,1448,21111-36-PRECINCT 110 36 DISTRICT (V110)
Jefferson,V110,westk,12/27/2021 20:35:30.140709,2,1448,21111-36-PRECINCT 110 36 DISTRICT (V110)
Jefferson,V111,bidenj,12/27/2021 20:35:30.140709,418,1002,21111-36-PRECINCT 111 36 DISTRICT (V111)
Jefferson,V111,jorgensenj,12/27/2021 20:35:30.140709,14,1002,21111-36-PRECINCT 111 36 DISTRICT (V111)
Jefferson,V111,pierceb,12/27/2021 20:35:30.140709,1,1002,21111-36-PRECINCT 111 36 DISTRICT (V111)
Jefferson,V111,trumpd,12/27/2021 20:35:30.140709,566,1002,21111-36-PRECINCT 111 36 DISTRICT (V111)
Jefferson,V111,westk,12/27/2021 20:35:30.140709,3,1002,21111-36-PRECINCT 111 36 DISTRICT (V111)
Jefferson,V112,bidenj,12/27/2021 20:35:30.140709,13,29,21111-36-PRECINCT 112 36 DISTRICT (V112)
Jefferson,V112,jorgensenj,12/27/2021 20:35:30.140709,0,29,21111-36-PRECINCT 112 36 DISTRICT (V112)
Jefferson,V112,pierceb,12/27/2021 20:35:30.140709,0,29,21111-36-PRECINCT 112 36 DISTRICT (V112)
Jefferson,V112,trumpd,12/27/2021 20:35:30.140709,15,29,21111-36-PRECINCT 112 36 DISTRICT (V112)
Jefferson,V112,westk,12/27/2021 20:35:30.140709,1,29,21111-36-PRECINCT 112 36 DISTRICT (V112)
Jefferson,V113,bidenj,12/27/2021 20:35:30.140709,1134,2566,21111-36-PRECINCT 113 36 DISTRICT (V113)
Jefferson,V113,jorgensenj,12/27/2021 20:35:30.140709,30,2566,21111-36-PRECINCT 113 36 DISTRICT (V113)
Jefferson,V113,pierceb,12/27/2021 20:35:30.140709,5,2566,21111-36-PRECINCT 113 36 DISTRICT (V113)
Jefferson,V113,trumpd,12/27/2021 20:35:30.140709,1391,2566,21111-36-PRECINCT 113 36 DISTRICT (V113)
Jefferson,V113,westk,12/27/2021 20:35:30.140709,6,2566,21111-36-PRECINCT 113 36 DISTRICT (V113)
Jefferson,V114,bidenj,12/27/2021 20:35:30.140709,378,1070,21111-36-PRECINCT 114 36 DISTRICT (V114)
Jefferson,V114,jorgensenj,12/27/2021 20:35:30.140709,4,1070,21111-36-PRECINCT 114 36 DISTRICT (V114)
Jefferson,V114,pierceb,12/27/2021 20:35:30.140709,0,1070,21111-36-PRECINCT 114 36 DISTRICT (V114)
Jefferson,V114,trumpd,12/27/2021 20:35:30.140709,685,1070,21111-36-PRECINCT 114 36 DISTRICT (V114)
Jefferson,V114,westk,12/27/2021 20:35:30.140709,3,1070,21111-36-PRECINCT 114 36 DISTRICT (V114)
Jefferson,V115,bidenj,12/27/2021 20:35:30.140709,395,848,21111-36-PRECINCT 115 36 DISTRICT (V115)
Jefferson,V115,jorgensenj,12/27/2021 20:35:30.140709,19,848,21111-36-PRECINCT 115 36 DISTRICT (V115)
Jefferson,V115,pierceb,12/27/2021 20:35:30.140709,7,848,21111-36-PRECINCT 115 36 DISTRICT (V115)
Jefferson,V115,trumpd,12/27/2021 20:35:30.140709,423,848,21111-36-PRECINCT 115 36 DISTRICT (V115)
Jefferson,V115,westk,12/27/2021 20:35:30.140709,4,848,21111-36-PRECINCT 115 36 DISTRICT (V115)
Jefferson,V116,bidenj,12/27/2021 20:35:30.140709,421,1016,21111-36-PRECINCT 116 36 DISTRICT (V116)
Jefferson,V116,jorgensenj,12/27/2021 20:35:30.140709,17,1016,21111-36-PRECINCT 116 36 DISTRICT (V116)
Jefferson,V116,pierceb,12/27/2021 20:35:30.140709,2,1016,21111-36-PRECINCT 116 36 DISTRICT (V116)
Jefferson,V116,trumpd,12/27/2021 20:35:30.140709,576,1016,21111-36-PRECINCT 116 36 DISTRICT (V116)
Jefferson,V116,westk,12/27/2021 20:35:30.140709,0,1016,21111-36-PRECINCT 116 36 DISTRICT (V116)
Jefferson,V117,bidenj,12/27/2021 20:35:30.140709,442,837,21111-36-PRECINCT 117 36 DISTRICT (V117)
Jefferson,V117,jorgensenj,12/27/2021 20:35:30.140709,12,837,21111-36-PRECINCT 117 36 DISTRICT (V117)
Jefferson,V117,pierceb,12/27/2021 20:35:30.140709,3,837,21111-36-PRECINCT 117 36 DISTRICT (V117)
Jefferson,V117,trumpd,12/27/2021 20:35:30.140709,378,837,21111-36-PRECINCT 117 36 DISTRICT (V117)
Jefferson,V117,westk,12/27/2021 20:35:30.140709,2,837,21111-36-PRECINCT 117 36 DISTRICT (V117)
Jefferson,V118,bidenj,12/27/2021 20:35:30.140709,449,877,21111-36-PRECINCT 118 36 DISTRICT (V118)
Jefferson,V118,jorgensenj,12/27/2021 20:35:30.140709,18,877,21111-36-PRECINCT 118 36 DISTRICT (V118)
Jefferson,V118,pierceb,12/27/2021 20:35:30.140709,3,877,21111-36-PRECINCT 118 36 DISTRICT (V118)
Jefferson,V118,trumpd,12/27/2021 20:35:30.140709,407,877,21111-36-PRECINCT 118 36 DISTRICT (V118)
Jefferson,V118,westk,12/27/2021 20:35:30.140709,0,877,21111-36-PRECINCT 118 36 DISTRICT (V118)
Jefferson,V119,bidenj,12/27/2021 20:35:30.140709,800,1667,21111-36-PRECINCT 119 36 DISTRICT (V119)
Jefferson,V119,jorgensenj,12/27/2021 20:35:30.140709,13,1667,21111-36-PRECINCT 119 36 DISTRICT (V119)
Jefferson,V119,pierceb,12/27/2021 20:35:30.140709,4,1667,21111-36-PRECINCT 119 36 DISTRICT (V119)
Jefferson,V119,trumpd,12/27/2021 20:35:30.140709,846,1667,21111-36-PRECINCT 119 36 DISTRICT (V119)
Jefferson,V119,westk,12/27/2021 20:35:30.140709,4,1667,21111-36-PRECINCT 119 36 DISTRICT (V119)
Jefferson,V120,bidenj,12/27/2021 20:35:30.140709,722,1422,21111-36-PRECINCT 120 36 DISTRICT (V120)
Jefferson,V120,jorgensenj,12/27/2021 20:35:30.140709,18,1422,21111-36-PRECINCT 120 36 DISTRICT (V120)
Jefferson,V120,pierceb,12/27/2021 20:35:30.140709,1,1422,21111-36-PRECINCT 120 36 DISTRICT (V120)
Jefferson,V120,trumpd,12/27/2021 20:35:30.140709,671,1422,21111-36-PRECINCT 120 36 DISTRICT (V120)
Jefferson,V120,westk,12/27/2021 20:35:30.140709,10,1422,21111-36-PRECINCT 120 36 DISTRICT (V120)
Jefferson,V121,bidenj,12/27/2021 20:35:30.140709,505,1050,21111-36-PRECINCT 121 36 DISTRICT (V121)
Jefferson,V121,jorgensenj,12/27/2021 20:35:30.140709,9,1050,21111-36-PRECINCT 121 36 DISTRICT (V121)
Jefferson,V121,pierceb,12/27/2021 20:35:30.140709,4,1050,21111-36-PRECINCT 121 36 DISTRICT (V121)
Jefferson,V121,trumpd,12/27/2021 20:35:30.140709,530,1050,21111-36-PRECINCT 121 36 DISTRICT (V121)
Jefferson,V121,westk,12/27/2021 20:35:30.140709,2,1050,21111-36-PRECINCT 121 36 DISTRICT (V121)
Jefferson,V122,bidenj,12/27/2021 20:35:30.140709,0,0,
Jefferson,V122,jorgensenj,12/27/2021 20:35:30.140709,0,0,
Jefferson,V122,pierceb,12/27/2021 20:35:30.140709,0,0,
Jefferson,V122,trumpd,12/27/2021 20:35:30.140709,0,0,
Jefferson,V122,westk,12/27/2021 20:35:30.140709,0,0,
Jefferson,V123,bidenj,12/27/2021 20:35:30.140709,0,2,21111-36-PRECINCT 123 36 DISTRICT (V123)
Jefferson,V123,jorgensenj,12/27/2021 20:35:30.140709,0,2,21111-36-PRECINCT 123 36 DISTRICT (V123)
Jefferson,V123,pierceb,12/27/2021 20:35:30.140709,0,2,21111-36-PRECINCT 123 36 DISTRICT (V123)
Jefferson,V123,trumpd,12/27/2021 20:35:30.140709,2,2,21111-36-PRECINCT 123 36 DISTRICT (V123)
Jefferson,V123,westk,12/27/2021 20:35:30.140709,0,2,21111-36-PRECINCT 123 36 DISTRICT (V123)
Jefferson,V124,bidenj,12/27/2021 20:35:30.140709,397,731,21111-36-PRECINCT 124 36 DISTRICT (V124)
Jefferson,V124,jorgensenj,12/27/2021 20:35:30.140709,11,731,21111-36-PRECINCT 124 36 DISTRICT (V124)
Jefferson,V124,pierceb,12/27/2021 20:35:30.140709,1,731,21111-36-PRECINCT 124 36 DISTRICT (V124)
Jefferson,V124,trumpd,12/27/2021 20:35:30.140709,320,731,21111-36-PRECINCT 124 36 DISTRICT (V124)
Jefferson,V124,westk,12/27/2021 20:35:30.140709,2,731,21111-36-PRECINCT 124 36 DISTRICT (V124)
Jefferson,V125,bidenj,12/27/2021 20:35:30.140709,332,748,21111-36-PRECINCT 125 36 DISTRICT (V125)
Jefferson,V125,jorgensenj,12/27/2021 20:35:30.140709,5,748,21111-36-PRECINCT 125 36 DISTRICT (V125)
Jefferson,V125,pierceb,12/27/2021 20:35:30.140709,1,748,21111-36-PRECINCT 125 36 DISTRICT (V125)
Jefferson,V125,trumpd,12/27/2021 20:35:30.140709,406,748,21111-36-PRECINCT 125 36 DISTRICT (V125)
Jefferson,V125,westk,12/27/2021 20:35:30.140709,4,748,21111-36-PRECINCT 125 36 DISTRICT (V125)
Jefferson,V126,bidenj,12/27/2021 20:35:30.140709,608,1361,21111-36-PRECINCT 126 36 DISTRICT (V126)
Jefferson,V126,jorgensenj,12/27/2021 20:35:30.140709,21,1361,21111-36-PRECINCT 126 36 DISTRICT (V126)
Jefferson,V126,pierceb,12/27/2021 20:35:30.140709,1,1361,21111-36-PRECINCT 126 36 DISTRICT (V126)
Jefferson,V126,trumpd,12/27/2021 20:35:30.140709,726,1361,21111-36-PRECINCT 126 36 DISTRICT (V126)
Jefferson,V126,westk,12/27/2021 20:35:30.140709,5,1361,21111-36-PRECINCT 126 36 DISTRICT (V126)
Jefferson,V127,bidenj,12/27/2021 20:35:30.140709,736,1467,21111-36-PRECINCT 127 36 DISTRICT (V127)
Jefferson,V127,jorgensenj,12/27/2021 20:35:30.140709,20,1467,21111-36-PRECINCT 127 36 DISTRICT (V127)
Jefferson,V127,pierceb,12/27/2021 20:35:30.140709,1,1467,21111-36-PRECINCT 127 36 DISTRICT (V127)
Jefferson,V127,trumpd,12/27/2021 20:35:30.140709,703,1467,21111-36-PRECINCT 127 36 DISTRICT (V127)
Jefferson,V127,westk,12/27/2021 20:35:30.140709,7,1467,21111-36-PRECINCT 127 36 DISTRICT (V127)
Jefferson,V128,bidenj,12/27/2021 20:35:30.140709,516,1114,21111-36-PRECINCT 128 36 DISTRICT (V128)
Jefferson,V128,jorgensenj,12/27/2021 20:35:30.140709,18,1114,21111-36-PRECINCT 128 36 DISTRICT (V128)
Jefferson,V128,pierceb,12/27/2021 20:35:30.140709,0,1114,21111-36-PRECINCT 128 36 DISTRICT (V128)
Jefferson,V128,trumpd,12/27/2021 20:35:30.140709,578,1114,21111-36-PRECINCT 128 36 DISTRICT (V128)
Jefferson,V128,westk,12/27/2021 20:35:30.140709,2,1114,21111-36-PRECINCT 128 36 DISTRICT (V128)
Jefferson,V129,bidenj,12/27/2021 20:35:30.140709,638,1706,21111-36-PRECINCT 129 36 DISTRICT (V129)
Jefferson,V129,jorgensenj,12/27/2021 20:35:30.140709,14,1706,21111-36-PRECINCT 129 36 DISTRICT (V129)
Jefferson,V129,pierceb,12/27/2021 20:35:30.140709,3,1706,21111-36-PRECINCT 129 36 DISTRICT (V129)
Jefferson,V129,trumpd,12/27/2021 20:35:30.140709,1047,1706,21111-36-PRECINCT 129 36 DISTRICT (V129)
Jefferson,V129,westk,12/27/2021 20:35:30.140709,4,1706,21111-36-PRECINCT 129 36 DISTRICT (V129)
Jefferson,V130,bidenj,12/27/2021 20:35:30.140709,124,323,21111-36-PRECINCT 130 36 DISTRICT (V130)
Jefferson,V130,jorgensenj,12/27/2021 20:35:30.140709,3,323,21111-36-PRECINCT 130 36 DISTRICT (V130)
Jefferson,V130,pierceb,12/27/2021 20:35:30.140709,1,323,21111-36-PRECINCT 130 36 DISTRICT (V130)
Jefferson,V130,trumpd,12/27/2021 20:35:30.140709,193,323,21111-36-PRECINCT 130 36 DISTRICT (V130)
Jefferson,V130,westk,12/27/2021 20:35:30.140709,2,323,21111-36-PRECINCT 130 36 DISTRICT (V130)
Jefferson,V131,bidenj,12/27/2021 20:35:30.140709,499,1144,21111-36-PRECINCT 131 36 DISTRICT (V131)
Jefferson,V131,jorgensenj,12/27/2021 20:35:30.140709,16,1144,21111-36-PRECINCT 131 36 DISTRICT (V131)
Jefferson,V131,pierceb,12/27/2021 20:35:30.140709,2,1144,21111-36-PRECINCT 131 36 DISTRICT (V131)
Jefferson,V131,trumpd,12/27/2021 20:35:30.140709,626,1144,21111-36-PRECINCT 131 36 DISTRICT (V131)
Jefferson,V131,westk,12/27/2021 20:35:30.140709,1,1144,21111-36-PRECINCT 131 36 DISTRICT (V131)
Jefferson,V132,bidenj,12/27/2021 20:35:30.140709,250,640,21111-36-PRECINCT 132 36 DISTRICT (V132)
Jefferson,V132,jorgensenj,12/27/2021 20:35:30.140709,6,640,21111-36-PRECINCT 132 36 DISTRICT (V132)
Jefferson,V132,pierceb,12/27/2021 20:35:30.140709,0,640,21111-36-PRECINCT 132 36 DISTRICT (V132)
Jefferson,V132,trumpd,12/27/2021 20:35:30.140709,383,640,21111-36-PRECINCT 132 36 DISTRICT (V132)
Jefferson,V132,westk,12/27/2021 20:35:30.140709,1,640,21111-36-PRECINCT 132 36 DISTRICT (V132)
Johnson,A101,bidenj,12/27/2021 20:35:30.140709,63,310,21115-WARD UPPER (A101)
Johnson,A101,jorgensenj,12/27/2021 20:35:30.140709,1,310,21115-WARD UPPER (A101)
Johnson,A101,pierceb,12/27/2021 20:35:30.140709,2,310,21115-WARD UPPER (A101)
Johnson,A101,trumpd,12/27/2021 20:35:30.140709,243,310,21115-WARD UPPER (A101)
Johnson,A101,westk,12/27/2021 20:35:30.140709,1,310,21115-WARD UPPER (A101)
Johnson,A102,bidenj,12/27/2021 20:35:30.140709,66,313,21115-WARD MIDDLE (A102)
Johnson,A102,jorgensenj,12/27/2021 20:35:30.140709,2,313,21115-WARD MIDDLE (A102)
Johnson,A102,pierceb,12/27/2021 20:35:30.140709,3,313,21115-WARD MIDDLE (A102)
Johnson,A102,trumpd,12/27/2021 20:35:30.140709,241,313,21115-WARD MIDDLE (A102)
Johnson,A102,westk,12/27/2021 20:35:30.140709,1,313,21115-WARD MIDDLE (A102)
Johnson,A103,bidenj,12/27/2021 20:35:30.140709,43,197,21115-WARD LOWER (A103)
Johnson,A103,jorgensenj,12/27/2021 20:35:30.140709,1,197,21115-WARD LOWER (A103)
Johnson,A103,pierceb,12/27/2021 20:35:30.140709,0,197,21115-WARD LOWER (A103)
Johnson,A103,trumpd,12/27/2021 20:35:30.140709,152,197,21115-WARD LOWER (A103)
Johnson,A103,westk,12/27/2021 20:35:30.140709,1,197,21115-WARD LOWER (A103)
Johnson,A104,bidenj,12/27/2021 20:35:30.140709,50,267,21115-BRIDGEFORD (A104)
Johnson,A104,jorgensenj,12/27/2021 20:35:30.140709,2,267,21115-BRIDGEFORD (A104)
Johnson,A104,pierceb,12/27/2021 20:35:30.140709,0,267,21115-BRIDGEFORD (A104)
Johnson,A104,trumpd,12/27/2021 20:35:30.140709,213,267,21115-BRIDGEFORD (A104)
Johnson,A104,westk,12/27/2021 20:35:30.140709,2,267,21115-BRIDGEFORD (A104)
Johnson,A105,bidenj,12/27/2021 20:35:30.140709,117,730,21115-STAFFORDSVILLE (A105)
Johnson,A105,jorgensenj,12/27/2021 20:35:30.140709,4,730,21115-STAFFORDSVILLE (A105)
Johnson,A105,pierceb,12/27/2021 20:35:30.140709,2,730,21115-STAFFORDSVILLE (A105)
Johnson,A105,trumpd,12/27/2021 20:35:30.140709,603,730,21115-STAFFORDSVILLE (A105)
Johnson,A105,westk,12/27/2021 20:35:30.140709,4,730,21115-STAFFORDSVILLE (A105)
Johnson,A106,bidenj,12/27/2021 20:35:30.140709,89,583,21115-HAGER HILL (A106)
Johnson,A106,jorgensenj,12/27/2021 20:35:30.140709,7,583,21115-HAGER HILL (A106)
Johnson,A106,pierceb,12/27/2021 20:35:30.140709,1,583,21115-HAGER HILL (A106)
Johnson,A106,trumpd,12/27/2021 20:35:30.140709,485,583,21115-HAGER HILL (A106)
Johnson,A106,westk,12/27/2021 20:35:30.140709,1,583,21115-HAGER HILL (A106)
Johnson,A107,bidenj,12/27/2021 20:35:30.140709,79,300,21115-SOUTH SIDE (A107)
Johnson,A107,jorgensenj,12/27/2021 20:35:30.140709,3,300,21115-SOUTH SIDE (A107)
Johnson,A107,pierceb,12/27/2021 20:35:30.140709,0,300,21115-SOUTH SIDE (A107)
Johnson,A107,trumpd,12/27/2021 20:35:30.140709,218,300,21115-SOUTH SIDE (A107)
Johnson,A107,westk,12/27/2021 20:35:30.140709,0,300,21115-SOUTH SIDE (A107)
Johnson,A108,bidenj,12/27/2021 20:35:30.140709,101,534,21115-KING ADDITION (A108)
Johnson,A108,jorgensenj,12/27/2021 20:35:30.140709,2,534,21115-KING ADDITION (A108)
Johnson,A108,pierceb,12/27/2021 20:35:30.140709,0,534,21115-KING ADDITION (A108)
Johnson,A108,trumpd,12/27/2021 20:35:30.140709,429,534,21115-KING ADDITION (A108)
Johnson,A108,westk,12/27/2021 20:35:30.140709,2,534,21115-KING ADDITION (A108)
Johnson,A109,bidenj,12/27/2021 20:35:30.140709,6,108,21115-EAST POINT (A109)
Johnson,A109,jorgensenj,12/27/2021 20:35:30.140709,4,108,21115-EAST POINT (A109)
Johnson,A109,pierceb,12/27/2021 20:35:30.140709,0,108,21115-EAST POINT (A109)
Johnson,A109,trumpd,12/27/2021 20:35:30.140709,97,108,21115-EAST POINT (A109)
Johnson,A109,westk,12/27/2021 20:35:30.140709,1,108,21115-EAST POINT (A109)
Johnson,A110,bidenj,12/27/2021 20:35:30.140709,21,183,21115-MUDDY BRANCH (A110)
Johnson,A110,jorgensenj,12/27/2021 20:35:30.140709,2,183,21115-MUDDY BRANCH (A110)
Johnson,A110,pierceb,12/27/2021 20:35:30.140709,1,183,21115-MUDDY BRANCH (A110)
Johnson,A110,trumpd,12/27/2021 20:35:30.140709,157,183,21115-MUDDY BRANCH (A110)
Johnson,A110,westk,12/27/2021 20:35:30.140709,2,183,21115-MUDDY BRANCH (A110)
Johnson,B101,bidenj,12/27/2021 20:35:30.140709,53,297,21115-WEST VAN LEAR (B101)
Johnson,B101,jorgensenj,12/27/2021 20:35:30.140709,0,297,21115-WEST VAN LEAR (B101)
Johnson,B101,pierceb,12/27/2021 20:35:30.140709,0,297,21115-WEST VAN LEAR (B101)
Johnson,B101,trumpd,12/27/2021 20:35:30.140709,244,297,21115-WEST VAN LEAR (B101)
Johnson,B101,westk,12/27/2021 20:35:30.140709,0,297,21115-WEST VAN LEAR (B101)
Johnson,B102,bidenj,12/27/2021 20:35:30.140709,55,347,21115-DANIELS CREEK (B102)
Johnson,B102,jorgensenj,12/27/2021 20:35:30.140709,1,347,21115-DANIELS CREEK (B102)
Johnson,B102,pierceb,12/27/2021 20:35:30.140709,1,347,21115-DANIELS CREEK (B102)
Johnson,B102,trumpd,12/27/2021 20:35:30.140709,287,347,21115-DANIELS CREEK (B102)
Johnson,B102,westk,12/27/2021 20:35:30.140709,3,347,21115-DANIELS CREEK (B102)
Johnson,B103,bidenj,12/27/2021 20:35:30.140709,55,350,21115-POWELL ADDITION (B103)
Johnson,B103,jorgensenj,12/27/2021 20:35:30.140709,3,350,21115-POWELL ADDITION (B103)
Johnson,B103,pierceb,12/27/2021 20:35:30.140709,0,350,21115-POWELL ADDITION (B103)
Johnson,B103,trumpd,12/27/2021 20:35:30.140709,292,350,21115-POWELL ADDITION (B103)
Johnson,B103,westk,12/27/2021 20:35:30.140709,0,350,21115-POWELL ADDITION (B103)
Johnson,B104,bidenj,12/27/2021 20:35:30.140709,55,378,21115-MINGO (B104)
Johnson,B104,jorgensenj,12/27/2021 20:35:30.140709,5,378,21115-MINGO (B104)
Johnson,B104,pierceb,12/27/2021 20:35:30.140709,1,378,21115-MINGO (B104)
Johnson,B104,trumpd,12/27/2021 20:35:30.140709,317,378,21115-MINGO (B104)
Johnson,B104,westk,12/27/2021 20:35:30.140709,0,378,21115-MINGO (B104)
Johnson,B105,bidenj,12/27/2021 20:35:30.140709,60,276,21115-VAN LEAR (B105)
Johnson,B105,jorgensenj,12/27/2021 20:35:30.140709,2,276,21115-VAN LEAR (B105)
Johnson,B105,pierceb,12/27/2021 20:35:30.140709,0,276,21115-VAN LEAR (B105)
Johnson,B105,trumpd,12/27/2021 20:35:30.140709,214,276,21115-VAN LEAR (B105)
Johnson,B105,westk,12/27/2021 20:35:30.140709,0,276,21115-VAN LEAR (B105)
Johnson,B106,bidenj,12/27/2021 20:35:30.140709,52,321,21115-BUFFALO (B106)
Johnson,B106,jorgensenj,12/27/2021 20:35:30.140709,2,321,21115-BUFFALO (B106)
Johnson,B106,pierceb,12/27/2021 20:35:30.140709,0,321,21115-BUFFALO (B106)
Johnson,B106,trumpd,12/27/2021 20:35:30.140709,266,321,21115-BUFFALO (B106)
Johnson,B106,westk,12/27/2021 20:35:30.140709,1,321,21115-BUFFALO (B106)
Johnson,B107,bidenj,12/27/2021 20:35:30.140709,66,415,21115-GREASY CREEK (B107)
Johnson,B107,jorgensenj,12/27/2021 20:35:30.140709,2,415,21115-GREASY CREEK (B107)
Johnson,B107,pierceb,12/27/2021 20:35:30.140709,0,415,21115-GREASY CREEK (B107)
Johnson,B107,trumpd,12/27/2021 20:35:30.140709,345,415,21115-GREASY CREEK (B107)
Johnson,B107,westk,12/27/2021 20:35:30.140709,2,415,21115-GREASY CREEK (B107)
Johnson,B108,bidenj,12/27/2021 20:35:30.140709,8,65,21115-WHITE HOUSE (B108)
Johnson,B108,jorgensenj,12/27/2021 20:35:30.140709,1,65,21115-WHITE HOUSE (B108)
Johnson,B108,pierceb,12/27/2021 20:35:30.140709,0,65,21115-WHITE HOUSE (B108)
Johnson,B108,trumpd,12/27/2021 20:35:30.140709,56,65,21115-WHITE HOUSE (B108)
Johnson,B108,westk,12/27/2021 20:35:30.140709,0,65,21115-WHITE HOUSE (B108)
Johnson,B109,bidenj,12/27/2021 20:35:30.140709,53,307,21115-THELMA (B109)
Johnson,B109,jorgensenj,12/27/2021 20:35:30.140709,6,307,21115-THELMA (B109)
Johnson,B109,pierceb,12/27/2021 20:35:30.140709,0,307,21115-THELMA (B109)
Johnson,B109,trumpd,12/27/2021 20:35:30.140709,247,307,21115-THELMA (B109)
Johnson,B109,westk,12/27/2021 20:35:30.140709,1,307,21115-THELMA (B109)
Johnson,B110,bidenj,12/27/2021 20:35:30.140709,57,459,21115-MOUTH OF RUSH (B110)
Johnson,B110,jorgensenj,12/27/2021 20:35:30.140709,7,459,21115-MOUTH OF RUSH (B110)
Johnson,B110,pierceb,12/27/2021 20:35:30.140709,2,459,21115-MOUTH OF RUSH (B110)
Johnson,B110,trumpd,12/27/2021 20:35:30.140709,391,459,21115-MOUTH OF RUSH (B110)
Johnson,B110,westk,12/27/2021 20:35:30.140709,2,459,21115-MOUTH OF RUSH (B110)
Johnson,C101,bidenj,12/27/2021 20:35:30.140709,45,338,21115-OIL SPRINGS (C101)
Johnson,C101,jorgensenj,12/27/2021 20:35:30.140709,0,338,21115-OIL SPRINGS (C101)
Johnson,C101,pierceb,12/27/2021 20:35:30.140709,1,338,21115-OIL SPRINGS (C101)
Johnson,C101,trumpd,12/27/2021 20:35:30.140709,292,338,21115-OIL SPRINGS (C101)
Johnson,C101,westk,12/27/2021 20:35:30.140709,0,338,21115-OIL SPRINGS (C101)
Johnson,C102,bidenj,12/27/2021 20:35:30.140709,45,367,21115-BARNETTS CREEK (C102)
Johnson,C102,jorgensenj,12/27/2021 20:35:30.140709,5,367,21115-BARNETTS CREEK (C102)
Johnson,C102,pierceb,12/27/2021 20:35:30.140709,1,367,21115-BARNETTS CREEK (C102)
Johnson,C102,trumpd,12/27/2021 20:35:30.140709,313,367,21115-BARNETTS CREEK (C102)
Johnson,C102,westk,12/27/2021 20:35:30.140709,3,367,21115-BARNETTS CREEK (C102)
Johnson,C103,bidenj,12/27/2021 20:35:30.140709,52,547,21115-FLAT GAP (C103)
Johnson,C103,jorgensenj,12/27/2021 20:35:30.140709,2,547,21115-FLAT GAP (C103)
Johnson,C103,pierceb,12/27/2021 20:35:30.140709,2,547,21115-FLAT GAP (C103)
Johnson,C103,trumpd,12/27/2021 20:35:30.140709,490,547,21115-FLAT GAP (C103)
Johnson,C103,westk,12/27/2021 20:35:30.140709,1,547,21115-FLAT GAP (C103)
Johnson,C104,bidenj,12/27/2021 20:35:30.140709,39,161,21115-VOLGA (C104)
Johnson,C104,jorgensenj,12/27/2021 20:35:30.140709,0,161,21115-VOLGA (C104)
Johnson,C104,pierceb,12/27/2021 20:35:30.140709,0,161,21115-VOLGA (C104)
Johnson,C104,trumpd,12/27/2021 20:35:30.140709,122,161,21115-VOLGA (C104)
Johnson,C104,westk,12/27/2021 20:35:30.140709,0,161,21115-VOLGA (C104)
Johnson,C105,bidenj,12/27/2021 20:35:30.140709,38,245,21115-LOW GAP (C105)
Johnson,C105,jorgensenj,12/27/2021 20:35:30.140709,3,245,21115-LOW GAP (C105)
Johnson,C105,pierceb,12/27/2021 20:35:30.140709,3,245,21115-LOW GAP (C105)
Johnson,C105,trumpd,12/27/2021 20:35:30.140709,200,245,21115-LOW GAP (C105)
Johnson,C105,westk,12/27/2021 20:35:30.140709,1,245,21115-LOW GAP (C105)
Johnson,C106,bidenj,12/27/2021 20:35:30.140709,36,205,21115-RED BUSH (C106)
Johnson,C106,jorgensenj,12/27/2021 20:35:30.140709,0,205,21115-RED BUSH (C106)
Johnson,C106,pierceb,12/27/2021 20:35:30.140709,0,205,21115-RED BUSH (C106)
Johnson,C106,trumpd,12/27/2021 20:35:30.140709,169,205,21115-RED BUSH (C106)
Johnson,C106,westk,12/27/2021 20:35:30.140709,0,205,21115-RED BUSH (C106)
Johnson,C107,bidenj,12/27/2021 20:35:30.140709,68,531,21115-JENNYS CREEK (C107)
Johnson,C107,jorgensenj,12/27/2021 20:35:30.140709,2,531,21115-JENNYS CREEK (C107)
Johnson,C107,pierceb,12/27/2021 20:35:30.140709,4,531,21115-JENNYS CREEK (C107)
Johnson,C107,trumpd,12/27/2021 20:35:30.140709,456,531,21115-JENNYS CREEK (C107)
Johnson,C107,westk,12/27/2021 20:35:30.140709,1,531,21115-JENNYS CREEK (C107)
Johnson,C108,bidenj,12/27/2021 20:35:30.140709,32,217,21115-LITTLE GAP (C108)
Johnson,C108,jorgensenj,12/27/2021 20:35:30.140709,1,217,21115-LITTLE GAP (C108)
Johnson,C108,pierceb,12/27/2021 20:35:30.140709,0,217,21115-LITTLE GAP (C108)
Johnson,C108,trumpd,12/27/2021 20:35:30.140709,184,217,21115-LITTLE GAP (C108)
Johnson,C108,westk,12/27/2021 20:35:30.140709,0,217,21115-LITTLE GAP (C108)
Johnson,C109,bidenj,12/27/2021 20:35:30.140709,45,285,21115-STAMBAUGH (C109)
Johnson,C109,jorgensenj,12/27/2021 20:35:30.140709,2,285,21115-STAMBAUGH (C109)
Johnson,C109,pierceb,12/27/2021 20:35:30.140709,1,285,21115-STAMBAUGH (C109)
Johnson,C109,trumpd,12/27/2021 20:35:30.140709,236,285,21115-STAMBAUGH (C109)
Johnson,C109,westk,12/27/2021 20:35:30.140709,1,285,21115-STAMBAUGH (C109)
Johnson,C110,bidenj,12/27/2021 20:35:30.140709,31,262,21115-SITKA (C110)
Johnson,C110,jorgensenj,12/27/2021 20:35:30.140709,2,262,21115-SITKA (C110)
Johnson,C110,pierceb,12/27/2021 20:35:30.140709,0,262,21115-SITKA (C110)
Johnson,C110,trumpd,12/27/2021 20:35:30.140709,229,262,21115-SITKA (C110)
Johnson,C110,westk,12/27/2021 20:35:30.140709,0,262,21115-SITKA (C110)
Johnson,C111,bidenj,12/27/2021 20:35:30.140709,28,292,21115-SYCAMORE (C111)
Johnson,C111,jorgensenj,12/27/2021 20:35:30.140709,3,292,21115-SYCAMORE (C111)
Johnson,C111,pierceb,12/27/2021 20:35:30.140709,1,292,21115-SYCAMORE (C111)
Johnson,C111,trumpd,12/27/2021 20:35:30.140709,260,292,21115-SYCAMORE (C111)
Johnson,C111,westk,12/27/2021 20:35:30.140709,0,292,21115-SYCAMORE (C111)
Johnson,Pres,bidenj,12/27/2021 20:35:30.140709,0,2,
Johnson,Pres,jorgensenj,12/27/2021 20:35:30.140709,0,2,
Johnson,Pres,pierceb,12/27/2021 20:35:30.140709,0,2,
Johnson,Pres,trumpd,12/27/2021 20:35:30.140709,2,2,
Johnson,Pres,westk,12/27/2021 20:35:30.140709,0,2,
Knott,A101,bidenj,12/27/2021 20:35:30.140709,102,426,21119-HINDMAN-RIGHT WARD (A101)
Knott,A101,jorgensenj,12/27/2021 20:35:30.140709,2,426,21119-HINDMAN-RIGHT WARD (A101)
Knott,A101,pierceb,12/27/2021 20:35:30.140709,1,426,21119-HINDMAN-RIGHT WARD (A101)
Knott,A101,trumpd,12/27/2021 20:35:30.140709,318,426,21119-HINDMAN-RIGHT WARD (A101)
Knott,A101,westk,12/27/2021 20:35:30.140709,3,426,21119-HINDMAN-RIGHT WARD (A101)
Knott,A103,bidenj,12/27/2021 20:35:30.140709,72,269,21119-CLEAR CREEK (A103)
Knott,A103,jorgensenj,12/27/2021 20:35:30.140709,1,269,21119-CLEAR CREEK (A103)
Knott,A103,pierceb,12/27/2021 20:35:30.140709,0,269,21119-CLEAR CREEK (A103)
Knott,A103,trumpd,12/27/2021 20:35:30.140709,195,269,21119-CLEAR CREEK (A103)
Knott,A103,westk,12/27/2021 20:35:30.140709,1,269,21119-CLEAR CREEK (A103)
Knott,A104,bidenj,12/27/2021 20:35:30.140709,107,544,21119-CARRIE (A104)
Knott,A104,jorgensenj,12/27/2021 20:35:30.140709,3,544,21119-CARRIE (A104)
Knott,A104,pierceb,12/27/2021 20:35:30.140709,1,544,21119-CARRIE (A104)
Knott,A104,trumpd,12/27/2021 20:35:30.140709,432,544,21119-CARRIE (A104)
Knott,A104,westk,12/27/2021 20:35:30.140709,1,544,21119-CARRIE (A104)
Knott,A105,bidenj,12/27/2021 20:35:30.140709,60,248,21119-LOTTS CREEK (A105)
Knott,A105,jorgensenj,12/27/2021 20:35:30.140709,2,248,21119-LOTTS CREEK (A105)
Knott,A105,pierceb,12/27/2021 20:35:30.140709,2,248,21119-LOTTS CREEK (A105)
Knott,A105,trumpd,12/27/2021 20:35:30.140709,183,248,21119-LOTTS CREEK (A105)
Knott,A105,westk,12/27/2021 20:35:30.140709,1,248,21119-LOTTS CREEK (A105)
Knott,A106,bidenj,12/27/2021 20:35:30.140709,47,185,21119-GARNER (A106)
Knott,A106,jorgensenj,12/27/2021 20:35:30.140709,0,185,21119-GARNER (A106)
Knott,A106,pierceb,12/27/2021 20:35:30.140709,0,185,21119-GARNER (A106)
Knott,A106,trumpd,12/27/2021 20:35:30.140709,138,185,21119-GARNER (A106)
Knott,A106,westk,12/27/2021 20:35:30.140709,0,185,21119-GARNER (A106)
Knott,A108,bidenj,12/27/2021 20:35:30.140709,41,187,21119-LEBURN (A108)
Knott,A108,jorgensenj,12/27/2021 20:35:30.140709,1,187,21119-LEBURN (A108)
Knott,A108,pierceb,12/27/2021 20:35:30.140709,2,187,21119-LEBURN (A108)
Knott,A108,trumpd,12/27/2021 20:35:30.140709,143,187,21119-LEBURN (A108)
Knott,A108,westk,12/27/2021 20:35:30.140709,0,187,21119-LEBURN (A108)
Knott,B101,bidenj,12/27/2021 20:35:30.140709,50,373,21119-CARR UPPER (B101)
Knott,B101,jorgensenj,12/27/2021 20:35:30.140709,1,373,21119-CARR UPPER (B101)
Knott,B101,pierceb,12/27/2021 20:35:30.140709,0,373,21119-CARR UPPER (B101)
Knott,B101,trumpd,12/27/2021 20:35:30.140709,321,373,21119-CARR UPPER (B101)
Knott,B101,westk,12/27/2021 20:35:30.140709,1,373,21119-CARR UPPER (B101)
Knott,B102,bidenj,12/27/2021 20:35:30.140709,66,291,21119-CARR MIDDLE (B102)
Knott,B102,jorgensenj,12/27/2021 20:35:30.140709,2,291,21119-CARR MIDDLE (B102)
Knott,B102,pierceb,12/27/2021 20:35:30.140709,0,291,21119-CARR MIDDLE (B102)
Knott,B102,trumpd,12/27/2021 20:35:30.140709,222,291,21119-CARR MIDDLE (B102)
Knott,B102,westk,12/27/2021 20:35:30.140709,1,291,21119-CARR MIDDLE (B102)
Knott,B103,bidenj,12/27/2021 20:35:30.140709,46,182,21119-BREEDINGS CREEK (B103)
Knott,B103,jorgensenj,12/27/2021 20:35:30.140709,2,182,21119-BREEDINGS CREEK (B103)
Knott,B103,pierceb,12/27/2021 20:35:30.140709,2,182,21119-BREEDINGS CREEK (B103)
Knott,B103,trumpd,12/27/2021 20:35:30.140709,132,182,21119-BREEDINGS CREEK (B103)
Knott,B103,westk,12/27/2021 20:35:30.140709,0,182,21119-BREEDINGS CREEK (B103)
Knott,B104,bidenj,12/27/2021 20:35:30.140709,22,171,21119-IRISHMAN (B104)
Knott,B104,jorgensenj,12/27/2021 20:35:30.140709,0,171,21119-IRISHMAN (B104)
Knott,B104,pierceb,12/27/2021 20:35:30.140709,2,171,21119-IRISHMAN (B104)
Knott,B104,trumpd,12/27/2021 20:35:30.140709,147,171,21119-IRISHMAN (B104)
Knott,B104,westk,12/27/2021 20:35:30.140709,0,171,21119-IRISHMAN (B104)
Knott,B105,bidenj,12/27/2021 20:35:30.140709,41,178,21119-SASSAFRAS (B105)
Knott,B105,jorgensenj,12/27/2021 20:35:30.140709,0,178,21119-SASSAFRAS (B105)
Knott,B105,pierceb,12/27/2021 20:35:30.140709,0,178,21119-SASSAFRAS (B105)
Knott,B105,trumpd,12/27/2021 20:35:30.140709,137,178,21119-SASSAFRAS (B105)
Knott,B105,westk,12/27/2021 20:35:30.140709,0,178,21119-SASSAFRAS (B105)
Knott,B106,bidenj,12/27/2021 20:35:30.140709,16,76,21119-ANCO (B106)
Knott,B106,jorgensenj,12/27/2021 20:35:30.140709,0,76,21119-ANCO (B106)
Knott,B106,pierceb,12/27/2021 20:35:30.140709,0,76,21119-ANCO (B106)
Knott,B106,trumpd,12/27/2021 20:35:30.140709,59,76,21119-ANCO (B106)
Knott,B106,westk,12/27/2021 20:35:30.140709,1,76,21119-ANCO (B106)
Knott,B107,bidenj,12/27/2021 20:35:30.140709,72,317,21119-MALLIE (B107)
Knott,B107,jorgensenj,12/27/2021 20:35:30.140709,1,317,21119-MALLIE (B107)
Knott,B107,pierceb,12/27/2021 20:35:30.140709,1,317,21119-MALLIE (B107)
Knott,B107,trumpd,12/27/2021 20:35:30.140709,241,317,21119-MALLIE (B107)
Knott,B107,westk,12/27/2021 20:35:30.140709,2,317,21119-MALLIE (B107)
Knott,C101,bidenj,12/27/2021 20:35:30.140709,41,180,21119-BALL LOWER (C101)
Knott,C101,jorgensenj,12/27/2021 20:35:30.140709,2,180,21119-BALL LOWER (C101)
Knott,C101,pierceb,12/27/2021 20:35:30.140709,0,180,21119-BALL LOWER (C101)
Knott,C101,trumpd,12/27/2021 20:35:30.140709,137,180,21119-BALL LOWER (C101)
Knott,C101,westk,12/27/2021 20:35:30.140709,0,180,21119-BALL LOWER (C101)
Knott,C102,bidenj,12/27/2021 20:35:30.140709,72,362,21119-BALL UPPER (C102)
Knott,C102,jorgensenj,12/27/2021 20:35:30.140709,2,362,21119-BALL UPPER (C102)
Knott,C102,pierceb,12/27/2021 20:35:30.140709,0,362,21119-BALL UPPER (C102)
Knott,C102,trumpd,12/27/2021 20:35:30.140709,288,362,21119-BALL UPPER (C102)
Knott,C102,westk,12/27/2021 20:35:30.140709,0,362,21119-BALL UPPER (C102)
Knott,C103,bidenj,12/27/2021 20:35:30.140709,8,26,21119-QUICKSAND UPPER (C103)
Knott,C103,jorgensenj,12/27/2021 20:35:30.140709,1,26,21119-QUICKSAND UPPER (C103)
Knott,C103,pierceb,12/27/2021 20:35:30.140709,0,26,21119-QUICKSAND UPPER (C103)
Knott,C103,trumpd,12/27/2021 20:35:30.140709,17,26,21119-QUICKSAND UPPER (C103)
Knott,C103,westk,12/27/2021 20:35:30.140709,0,26,21119-QUICKSAND UPPER (C103)
Knott,C104,bidenj,12/27/2021 20:35:30.140709,7,40,21119-SALT LICK (C104)
Knott,C104,jorgensenj,12/27/2021 20:35:30.140709,0,40,21119-SALT LICK (C104)
Knott,C104,pierceb,12/27/2021 20:35:30.140709,1,40,21119-SALT LICK (C104)
Knott,C104,trumpd,12/27/2021 20:35:30.140709,32,40,21119-SALT LICK (C104)
Knott,C104,westk,12/27/2021 20:35:30.140709,0,40,21119-SALT LICK (C104)
Knott,C105,bidenj,12/27/2021 20:35:30.140709,20,116,21119-ROCK FORK (C105)
Knott,C105,jorgensenj,12/27/2021 20:35:30.140709,0,116,21119-ROCK FORK (C105)
Knott,C105,pierceb,12/27/2021 20:35:30.140709,0,116,21119-ROCK FORK (C105)
Knott,C105,trumpd,12/27/2021 20:35:30.140709,96,116,21119-ROCK FORK (C105)
Knott,C105,westk,12/27/2021 20:35:30.140709,0,116,21119-ROCK FORK (C105)
Knott,C106,bidenj,12/27/2021 20:35:30.140709,3,34,21119-QUICKSAND LOWER (C106)
Knott,C106,jorgensenj,12/27/2021 20:35:30.140709,0,34,21119-QUICKSAND LOWER (C106)
Knott,C106,pierceb,12/27/2021 20:35:30.140709,0,34,21119-QUICKSAND LOWER (C106)
Knott,C106,trumpd,12/27/2021 20:35:30.140709,31,34,21119-QUICKSAND LOWER (C106)
Knott,C106,westk,12/27/2021 20:35:30.140709,0,34,21119-QUICKSAND LOWER (C106)
Knott,C107,bidenj,12/27/2021 20:35:30.140709,39,152,21119-BALL MIDDLE (C107)
Knott,C107,jorgensenj,12/27/2021 20:35:30.140709,0,152,21119-BALL MIDDLE (C107)
Knott,C107,pierceb,12/27/2021 20:35:30.140709,0,152,21119-BALL MIDDLE (C107)
Knott,C107,trumpd,12/27/2021 20:35:30.140709,113,152,21119-BALL MIDDLE (C107)
Knott,C107,westk,12/27/2021 20:35:30.140709,0,152,21119-BALL MIDDLE (C107)
Knott,C108,bidenj,12/27/2021 20:35:30.140709,54,229,21119-HINDMAN 2 (C108)
Knott,C108,jorgensenj,12/27/2021 20:35:30.140709,0,229,21119-HINDMAN 2 (C108)
Knott,C108,pierceb,12/27/2021 20:35:30.140709,1,229,21119-HINDMAN 2 (C108)
Knott,C108,trumpd,12/27/2021 20:35:30.140709,174,229,21119-HINDMAN 2 (C108)
Knott,C108,westk,12/27/2021 20:35:30.140709,0,229,21119-HINDMAN 2 (C108)
Knott,C109,bidenj,12/27/2021 20:35:30.140709,32,108,21119-JONES FORK UPPER (C109)
Knott,C109,jorgensenj,12/27/2021 20:35:30.140709,0,108,21119-JONES FORK UPPER (C109)
Knott,C109,pierceb,12/27/2021 20:35:30.140709,0,108,21119-JONES FORK UPPER (C109)
Knott,C109,trumpd,12/27/2021 20:35:30.140709,76,108,21119-JONES FORK UPPER (C109)
Knott,C109,westk,12/27/2021 20:35:30.140709,0,108,21119-JONES FORK UPPER (C109)
Knott,C110,bidenj,12/27/2021 20:35:30.140709,27,90,21119-FISTY (C110)
Knott,C110,jorgensenj,12/27/2021 20:35:30.140709,0,90,21119-FISTY (C110)
Knott,C110,pierceb,12/27/2021 20:35:30.140709,1,90,21119-FISTY (C110)
Knott,C110,trumpd,12/27/2021 20:35:30.140709,62,90,21119-FISTY (C110)
Knott,C110,westk,12/27/2021 20:35:30.140709,0,90,21119-FISTY (C110)
Knott,C111,bidenj,12/27/2021 20:35:30.140709,14,42,21119-JONES FORK LOWER (C111)
Knott,C111,jorgensenj,12/27/2021 20:35:30.140709,0,42,21119-JONES FORK LOWER (C111)
Knott,C111,pierceb,12/27/2021 20:35:30.140709,0,42,21119-JONES FORK LOWER (C111)
Knott,C111,trumpd,12/27/2021 20:35:30.140709,28,42,21119-JONES FORK LOWER (C111)
Knott,C111,westk,12/27/2021 20:35:30.140709,0,42,21119-JONES FORK LOWER (C111)
Knott,C112,bidenj,12/27/2021 20:35:30.140709,63,209,21119-JONES FORK MIDDLE (C112)
Knott,C112,jorgensenj,12/27/2021 20:35:30.140709,1,209,21119-JONES FORK MIDDLE (C112)
Knott,C112,pierceb,12/27/2021 20:35:30.140709,1,209,21119-JONES FORK MIDDLE (C112)
Knott,C112,trumpd,12/27/2021 20:35:30.140709,144,209,21119-JONES FORK MIDDLE (C112)
Knott,C112,westk,12/27/2021 20:35:30.140709,0,209,21119-JONES FORK MIDDLE (C112)
Knott,D102,bidenj,12/27/2021 20:35:30.140709,37,98,21119-CANEY LOWER (D102)
Knott,D102,jorgensenj,12/27/2021 20:35:30.140709,0,98,21119-CANEY LOWER (D102)
Knott,D102,pierceb,12/27/2021 20:35:30.140709,0,98,21119-CANEY LOWER (D102)
Knott,D102,trumpd,12/27/2021 20:35:30.140709,60,98,21119-CANEY LOWER (D102)
Knott,D102,westk,12/27/2021 20:35:30.140709,1,98,21119-CANEY LOWER (D102)
Knott,D103,bidenj,12/27/2021 20:35:30.140709,73,301,21119-BEAVER LOWER (D103)
Knott,D103,jorgensenj,12/27/2021 20:35:30.140709,1,301,21119-BEAVER LOWER (D103)
Knott,D103,pierceb,12/27/2021 20:35:30.140709,0,301,21119-BEAVER LOWER (D103)
Knott,D103,trumpd,12/27/2021 20:35:30.140709,225,301,21119-BEAVER LOWER (D103)
Knott,D103,westk,12/27/2021 20:35:30.140709,2,301,21119-BEAVER LOWER (D103)
Knott,D104,bidenj,12/27/2021 20:35:30.140709,51,233,21119-BEAVER UPPER (D104)
Knott,D104,jorgensenj,12/27/2021 20:35:30.140709,0,233,21119-BEAVER UPPER (D104)
Knott,D104,pierceb,12/27/2021 20:35:30.140709,1,233,21119-BEAVER UPPER (D104)
Knott,D104,trumpd,12/27/2021 20:35:30.140709,181,233,21119-BEAVER UPPER (D104)
Knott,D104,westk,12/27/2021 20:35:30.140709,0,233,21119-BEAVER UPPER (D104)
Knott,D105,bidenj,12/27/2021 20:35:30.140709,84,340,21119-CANEY UPPER (D105)
Knott,D105,jorgensenj,12/27/2021 20:35:30.140709,5,340,21119-CANEY UPPER (D105)
Knott,D105,pierceb,12/27/2021 20:35:30.140709,0,340,21119-CANEY UPPER (D105)
Knott,D105,trumpd,12/27/2021 20:35:30.140709,250,340,21119-CANEY UPPER (D105)
Knott,D105,westk,12/27/2021 20:35:30.140709,1,340,21119-CANEY UPPER (D105)
Knott,D107,bidenj,12/27/2021 20:35:30.140709,45,244,21119-BEAVER MIDDLE (D107)
Knott,D107,jorgensenj,12/27/2021 20:35:30.140709,1,244,21119-BEAVER MIDDLE (D107)
Knott,D107,pierceb,12/27/2021 20:35:30.140709,1,244,21119-BEAVER MIDDLE (D107)
Knott,D107,trumpd,12/27/2021 20:35:30.140709,197,244,21119-BEAVER MIDDLE (D107)
Knott,D107,westk,12/27/2021 20:35:30.140709,0,244,21119-BEAVER MIDDLE (D107)
Knott,Pres,bidenj,12/27/2021 20:35:30.140709,0,0,
Knott,Pres,jorgensenj,12/27/2021 20:35:30.140709,0,0,
Knott,Pres,pierceb,12/27/2021 20:35:30.140709,0,0,
Knott,Pres,trumpd,12/27/2021 20:35:30.140709,0,0,
Knott,Pres,westk,12/27/2021 20:35:30.140709,0,0,
Leslie,A101,bidenj,12/27/2021 20:35:30.140709,10,192,21131-BEECHFORK (A101)
Leslie,A101,jorgensenj,12/27/2021 20:35:30.140709,2,192,21131-BEECHFORK (A101)
Leslie,A101,pierceb,12/27/2021 20:35:30.140709,0,192,21131-BEECHFORK (A101)
Leslie,A101,trumpd,12/27/2021 20:35:30.140709,180,192,21131-BEECHFORK (A101)
Leslie,A101,westk,12/27/2021 20:35:30.140709,0,192,21131-BEECHFORK (A101)
Leslie,A102,bidenj,12/27/2021 20:35:30.140709,39,496,21131-STINNETT (A102)
Leslie,A102,jorgensenj,12/27/2021 20:35:30.140709,0,496,21131-STINNETT (A102)
Leslie,A102,pierceb,12/27/2021 20:35:30.140709,0,496,21131-STINNETT (A102)
Leslie,A102,trumpd,12/27/2021 20:35:30.140709,457,496,21131-STINNETT (A102)
Leslie,A102,westk,12/27/2021 20:35:30.140709,0,496,21131-STINNETT (A102)
Leslie,A103,bidenj,12/27/2021 20:35:30.140709,2,31,21131-GREASY (A103)
Leslie,A103,jorgensenj,12/27/2021 20:35:30.140709,0,31,21131-GREASY (A103)
Leslie,A103,pierceb,12/27/2021 20:35:30.140709,0,31,21131-GREASY (A103)
Leslie,A103,trumpd,12/27/2021 20:35:30.140709,29,31,21131-GREASY (A103)
Leslie,A103,westk,12/27/2021 20:35:30.140709,0,31,21131-GREASY (A103)
Leslie,A104,bidenj,12/27/2021 20:35:30.140709,40,400,21131-HYDEN-JEFF (A104)
Leslie,A104,jorgensenj,12/27/2021 20:35:30.140709,2,400,21131-HYDEN-JEFF (A104)
Leslie,A104,pierceb,12/27/2021 20:35:30.140709,0,400,21131-HYDEN-JEFF (A104)
Leslie,A104,trumpd,12/27/2021 20:35:30.140709,357,400,21131-HYDEN-JEFF (A104)
Leslie,A104,westk,12/27/2021 20:35:30.140709,1,400,21131-HYDEN-JEFF (A104)
Leslie,A105,bidenj,12/27/2021 20:35:30.140709,12,129,21131-MARROWBONE (A105)
Leslie,A105,jorgensenj,12/27/2021 20:35:30.140709,2,129,21131-MARROWBONE (A105)
Leslie,A105,pierceb,12/27/2021 20:35:30.140709,0,129,21131-MARROWBONE (A105)
Leslie,A105,trumpd,12/27/2021 20:35:30.140709,115,129,21131-MARROWBONE (A105)
Leslie,A105,westk,12/27/2021 20:35:30.140709,0,129,21131-MARROWBONE (A105)
Leslie,B101,bidenj,12/27/2021 20:35:30.140709,42,516,21131-JACKS CREEK (B101)
Leslie,B101,jorgensenj,12/27/2021 20:35:30.140709,3,516,21131-JACKS CREEK (B101)
Leslie,B101,pierceb,12/27/2021 20:35:30.140709,2,516,21131-JACKS CREEK (B101)
Leslie,B101,trumpd,12/27/2021 20:35:30.140709,467,516,21131-JACKS CREEK (B101)
Leslie,B101,westk,12/27/2021 20:35:30.140709,2,516,21131-JACKS CREEK (B101)
Leslie,B102,bidenj,12/27/2021 20:35:30.140709,33,213,21131-BAD CREEK (B102)
Leslie,B102,jorgensenj,12/27/2021 20:35:30.140709,1,213,21131-BAD CREEK (B102)
Leslie,B102,pierceb,12/27/2021 20:35:30.140709,1,213,21131-BAD CREEK (B102)
Leslie,B102,trumpd,12/27/2021 20:35:30.140709,178,213,21131-BAD CREEK (B102)
Leslie,B102,westk,12/27/2021 20:35:30.140709,0,213,21131-BAD CREEK (B102)
Leslie,B103,bidenj,12/27/2021 20:35:30.140709,11,215,21131-ROCKHOUSE (B103)
Leslie,B103,jorgensenj,12/27/2021 20:35:30.140709,2,215,21131-ROCKHOUSE (B103)
Leslie,B103,pierceb,12/27/2021 20:35:30.140709,1,215,21131-ROCKHOUSE (B103)
Leslie,B103,trumpd,12/27/2021 20:35:30.140709,200,215,21131-ROCKHOUSE (B103)
Leslie,B103,westk,12/27/2021 20:35:30.140709,1,215,21131-ROCKHOUSE (B103)
Leslie,B104,bidenj,12/27/2021 20:35:30.140709,9,169,21131-BIG CREEK (B104)
Leslie,B104,jorgensenj,12/27/2021 20:35:30.140709,0,169,21131-BIG CREEK (B104)
Leslie,B104,pierceb,12/27/2021 20:35:30.140709,0,169,21131-BIG CREEK (B104)
Leslie,B104,trumpd,12/27/2021 20:35:30.140709,160,169,21131-BIG CREEK (B104)
Leslie,B104,westk,12/27/2021 20:35:30.140709,0,169,21131-BIG CREEK (B104)
Leslie,C101,bidenj,12/27/2021 20:35:30.140709,33,529,21131-WOOTON (C101)
Leslie,C101,jorgensenj,12/27/2021 20:35:30.140709,3,529,21131-WOOTON (C101)
Leslie,C101,pierceb,12/27/2021 20:35:30.140709,1,529,21131-WOOTON (C101)
Leslie,C101,trumpd,12/27/2021 20:35:30.140709,490,529,21131-WOOTON (C101)
Leslie,C101,westk,12/27/2021 20:35:30.140709,2,529,21131-WOOTON (C101)
Leslie,C102,bidenj,12/27/2021 20:35:30.140709,28,289,21131-TRACE FORK (C102)
Leslie,C102,jorgensenj,12/27/2021 20:35:30.140709,0,289,21131-TRACE FORK (C102)
Leslie,C102,pierceb,12/27/2021 20:35:30.140709,0,289,21131-TRACE FORK (C102)
Leslie,C102,trumpd,12/27/2021 20:35:30.140709,261,289,21131-TRACE FORK (C102)
Leslie,C102,westk,12/27/2021 20:35:30.140709,0,289,21131-TRACE FORK (C102)
Leslie,C103,bidenj,12/27/2021 20:35:30.140709,50,512,21131-WOLF (C103)
Leslie,C103,jorgensenj,12/27/2021 20:35:30.140709,1,512,21131-WOLF (C103)
Leslie,C103,pierceb,12/27/2021 20:35:30.140709,0,512,21131-WOLF (C103)
Leslie,C103,trumpd,12/27/2021 20:35:30.140709,460,512,21131-WOLF (C103)
Leslie,C103,westk,12/27/2021 20:35:30.140709,1,512,21131-WOLF (C103)
Leslie,D101,bidenj,12/27/2021 20:35:30.140709,36,298,21131-HYDEN 1 (D101)
Leslie,D101,jorgensenj,12/27/2021 20:35:30.140709,2,298,21131-HYDEN 1 (D101)
Leslie,D101,pierceb,12/27/2021 20:35:30.140709,1,298,21131-HYDEN 1 (D101)
Leslie,D101,trumpd,12/27/2021 20:35:30.140709,259,298,21131-HYDEN 1 (D101)
Leslie,D101,westk,12/27/2021 20:35:30.140709,0,298,21131-HYDEN 1 (D101)
Leslie,D102,bidenj,12/27/2021 20:35:30.140709,41,253,21131-HYDEN 2 (D102)
Leslie,D102,jorgensenj,12/27/2021 20:35:30.140709,1,253,21131-HYDEN 2 (D102)
Leslie,D102,pierceb,12/27/2021 20:35:30.140709,1,253,21131-HYDEN 2 (D102)
Leslie,D102,trumpd,12/27/2021 20:35:30.140709,209,253,21131-HYDEN 2 (D102)
Leslie,D102,westk,12/27/2021 20:35:30.140709,1,253,21131-HYDEN 2 (D102)
Leslie,D103,bidenj,12/27/2021 20:35:30.140709,26,189,21131-WILDER (D103)
Leslie,D103,jorgensenj,12/27/2021 20:35:30.140709,1,189,21131-WILDER (D103)
Leslie,D103,pierceb,12/27/2021 20:35:30.140709,2,189,21131-WILDER (D103)
Leslie,D103,trumpd,12/27/2021 20:35:30.140709,160,189,21131-WILDER (D103)
Leslie,D103,westk,12/27/2021 20:35:30.140709,0,189,21131-WILDER (D103)
Leslie,D104,bidenj,12/27/2021 20:35:30.140709,32,313,21131-MIDWAY (D104)
Leslie,D104,jorgensenj,12/27/2021 20:35:30.140709,3,313,21131-MIDWAY (D104)
Leslie,D104,pierceb,12/27/2021 20:35:30.140709,0,313,21131-MIDWAY (D104)
Leslie,D104,trumpd,12/27/2021 20:35:30.140709,274,313,21131-MIDWAY (D104)
Leslie,D104,westk,12/27/2021 20:35:30.140709,4,313,21131-MIDWAY (D104)
Leslie,D105,bidenj,12/27/2021 20:35:30.140709,2,67,21131-BULLSKIN NO. 17 (D105)
Leslie,D105,jorgensenj,12/27/2021 20:35:30.140709,0,67,21131-BULLSKIN NO. 17 (D105)
Leslie,D105,pierceb,12/27/2021 20:35:30.140709,0,67,21131-BULLSKIN NO. 17 (D105)
Leslie,D105,trumpd,12/27/2021 20:35:30.140709,65,67,21131-BULLSKIN NO. 17 (D105)
Leslie,D105,westk,12/27/2021 20:35:30.140709,0,67,21131-BULLSKIN NO. 17 (D105)
Leslie,Pres,bidenj,12/27/2021 20:35:30.140709,0,0,
Leslie,Pres,jorgensenj,12/27/2021 20:35:30.140709,0,0,
Leslie,Pres,pierceb,12/27/2021 20:35:30.140709,0,0,
Leslie,Pres,trumpd,12/27/2021 20:35:30.140709,0,0,
Leslie,Pres,westk,12/27/2021 20:35:30.140709,0,0,
Magoffin,A101,bidenj,12/27/2021 20:35:30.140709,135,454,21153-SALYERSVILLE 2 (A101)
Magoffin,A101,jorgensenj,12/27/2021 20:35:30.140709,1,454,21153-SALYERSVILLE 2 (A101)
Magoffin,A101,pierceb,12/27/2021 20:35:30.140709,1,454,21153-SALYERSVILLE 2 (A101)
Magoffin,A101,trumpd,12/27/2021 20:35:30.140709,317,454,21153-SALYERSVILLE 2 (A101)
Magoffin,A101,westk,12/27/2021 20:35:30.140709,0,454,21153-SALYERSVILLE 2 (A101)
Magoffin,A102,bidenj,12/27/2021 20:35:30.140709,106,500,21153-BLOOMINGTON (A102)
Magoffin,A102,jorgensenj,12/27/2021 20:35:30.140709,2,500,21153-BLOOMINGTON (A102)
Magoffin,A102,pierceb,12/27/2021 20:35:30.140709,0,500,21153-BLOOMINGTON (A102)
Magoffin,A102,trumpd,12/27/2021 20:35:30.140709,391,500,21153-BLOOMINGTON (A102)
Magoffin,A102,westk,12/27/2021 20:35:30.140709,1,500,21153-BLOOMINGTON (A102)
Magoffin,A103,bidenj,12/27/2021 20:35:30.140709,55,303,undefined
Magoffin,A103,jorgensenj,12/27/2021 20:35:30.140709,2,303,undefined
Magoffin,A103,pierceb,12/27/2021 20:35:30.140709,0,303,undefined
Magoffin,A103,trumpd,12/27/2021 20:35:30.140709,244,303,undefined
Magoffin,A103,westk,12/27/2021 20:35:30.140709,2,303,undefined
Magoffin,A104,bidenj,12/27/2021 20:35:30.140709,143,617,21153-CARTY BRANCH (A104)
Magoffin,A104,jorgensenj,12/27/2021 20:35:30.140709,6,617,21153-CARTY BRANCH (A104)
Magoffin,A104,pierceb,12/27/2021 20:35:30.140709,3,617,21153-CARTY BRANCH (A104)
Magoffin,A104,trumpd,12/27/2021 20:35:30.140709,465,617,21153-CARTY BRANCH (A104)
Magoffin,A104,westk,12/27/2021 20:35:30.140709,0,617,21153-CARTY BRANCH (A104)
Magoffin,B101,bidenj,12/27/2021 20:35:30.140709,167,604,21153-SALYERSVILLE 1 (B101)
Magoffin,B101,jorgensenj,12/27/2021 20:35:30.140709,5,604,21153-SALYERSVILLE 1 (B101)
Magoffin,B101,pierceb,12/27/2021 20:35:30.140709,3,604,21153-SALYERSVILLE 1 (B101)
Magoffin,B101,trumpd,12/27/2021 20:35:30.140709,428,604,21153-SALYERSVILLE 1 (B101)
Magoffin,B101,westk,12/27/2021 20:35:30.140709,1,604,21153-SALYERSVILLE 1 (B101)
Magoffin,B102,bidenj,12/27/2021 20:35:30.140709,102,482,21153-STATE ROAD (B102)
Magoffin,B102,jorgensenj,12/27/2021 20:35:30.140709,3,482,21153-STATE ROAD (B102)
Magoffin,B102,pierceb,12/27/2021 20:35:30.140709,0,482,21153-STATE ROAD (B102)
Magoffin,B102,trumpd,12/27/2021 20:35:30.140709,376,482,21153-STATE ROAD (B102)
Magoffin,B102,westk,12/27/2021 20:35:30.140709,1,482,21153-STATE ROAD (B102)
Magoffin,B103,bidenj,12/27/2021 20:35:30.140709,19,222,21153-NEW IVYTOWN (B103)
Magoffin,B103,jorgensenj,12/27/2021 20:35:30.140709,3,222,21153-NEW IVYTOWN (B103)
Magoffin,B103,pierceb,12/27/2021 20:35:30.140709,0,222,21153-NEW IVYTOWN (B103)
Magoffin,B103,trumpd,12/27/2021 20:35:30.140709,199,222,21153-NEW IVYTOWN (B103)
Magoffin,B103,westk,12/27/2021 20:35:30.140709,1,222,21153-NEW IVYTOWN (B103)
Magoffin,B104,bidenj,12/27/2021 20:35:30.140709,77,305,21153-FLAT FORK (B104)
Magoffin,B104,jorgensenj,12/27/2021 20:35:30.140709,0,305,21153-FLAT FORK (B104)
Magoffin,B104,pierceb,12/27/2021 20:35:30.140709,0,305,21153-FLAT FORK (B104)
Magoffin,B104,trumpd,12/27/2021 20:35:30.140709,227,305,21153-FLAT FORK (B104)
Magoffin,B104,westk,12/27/2021 20:35:30.140709,1,305,21153-FLAT FORK (B104)
Magoffin,B105,bidenj,12/27/2021 20:35:30.140709,60,228,21153-BAYES (B105)
Magoffin,B105,jorgensenj,12/27/2021 20:35:30.140709,1,228,21153-BAYES (B105)
Magoffin,B105,pierceb,12/27/2021 20:35:30.140709,0,228,21153-BAYES (B105)
Magoffin,B105,trumpd,12/27/2021 20:35:30.140709,167,228,21153-BAYES (B105)
Magoffin,B105,westk,12/27/2021 20:35:30.140709,0,228,21153-BAYES (B105)
Magoffin,C101,bidenj,12/27/2021 20:35:30.140709,79,297,21153-MEADOWS (C101)
Magoffin,C101,jorgensenj,12/27/2021 20:35:30.140709,3,297,21153-MEADOWS (C101)
Magoffin,C101,pierceb,12/27/2021 20:35:30.140709,0,297,21153-MEADOWS (C101)
Magoffin,C101,trumpd,12/27/2021 20:35:30.140709,215,297,21153-MEADOWS (C101)
Magoffin,C101,westk,12/27/2021 20:35:30.140709,0,297,21153-MEADOWS (C101)
Magoffin,C102,bidenj,12/27/2021 20:35:30.140709,41,282,21153-WIREMAN (C102)
Magoffin,C102,jorgensenj,12/27/2021 20:35:30.140709,6,282,21153-WIREMAN (C102)
Magoffin,C102,pierceb,12/27/2021 20:35:30.140709,1,282,21153-WIREMAN (C102)
Magoffin,C102,trumpd,12/27/2021 20:35:30.140709,234,282,21153-WIREMAN (C102)
Magoffin,C102,westk,12/27/2021 20:35:30.140709,0,282,21153-WIREMAN (C102)
Magoffin,C103,bidenj,12/27/2021 20:35:30.140709,70,342,21153-LAKEVILLE (C103)
Magoffin,C103,jorgensenj,12/27/2021 20:35:30.140709,5,342,21153-LAKEVILLE (C103)
Magoffin,C103,pierceb,12/27/2021 20:35:30.140709,0,342,21153-LAKEVILLE (C103)
Magoffin,C103,trumpd,12/27/2021 20:35:30.140709,266,342,21153-LAKEVILLE (C103)
Magoffin,C103,westk,12/27/2021 20:35:30.140709,1,342,21153-LAKEVILLE (C103)
Magoffin,C104,bidenj,12/27/2021 20:35:30.140709,70,348,21153-ATKINSON (C104)
Magoffin,C104,jorgensenj,12/27/2021 20:35:30.140709,1,348,21153-ATKINSON (C104)
Magoffin,C104,pierceb,12/27/2021 20:35:30.140709,0,348,21153-ATKINSON (C104)
Magoffin,C104,trumpd,12/27/2021 20:35:30.140709,276,348,21153-ATKINSON (C104)
Magoffin,C104,westk,12/27/2021 20:35:30.140709,1,348,21153-ATKINSON (C104)
Magoffin,C105,bidenj,12/27/2021 20:35:30.140709,89,462,21153-BRADLEY (C105)
Magoffin,C105,jorgensenj,12/27/2021 20:35:30.140709,2,462,21153-BRADLEY (C105)
Magoffin,C105,pierceb,12/27/2021 20:35:30.140709,1,462,21153-BRADLEY (C105)
Magoffin,C105,trumpd,12/27/2021 20:35:30.140709,369,462,21153-BRADLEY (C105)
Magoffin,C105,westk,12/27/2021 20:35:30.140709,1,462,21153-BRADLEY (C105)
Magoffin,Pres,bidenj,12/27/2021 20:35:30.140709,0,0,
Magoffin,Pres,jorgensenj,12/27/2021 20:35:30.140709,0,0,
Magoffin,Pres,pierceb,12/27/2021 20:35:30.140709,0,0,
Magoffin,Pres,trumpd,12/27/2021 20:35:30.140709,0,0,
Magoffin,Pres,westk,12/27/2021 20:35:30.140709,0,0,
Martin,A101,bidenj,12/27/2021 20:35:30.140709,56,384,21159-INEZ LOWER (A101)
Martin,A101,jorgensenj,12/27/2021 20:35:30.140709,2,384,21159-INEZ LOWER (A101)
Martin,A101,pierceb,12/27/2021 20:35:30.140709,0,384,21159-INEZ LOWER (A101)
Martin,A101,trumpd,12/27/2021 20:35:30.140709,325,384,21159-INEZ LOWER (A101)
Martin,A101,westk,12/27/2021 20:35:30.140709,1,384,21159-INEZ LOWER (A101)
Martin,A102,bidenj,12/27/2021 20:35:30.140709,25,213,21159-INEZ UPPER (A102)
Martin,A102,jorgensenj,12/27/2021 20:35:30.140709,1,213,21159-INEZ UPPER (A102)
Martin,A102,pierceb,12/27/2021 20:35:30.140709,0,213,21159-INEZ UPPER (A102)
Martin,A102,trumpd,12/27/2021 20:35:30.140709,186,213,21159-INEZ UPPER (A102)
Martin,A102,westk,12/27/2021 20:35:30.140709,1,213,21159-INEZ UPPER (A102)
Martin,A103,bidenj,12/27/2021 20:35:30.140709,19,216,21159-TURKEY (A103)
Martin,A103,jorgensenj,12/27/2021 20:35:30.140709,0,216,21159-TURKEY (A103)
Martin,A103,pierceb,12/27/2021 20:35:30.140709,0,216,21159-TURKEY (A103)
Martin,A103,trumpd,12/27/2021 20:35:30.140709,195,216,21159-TURKEY (A103)
Martin,A103,westk,12/27/2021 20:35:30.140709,2,216,21159-TURKEY (A103)
Martin,B101,bidenj,12/27/2021 20:35:30.140709,15,159,21159-BLACKLOG (B101)
Martin,B101,jorgensenj,12/27/2021 20:35:30.140709,0,159,21159-BLACKLOG (B101)
Martin,B101,pierceb,12/27/2021 20:35:30.140709,1,159,21159-BLACKLOG (B101)
Martin,B101,trumpd,12/27/2021 20:35:30.140709,143,159,21159-BLACKLOG (B101)
Martin,B101,westk,12/27/2021 20:35:30.140709,0,159,21159-BLACKLOG (B101)
Martin,B102,bidenj,12/27/2021 20:35:30.140709,26,424,21159-COLDWATER (B102)
Martin,B102,jorgensenj,12/27/2021 20:35:30.140709,2,424,21159-COLDWATER (B102)
Martin,B102,pierceb,12/27/2021 20:35:30.140709,1,424,21159-COLDWATER (B102)
Martin,B102,trumpd,12/27/2021 20:35:30.140709,395,424,21159-COLDWATER (B102)
Martin,B102,westk,12/27/2021 20:35:30.140709,0,424,21159-COLDWATER (B102)
Martin,B103,bidenj,12/27/2021 20:35:30.140709,26,293,21159-JOHN DAVIS (B103)
Martin,B103,jorgensenj,12/27/2021 20:35:30.140709,1,293,21159-JOHN DAVIS (B103)
Martin,B103,pierceb,12/27/2021 20:35:30.140709,1,293,21159-JOHN DAVIS (B103)
Martin,B103,trumpd,12/27/2021 20:35:30.140709,263,293,21159-JOHN DAVIS (B103)
Martin,B103,westk,12/27/2021 20:35:30.140709,2,293,21159-JOHN DAVIS (B103)
Martin,C101,bidenj,12/27/2021 20:35:30.140709,62,512,21159-TOMAHAWK (C101)
Martin,C101,jorgensenj,12/27/2021 20:35:30.140709,5,512,21159-TOMAHAWK (C101)
Martin,C101,pierceb,12/27/2021 20:35:30.140709,1,512,21159-TOMAHAWK (C101)
Martin,C101,trumpd,12/27/2021 20:35:30.140709,444,512,21159-TOMAHAWK (C101)
Martin,C101,westk,12/27/2021 20:35:30.140709,0,512,21159-TOMAHAWK (C101)
Martin,C102,bidenj,12/27/2021 20:35:30.140709,30,303,21159-LICK BRANCH (C102)
Martin,C102,jorgensenj,12/27/2021 20:35:30.140709,1,303,21159-LICK BRANCH (C102)
Martin,C102,pierceb,12/27/2021 20:35:30.140709,0,303,21159-LICK BRANCH (C102)
Martin,C102,trumpd,12/27/2021 20:35:30.140709,271,303,21159-LICK BRANCH (C102)
Martin,C102,westk,12/27/2021 20:35:30.140709,1,303,21159-LICK BRANCH (C102)
Martin,D101,bidenj,12/27/2021 20:35:30.140709,24,200,21159-LONG BRANCH (D101)
Martin,D101,jorgensenj,12/27/2021 20:35:30.140709,1,200,21159-LONG BRANCH (D101)
Martin,D101,pierceb,12/27/2021 20:35:30.140709,0,200,21159-LONG BRANCH (D101)
Martin,D101,trumpd,12/27/2021 20:35:30.140709,175,200,21159-LONG BRANCH (D101)
Martin,D101,westk,12/27/2021 20:35:30.140709,0,200,21159-LONG BRANCH (D101)
Martin,D102,bidenj,12/27/2021 20:35:30.140709,27,239,21159-EMILY (D102)
Martin,D102,jorgensenj,12/27/2021 20:35:30.140709,2,239,21159-EMILY (D102)
Martin,D102,pierceb,12/27/2021 20:35:30.140709,1,239,21159-EMILY (D102)
Martin,D102,trumpd,12/27/2021 20:35:30.140709,209,239,21159-EMILY (D102)
Martin,D102,westk,12/27/2021 20:35:30.140709,0,239,21159-EMILY (D102)
Martin,D103,bidenj,12/27/2021 20:35:30.140709,15,265,21159-PIGEON ROOST (D103)
Martin,D103,jorgensenj,12/27/2021 20:35:30.140709,2,265,21159-PIGEON ROOST (D103)
Martin,D103,pierceb,12/27/2021 20:35:30.140709,0,265,21159-PIGEON ROOST (D103)
Martin,D103,trumpd,12/27/2021 20:35:30.140709,248,265,21159-PIGEON ROOST (D103)
Martin,D103,westk,12/27/2021 20:35:30.140709,0,265,21159-PIGEON ROOST (D103)
Martin,D104,bidenj,12/27/2021 20:35:30.140709,4,104,21159-SAM MOORE (D104)
Martin,D104,jorgensenj,12/27/2021 20:35:30.140709,0,104,21159-SAM MOORE (D104)
Martin,D104,pierceb,12/27/2021 20:35:30.140709,0,104,21159-SAM MOORE (D104)
Martin,D104,trumpd,12/27/2021 20:35:30.140709,100,104,21159-SAM MOORE (D104)
Martin,D104,westk,12/27/2021 20:35:30.140709,0,104,21159-SAM MOORE (D104)
Martin,E101,bidenj,12/27/2021 20:35:30.140709,29,229,21159-HIMLERVILLE (E101)
Martin,E101,jorgensenj,12/27/2021 20:35:30.140709,0,229,21159-HIMLERVILLE (E101)
Martin,E101,pierceb,12/27/2021 20:35:30.140709,0,229,21159-HIMLERVILLE (E101)
Martin,E101,trumpd,12/27/2021 20:35:30.140709,200,229,21159-HIMLERVILLE (E101)
Martin,E101,westk,12/27/2021 20:35:30.140709,0,229,21159-HIMLERVILLE (E101)
Martin,E102,bidenj,12/27/2021 20:35:30.140709,45,389,21159-WARFIELD (E102)
Martin,E102,jorgensenj,12/27/2021 20:35:30.140709,0,389,21159-WARFIELD (E102)
Martin,E102,pierceb,12/27/2021 20:35:30.140709,1,389,21159-WARFIELD (E102)
Martin,E102,trumpd,12/27/2021 20:35:30.140709,342,389,21159-WARFIELD (E102)
Martin,E102,westk,12/27/2021 20:35:30.140709,1,389,21159-WARFIELD (E102)
Martin,Pres,bidenj,12/27/2021 20:35:30.140709,0,0,
Martin,Pres,jorgensenj,12/27/2021 20:35:30.140709,0,0,
Martin,Pres,pierceb,12/27/2021 20:35:30.140709,0,0,
Martin,Pres,trumpd,12/27/2021 20:35:30.140709,0,0,
Martin,Pres,westk,12/27/2021 20:35:30.140709,0,0,
Menifee,A101,bidenj,12/27/2021 20:35:30.140709,93,329,21165-FRENCHBURG 1 (A101)
Menifee,A101,jorgensenj,12/27/2021 20:35:30.140709,4,329,21165-FRENCHBURG 1 (A101)
Menifee,A101,pierceb,12/27/2021 20:35:30.140709,3,329,21165-FRENCHBURG 1 (A101)
Menifee,A101,trumpd,12/27/2021 20:35:30.140709,227,329,21165-FRENCHBURG 1 (A101)
Menifee,A101,westk,12/27/2021 20:35:30.140709,2,329,21165-FRENCHBURG 1 (A101)
Menifee,A102,bidenj,12/27/2021 20:35:30.140709,55,270,21165-FRENCHBURG 2 (A102)
Menifee,A102,jorgensenj,12/27/2021 20:35:30.140709,3,270,21165-FRENCHBURG 2 (A102)
Menifee,A102,pierceb,12/27/2021 20:35:30.140709,0,270,21165-FRENCHBURG 2 (A102)
Menifee,A102,trumpd,12/27/2021 20:35:30.140709,212,270,21165-FRENCHBURG 2 (A102)
Menifee,A102,westk,12/27/2021 20:35:30.140709,0,270,21165-FRENCHBURG 2 (A102)
Menifee,B101,bidenj,12/27/2021 20:35:30.140709,217,835,21165-WELLINGTON (B101)
Menifee,B101,jorgensenj,12/27/2021 20:35:30.140709,7,835,21165-WELLINGTON (B101)
Menifee,B101,pierceb,12/27/2021 20:35:30.140709,1,835,21165-WELLINGTON (B101)
Menifee,B101,trumpd,12/27/2021 20:35:30.140709,606,835,21165-WELLINGTON (B101)
Menifee,B101,westk,12/27/2021 20:35:30.140709,4,835,21165-WELLINGTON (B101)
Menifee,C101,bidenj,12/27/2021 20:35:30.140709,110,571,21165-MEANS (C101)
Menifee,C101,jorgensenj,12/27/2021 20:35:30.140709,4,571,21165-MEANS (C101)
Menifee,C101,pierceb,12/27/2021 20:35:30.140709,0,571,21165-MEANS (C101)
Menifee,C101,trumpd,12/27/2021 20:35:30.140709,456,571,21165-MEANS (C101)
Menifee,C101,westk,12/27/2021 20:35:30.140709,1,571,21165-MEANS (C101)
Menifee,D101,bidenj,12/27/2021 20:35:30.140709,133,553,21165-POMEROYTON (D101)
Menifee,D101,jorgensenj,12/27/2021 20:35:30.140709,2,553,21165-POMEROYTON (D101)
Menifee,D101,pierceb,12/27/2021 20:35:30.140709,0,553,21165-POMEROYTON (D101)
Menifee,D101,trumpd,12/27/2021 20:35:30.140709,417,553,21165-POMEROYTON (D101)
Menifee,D101,westk,12/27/2021 20:35:30.140709,1,553,21165-POMEROYTON (D101)
Menifee,E101,bidenj,12/27/2021 20:35:30.140709,142,538,21165-MARIBA (E101)
Menifee,E101,jorgensenj,12/27/2021 20:35:30.140709,4,538,21165-MARIBA (E101)
Menifee,E101,pierceb,12/27/2021 20:35:30.140709,1,538,21165-MARIBA (E101)
Menifee,E101,trumpd,12/27/2021 20:35:30.140709,387,538,21165-MARIBA (E101)
Menifee,E101,westk,12/27/2021 20:35:30.140709,4,538,21165-MARIBA (E101)
Menifee,Pres,bidenj,12/27/2021 20:35:30.140709,0,6,
Menifee,Pres,jorgensenj,12/27/2021 20:35:30.140709,0,6,
Menifee,Pres,pierceb,12/27/2021 20:35:30.140709,0,6,
Menifee,Pres,trumpd,12/27/2021 20:35:30.140709,6,6,
Menifee,Pres,westk,12/27/2021 20:35:30.140709,0,6,
Powell,A101,bidenj,12/27/2021 20:35:30.140709,116,515,21197-VIRDEN 1 (A101)
Powell,A101,jorgensenj,12/27/2021 20:35:30.140709,3,515,21197-VIRDEN 1 (A101)
Powell,A101,pierceb,12/27/2021 20:35:30.140709,0,515,21197-VIRDEN 1 (A101)
Powell,A101,trumpd,12/27/2021 20:35:30.140709,396,515,21197-VIRDEN 1 (A101)
Powell,A101,westk,12/27/2021 20:35:30.140709,0,515,21197-VIRDEN 1 (A101)
Powell,A102,bidenj,12/27/2021 20:35:30.140709,163,664,21197-HARDWICKS CREEK 6 (A102)
Powell,A102,jorgensenj,12/27/2021 20:35:30.140709,6,664,21197-HARDWICKS CREEK 6 (A102)
Powell,A102,pierceb,12/27/2021 20:35:30.140709,2,664,21197-HARDWICKS CREEK 6 (A102)
Powell,A102,trumpd,12/27/2021 20:35:30.140709,493,664,21197-HARDWICKS CREEK 6 (A102)
Powell,A102,westk,12/27/2021 20:35:30.140709,0,664,21197-HARDWICKS CREEK 6 (A102)
Powell,B101,bidenj,12/27/2021 20:35:30.140709,79,347,21197-CLAY CITY 5 (B101)
Powell,B101,jorgensenj,12/27/2021 20:35:30.140709,4,347,21197-CLAY CITY 5 (B101)
Powell,B101,pierceb,12/27/2021 20:35:30.140709,1,347,21197-CLAY CITY 5 (B101)
Powell,B101,trumpd,12/27/2021 20:35:30.140709,261,347,21197-CLAY CITY 5 (B101)
Powell,B101,westk,12/27/2021 20:35:30.140709,2,347,21197-CLAY CITY 5 (B101)
Powell,B102,bidenj,12/27/2021 20:35:30.140709,138,702,21197-CLAY CITY 9 (B102)
Powell,B102,jorgensenj,12/27/2021 20:35:30.140709,16,702,21197-CLAY CITY 9 (B102)
Powell,B102,pierceb,12/27/2021 20:35:30.140709,2,702,21197-CLAY CITY 9 (B102)
Powell,B102,trumpd,12/27/2021 20:35:30.140709,544,702,21197-CLAY CITY 9 (B102)
Powell,B102,westk,12/27/2021 20:35:30.140709,2,702,21197-CLAY CITY 9 (B102)
Powell,C101,bidenj,12/27/2021 20:35:30.140709,119,473,21197-STANTON 02 (C101)
Powell,C101,jorgensenj,12/27/2021 20:35:30.140709,3,473,21197-STANTON 02 (C101)
Powell,C101,pierceb,12/27/2021 20:35:30.140709,1,473,21197-STANTON 02 (C101)
Powell,C101,trumpd,12/27/2021 20:35:30.140709,349,473,21197-STANTON 02 (C101)
Powell,C101,westk,12/27/2021 20:35:30.140709,1,473,21197-STANTON 02 (C101)
Powell,C102,bidenj,12/27/2021 20:35:30.140709,147,542,21197-STANTON 07 (C102)
Powell,C102,jorgensenj,12/27/2021 20:35:30.140709,9,542,21197-STANTON 07 (C102)
Powell,C102,pierceb,12/27/2021 20:35:30.140709,1,542,21197-STANTON 07 (C102)
Powell,C102,trumpd,12/27/2021 20:35:30.140709,382,542,21197-STANTON 07 (C102)
Powell,C102,westk,12/27/2021 20:35:30.140709,3,542,21197-STANTON 07 (C102)
Powell,D101,bidenj,12/27/2021 20:35:30.140709,172,598,21197-ROSSLYN 3 (D101)
Powell,D101,jorgensenj,12/27/2021 20:35:30.140709,6,598,21197-ROSSLYN 3 (D101)
Powell,D101,pierceb,12/27/2021 20:35:30.140709,0,598,21197-ROSSLYN 3 (D101)
Powell,D101,trumpd,12/27/2021 20:35:30.140709,419,598,21197-ROSSLYN 3 (D101)
Powell,D101,westk,12/27/2021 20:35:30.140709,1,598,21197-ROSSLYN 3 (D101)
Powell,D102,bidenj,12/27/2021 20:35:30.140709,80,254,21197-SOUTH FORK 4 (D102)
Powell,D102,jorgensenj,12/27/2021 20:35:30.140709,0,254,21197-SOUTH FORK 4 (D102)
Powell,D102,pierceb,12/27/2021 20:35:30.140709,1,254,21197-SOUTH FORK 4 (D102)
Powell,D102,trumpd,12/27/2021 20:35:30.140709,173,254,21197-SOUTH FORK 4 (D102)
Powell,D102,westk,12/27/2021 20:35:30.140709,0,254,21197-SOUTH FORK 4 (D102)
Powell,D103,bidenj,12/27/2021 20:35:30.140709,53,153,21197-SLADE 11 (D103)
Powell,D103,jorgensenj,12/27/2021 20:35:30.140709,2,153,21197-SLADE 11 (D103)
Powell,D103,pierceb,12/27/2021 20:35:30.140709,0,153,21197-SLADE 11 (D103)
Powell,D103,trumpd,12/27/2021 20:35:30.140709,98,153,21197-SLADE 11 (D103)
Powell,D103,westk,12/27/2021 20:35:30.140709,0,153,21197-SLADE 11 (D103)
Powell,E101,bidenj,12/27/2021 20:35:30.140709,175,683,21197-STANTON 08 (E101)
Powell,E101,jorgensenj,12/27/2021 20:35:30.140709,11,683,21197-STANTON 08 (E101)
Powell,E101,pierceb,12/27/2021 20:35:30.140709,3,683,21197-STANTON 08 (E101)
Powell,E101,trumpd,12/27/2021 20:35:30.140709,491,683,21197-STANTON 08 (E101)
Powell,E101,westk,12/27/2021 20:35:30.140709,3,683,21197-STANTON 08 (E101)
Powell,E102,bidenj,12/27/2021 20:35:30.140709,125,567,21197-FURNACE MTN 10 (E102)
Powell,E102,jorgensenj,12/27/2021 20:35:30.140709,7,567,21197-FURNACE MTN 10 (E102)
Powell,E102,pierceb,12/27/2021 20:35:30.140709,3,567,21197-FURNACE MTN 10 (E102)
Powell,E102,trumpd,12/27/2021 20:35:30.140709,428,567,21197-FURNACE MTN 10 (E102)
Powell,E102,westk,12/27/2021 20:35:30.140709,4,567,21197-FURNACE MTN 10 (E102)
Powell,Pres,bidenj,12/27/2021 20:35:30.140709,0,7,
Powell,Pres,jorgensenj,12/27/2021 20:35:30.140709,0,7,
Powell,Pres,pierceb,12/27/2021 20:35:30.140709,0,7,
Powell,Pres,trumpd,12/27/2021 20:35:30.140709,7,7,
Powell,Pres,westk,12/27/2021 20:35:30.140709,0,7,
Rockcastle,A101,bidenj,12/27/2021 20:35:30.140709,162,1117,21203-BRODHEAD N (A101)
Rockcastle,A101,jorgensenj,12/27/2021 20:35:30.140709,10,1117,21203-BRODHEAD N (A101)
Rockcastle,A101,pierceb,12/27/2021 20:35:30.140709,0,1117,21203-BRODHEAD N (A101)
Rockcastle,A101,trumpd,12/27/2021 20:35:30.140709,940,1117,21203-BRODHEAD N (A101)
Rockcastle,A101,westk,12/27/2021 20:35:30.140709,5,1117,21203-BRODHEAD N (A101)
Rockcastle,A102,bidenj,12/27/2021 20:35:30.140709,71,516,21203-MT VERNON N (A102)
Rockcastle,A102,jorgensenj,12/27/2021 20:35:30.140709,1,516,21203-MT VERNON N (A102)
Rockcastle,A102,pierceb,12/27/2021 20:35:30.140709,0,516,21203-MT VERNON N (A102)
Rockcastle,A102,trumpd,12/27/2021 20:35:30.140709,442,516,21203-MT VERNON N (A102)
Rockcastle,A102,westk,12/27/2021 20:35:30.140709,2,516,21203-MT VERNON N (A102)
Rockcastle,B101,bidenj,12/27/2021 20:35:30.140709,69,517,21203-MT VERNON S (B101)
Rockcastle,B101,jorgensenj,12/27/2021 20:35:30.140709,4,517,21203-MT VERNON S (B101)
Rockcastle,B101,pierceb,12/27/2021 20:35:30.140709,0,517,21203-MT VERNON S (B101)
Rockcastle,B101,trumpd,12/27/2021 20:35:30.140709,441,517,21203-MT VERNON S (B101)
Rockcastle,B101,westk,12/27/2021 20:35:30.140709,3,517,21203-MT VERNON S (B101)
Rockcastle,B102,bidenj,12/27/2021 20:35:30.140709,125,786,21203-WEST MT VERNON (B102)
Rockcastle,B102,jorgensenj,12/27/2021 20:35:30.140709,3,786,21203-WEST MT VERNON (B102)
Rockcastle,B102,pierceb,12/27/2021 20:35:30.140709,0,786,21203-WEST MT VERNON (B102)
Rockcastle,B102,trumpd,12/27/2021 20:35:30.140709,658,786,21203-WEST MT VERNON (B102)
Rockcastle,B102,westk,12/27/2021 20:35:30.140709,0,786,21203-WEST MT VERNON (B102)
Rockcastle,C101,bidenj,12/27/2021 20:35:30.140709,94,849,21203-BROWN (C101)
Rockcastle,C101,jorgensenj,12/27/2021 20:35:30.140709,0,849,21203-BROWN (C101)
Rockcastle,C101,pierceb,12/27/2021 20:35:30.140709,3,849,21203-BROWN (C101)
Rockcastle,C101,trumpd,12/27/2021 20:35:30.140709,752,849,21203-BROWN (C101)
Rockcastle,C101,westk,12/27/2021 20:35:30.140709,0,849,21203-BROWN (C101)
Rockcastle,C102,bidenj,12/27/2021 20:35:30.140709,99,733,21203-BRODHEAD W (C102)
Rockcastle,C102,jorgensenj,12/27/2021 20:35:30.140709,5,733,21203-BRODHEAD W (C102)
Rockcastle,C102,pierceb,12/27/2021 20:35:30.140709,0,733,21203-BRODHEAD W (C102)
Rockcastle,C102,trumpd,12/27/2021 20:35:30.140709,629,733,21203-BRODHEAD W (C102)
Rockcastle,C102,westk,12/27/2021 20:35:30.140709,0,733,21203-BRODHEAD W (C102)
Rockcastle,C103,bidenj,12/27/2021 20:35:30.140709,11,200,21203-BULLOCK (C103)
Rockcastle,C103,jorgensenj,12/27/2021 20:35:30.140709,3,200,21203-BULLOCK (C103)
Rockcastle,C103,pierceb,12/27/2021 20:35:30.140709,0,200,21203-BULLOCK (C103)
Rockcastle,C103,trumpd,12/27/2021 20:35:30.140709,185,200,21203-BULLOCK (C103)
Rockcastle,C103,westk,12/27/2021 20:35:30.140709,1,200,21203-BULLOCK (C103)
Rockcastle,D101,bidenj,12/27/2021 20:35:30.140709,149,910,21203-CONWAY (D101)
Rockcastle,D101,jorgensenj,12/27/2021 20:35:30.140709,11,910,21203-CONWAY (D101)
Rockcastle,D101,pierceb,12/27/2021 20:35:30.140709,0,910,21203-CONWAY (D101)
Rockcastle,D101,trumpd,12/27/2021 20:35:30.140709,750,910,21203-CONWAY (D101)
Rockcastle,D101,westk,12/27/2021 20:35:30.140709,0,910,21203-CONWAY (D101)
Rockcastle,D102,bidenj,12/27/2021 20:35:30.140709,84,475,21203-ROUNDSTONE (D102)
Rockcastle,D102,jorgensenj,12/27/2021 20:35:30.140709,3,475,21203-ROUNDSTONE (D102)
Rockcastle,D102,pierceb,12/27/2021 20:35:30.140709,0,475,21203-ROUNDSTONE (D102)
Rockcastle,D102,trumpd,12/27/2021 20:35:30.140709,388,475,21203-ROUNDSTONE (D102)
Rockcastle,D102,westk,12/27/2021 20:35:30.140709,0,475,21203-ROUNDSTONE (D102)
Rockcastle,D103,bidenj,12/27/2021 20:35:30.140709,46,154,21203-CLIMAX (D103)
Rockcastle,D103,jorgensenj,12/27/2021 20:35:30.140709,2,154,21203-CLIMAX (D103)
Rockcastle,D103,pierceb,12/27/2021 20:35:30.140709,0,154,21203-CLIMAX (D103)
Rockcastle,D103,trumpd,12/27/2021 20:35:30.140709,106,154,21203-CLIMAX (D103)
Rockcastle,D103,westk,12/27/2021 20:35:30.140709,0,154,21203-CLIMAX (D103)
Rockcastle,E101,bidenj,12/27/2021 20:35:30.140709,77,510,21203-MT VERNON E (E101)
Rockcastle,E101,jorgensenj,12/27/2021 20:35:30.140709,6,510,21203-MT VERNON E (E101)
Rockcastle,E101,pierceb,12/27/2021 20:35:30.140709,0,510,21203-MT VERNON E (E101)
Rockcastle,E101,trumpd,12/27/2021 20:35:30.140709,426,510,21203-MT VERNON E (E101)
Rockcastle,E101,westk,12/27/2021 20:35:30.140709,1,510,21203-MT VERNON E (E101)
Rockcastle,E102,bidenj,12/27/2021 20:35:30.140709,39,420,21203-ORLANDO (E102)
Rockcastle,E102,jorgensenj,12/27/2021 20:35:30.140709,2,420,21203-ORLANDO (E102)
Rockcastle,E102,pierceb,12/27/2021 20:35:30.140709,0,420,21203-ORLANDO (E102)
Rockcastle,E102,trumpd,12/27/2021 20:35:30.140709,378,420,21203-ORLANDO (E102)
Rockcastle,E102,westk,12/27/2021 20:35:30.140709,1,420,21203-ORLANDO (E102)
Rockcastle,E103,bidenj,12/27/2021 20:35:30.140709,44,290,21203-LIVINGSTON E (E103)
Rockcastle,E103,jorgensenj,12/27/2021 20:35:30.140709,3,290,21203-LIVINGSTON E (E103)
Rockcastle,E103,pierceb,12/27/2021 20:35:30.140709,0,290,21203-LIVINGSTON E (E103)
Rockcastle,E103,trumpd,12/27/2021 20:35:30.140709,243,290,21203-LIVINGSTON E (E103)
Rockcastle,E103,westk,12/27/2021 20:35:30.140709,0,290,21203-LIVINGSTON E (E103)
Rockcastle,E104,bidenj,12/27/2021 20:35:30.140709,24,109,21203-WILDIE (E104)
Rockcastle,E104,jorgensenj,12/27/2021 20:35:30.140709,2,109,21203-WILDIE (E104)
Rockcastle,E104,pierceb,12/27/2021 20:35:30.140709,0,109,21203-WILDIE (E104)
Rockcastle,E104,trumpd,12/27/2021 20:35:30.140709,83,109,21203-WILDIE (E104)
Rockcastle,E104,westk,12/27/2021 20:35:30.140709,0,109,21203-WILDIE (E104)
Rockcastle,E105,bidenj,12/27/2021 20:35:30.140709,40,197,21203-WEST LIVINGSTON (E105)
Rockcastle,E105,jorgensenj,12/27/2021 20:35:30.140709,1,197,21203-WEST LIVINGSTON (E105)
Rockcastle,E105,pierceb,12/27/2021 20:35:30.140709,0,197,21203-WEST LIVINGSTON (E105)
Rockcastle,E105,trumpd,12/27/2021 20:35:30.140709,156,197,21203-WEST LIVINGSTON (E105)
Rockcastle,E105,westk,12/27/2021 20:35:30.140709,0,197,21203-WEST LIVINGSTON (E105)
Rockcastle,Pres,bidenj,12/27/2021 20:35:30.140709,0,0,
Rockcastle,Pres,jorgensenj,12/27/2021 20:35:30.140709,0,0,
Rockcastle,Pres,pierceb,12/27/2021 20:35:30.140709,0,0,
Rockcastle,Pres,trumpd,12/27/2021 20:35:30.140709,0,0,
Rockcastle,Pres,westk,12/27/2021 20:35:30.140709,0,0,
Floyd,A101,bidenj,12/28/2021 09:07:33.312224,130,381,21071-COURT HOUSE/TRIMBLE BR (A101)
Floyd,A101,jorgensenj,12/28/2021 09:07:33.312224,4,381,21071-COURT HOUSE/TRIMBLE BR (A101)
Floyd,A101,pierceb,12/28/2021 09:07:33.312224,0,381,21071-COURT HOUSE/TRIMBLE BR (A101)
Floyd,A101,trumpd,12/28/2021 09:07:33.312224,246,381,21071-COURT HOUSE/TRIMBLE BR (A101)
Floyd,A101,westk,12/28/2021 09:07:33.312224,1,381,21071-COURT HOUSE/TRIMBLE BR (A101)
Floyd,A102,bidenj,12/28/2021 09:07:33.312224,9,76,21071-ENDICOTT/BUFFALO (A102)
Floyd,A102,jorgensenj,12/28/2021 09:07:33.312224,0,76,21071-ENDICOTT/BUFFALO (A102)
Floyd,A102,pierceb,12/28/2021 09:07:33.312224,0,76,21071-ENDICOTT/BUFFALO (A102)
Floyd,A102,trumpd,12/28/2021 09:07:33.312224,66,76,21071-ENDICOTT/BUFFALO (A102)
Floyd,A102,westk,12/28/2021 09:07:33.312224,1,76,21071-ENDICOTT/BUFFALO (A102)
Floyd,A103,bidenj,12/28/2021 09:07:33.312224,66,412,21071-DEPOT (A103)
Floyd,A103,jorgensenj,12/28/2021 09:07:33.312224,3,412,21071-DEPOT (A103)
Floyd,A103,pierceb,12/28/2021 09:07:33.312224,0,412,21071-DEPOT (A103)
Floyd,A103,trumpd,12/28/2021 09:07:33.312224,341,412,21071-DEPOT (A103)
Floyd,A103,westk,12/28/2021 09:07:33.312224,2,412,21071-DEPOT (A103)
Floyd,A104,bidenj,12/28/2021 09:07:33.312224,66,216,21071-RICHMOND (A104)
Floyd,A104,jorgensenj,12/28/2021 09:07:33.312224,4,216,21071-RICHMOND (A104)
Floyd,A104,pierceb,12/28/2021 09:07:33.312224,0,216,21071-RICHMOND (A104)
Floyd,A104,trumpd,12/28/2021 09:07:33.312224,146,216,21071-RICHMOND (A104)
Floyd,A104,westk,12/28/2021 09:07:33.312224,0,216,21071-RICHMOND (A104)
Floyd,A105,bidenj,12/28/2021 09:07:33.312224,155,561,21071-NORTH PRESTONBURG (A105)
Floyd,A105,jorgensenj,12/28/2021 09:07:33.312224,1,561,21071-NORTH PRESTONBURG (A105)
Floyd,A105,pierceb,12/28/2021 09:07:33.312224,0,561,21071-NORTH PRESTONBURG (A105)
Floyd,A105,trumpd,12/28/2021 09:07:33.312224,400,561,21071-NORTH PRESTONBURG (A105)
Floyd,A105,westk,12/28/2021 09:07:33.312224,5,561,21071-NORTH PRESTONBURG (A105)
Floyd,A106,bidenj,12/28/2021 09:07:33.312224,153,569,21071-PORTER (A106)
Floyd,A106,jorgensenj,12/28/2021 09:07:33.312224,3,569,21071-PORTER (A106)
Floyd,A106,pierceb,12/28/2021 09:07:33.312224,1,569,21071-PORTER (A106)
Floyd,A106,trumpd,12/28/2021 09:07:33.312224,409,569,21071-PORTER (A106)
Floyd,A106,westk,12/28/2021 09:07:33.312224,3,569,21071-PORTER (A106)
Floyd,A107,bidenj,12/28/2021 09:07:33.312224,128,476,21071-AUXIER (A107)
Floyd,A107,jorgensenj,12/28/2021 09:07:33.312224,5,476,21071-AUXIER (A107)
Floyd,A107,pierceb,12/28/2021 09:07:33.312224,1,476,21071-AUXIER (A107)
Floyd,A107,trumpd,12/28/2021 09:07:33.312224,337,476,21071-AUXIER (A107)
Floyd,A107,westk,12/28/2021 09:07:33.312224,5,476,21071-AUXIER (A107)
Floyd,A109,bidenj,12/28/2021 09:07:33.312224,107,579,21071-COW CREEK (A109)
Floyd,A109,jorgensenj,12/28/2021 09:07:33.312224,5,579,21071-COW CREEK (A109)
Floyd,A109,pierceb,12/28/2021 09:07:33.312224,1,579,21071-COW CREEK (A109)
Floyd,A109,trumpd,12/28/2021 09:07:33.312224,465,579,21071-COW CREEK (A109)
Floyd,A109,westk,12/28/2021 09:07:33.312224,1,579,21071-COW CREEK (A109)
Floyd,A110,bidenj,12/28/2021 09:07:33.312224,105,369,21071-ALLEN-DWALE (A110)
Floyd,A110,jorgensenj,12/28/2021 09:07:33.312224,5,369,21071-ALLEN-DWALE (A110)
Floyd,A110,pierceb,12/28/2021 09:07:33.312224,1,369,21071-ALLEN-DWALE (A110)
Floyd,A110,trumpd,12/28/2021 09:07:33.312224,256,369,21071-ALLEN-DWALE (A110)
Floyd,A110,westk,12/28/2021 09:07:33.312224,2,369,21071-ALLEN-DWALE (A110)
Floyd,A111,bidenj,12/28/2021 09:07:33.312224,142,505,21071-JIM BANKS (A111)
Floyd,A111,jorgensenj,12/28/2021 09:07:33.312224,2,505,21071-JIM BANKS (A111)
Floyd,A111,pierceb,12/28/2021 09:07:33.312224,0,505,21071-JIM BANKS (A111)
Floyd,A111,trumpd,12/28/2021 09:07:33.312224,359,505,21071-JIM BANKS (A111)
Floyd,A111,westk,12/28/2021 09:07:33.312224,2,505,21071-JIM BANKS (A111)
Floyd,A113,bidenj,12/28/2021 09:07:33.312224,89,542,21071-ABBOTT (A113)
Floyd,A113,jorgensenj,12/28/2021 09:07:33.312224,9,542,21071-ABBOTT (A113)
Floyd,A113,pierceb,12/28/2021 09:07:33.312224,2,542,21071-ABBOTT (A113)
Floyd,A113,trumpd,12/28/2021 09:07:33.312224,442,542,21071-ABBOTT (A113)
Floyd,A113,westk,12/28/2021 09:07:33.312224,0,542,21071-ABBOTT (A113)
Floyd,A116,bidenj,12/28/2021 09:07:33.312224,130,671,21071-CLIFF (A116)
Floyd,A116,jorgensenj,12/28/2021 09:07:33.312224,8,671,21071-CLIFF (A116)
Floyd,A116,pierceb,12/28/2021 09:07:33.312224,0,671,21071-CLIFF (A116)
Floyd,A116,trumpd,12/28/2021 09:07:33.312224,530,671,21071-CLIFF (A116)
Floyd,A116,westk,12/28/2021 09:07:33.312224,3,671,21071-CLIFF (A116)
Floyd,B101,bidenj,12/28/2021 09:07:33.312224,77,285,21071-JOHN POSSUM (B101)
Floyd,B101,jorgensenj,12/28/2021 09:07:33.312224,3,285,21071-JOHN POSSUM (B101)
Floyd,B101,pierceb,12/28/2021 09:07:33.312224,1,285,21071-JOHN POSSUM (B101)
Floyd,B101,trumpd,12/28/2021 09:07:33.312224,203,285,21071-JOHN POSSUM (B101)
Floyd,B101,westk,12/28/2021 09:07:33.312224,1,285,21071-JOHN POSSUM (B101)
Floyd,B102,bidenj,12/28/2021 09:07:33.312224,139,554,21071-MAYTOWN (B102)
Floyd,B102,jorgensenj,12/28/2021 09:07:33.312224,2,554,21071-MAYTOWN (B102)
Floyd,B102,pierceb,12/28/2021 09:07:33.312224,2,554,21071-MAYTOWN (B102)
Floyd,B102,trumpd,12/28/2021 09:07:33.312224,410,554,21071-MAYTOWN (B102)
Floyd,B102,westk,12/28/2021 09:07:33.312224,1,554,21071-MAYTOWN (B102)
Floyd,B103,bidenj,12/28/2021 09:07:33.312224,88,366,21071-BOSCO (B103)
Floyd,B103,jorgensenj,12/28/2021 09:07:33.312224,3,366,21071-BOSCO (B103)
Floyd,B103,pierceb,12/28/2021 09:07:33.312224,0,366,21071-BOSCO (B103)
Floyd,B103,trumpd,12/28/2021 09:07:33.312224,273,366,21071-BOSCO (B103)
Floyd,B103,westk,12/28/2021 09:07:33.312224,2,366,21071-BOSCO (B103)
Floyd,B104,bidenj,12/28/2021 09:07:33.312224,84,354,21071-GARRETT/ROCK FORK (B104)
Floyd,B104,jorgensenj,12/28/2021 09:07:33.312224,0,354,21071-GARRETT/ROCK FORK (B104)
Floyd,B104,pierceb,12/28/2021 09:07:33.312224,0,354,21071-GARRETT/ROCK FORK (B104)
Floyd,B104,trumpd,12/28/2021 09:07:33.312224,270,354,21071-GARRETT/ROCK FORK (B104)
Floyd,B104,westk,12/28/2021 09:07:33.312224,0,354,21071-GARRETT/ROCK FORK (B104)
Floyd,B105,bidenj,12/28/2021 09:07:33.312224,101,353,21071-LACKEY/WAYLAND (B105)
Floyd,B105,jorgensenj,12/28/2021 09:07:33.312224,0,353,21071-LACKEY/WAYLAND (B105)
Floyd,B105,pierceb,12/28/2021 09:07:33.312224,0,353,21071-LACKEY/WAYLAND (B105)
Floyd,B105,trumpd,12/28/2021 09:07:33.312224,249,353,21071-LACKEY/WAYLAND (B105)
Floyd,B105,westk,12/28/2021 09:07:33.312224,3,353,21071-LACKEY/WAYLAND (B105)
Floyd,B106,bidenj,12/28/2021 09:07:33.312224,111,557,21071-MIDDLE CREEK/JACK ALLEN (B106)
Floyd,B106,jorgensenj,12/28/2021 09:07:33.312224,4,557,21071-MIDDLE CREEK/JACK ALLEN (B106)
Floyd,B106,pierceb,12/28/2021 09:07:33.312224,1,557,21071-MIDDLE CREEK/JACK ALLEN (B106)
Floyd,B106,trumpd,12/28/2021 09:07:33.312224,439,557,21071-MIDDLE CREEK/JACK ALLEN (B106)
Floyd,B106,westk,12/28/2021 09:07:33.312224,2,557,21071-MIDDLE CREEK/JACK ALLEN (B106)
Floyd,B108,bidenj,12/28/2021 09:07:33.312224,73,387,21071-BEECH GROVE (B108)
Floyd,B108,jorgensenj,12/28/2021 09:07:33.312224,2,387,21071-BEECH GROVE (B108)
Floyd,B108,pierceb,12/28/2021 09:07:33.312224,0,387,21071-BEECH GROVE (B108)
Floyd,B108,trumpd,12/28/2021 09:07:33.312224,311,387,21071-BEECH GROVE (B108)
Floyd,B108,westk,12/28/2021 09:07:33.312224,1,387,21071-BEECH GROVE (B108)
Floyd,B109,bidenj,12/28/2021 09:07:33.312224,31,181,21071-MOUTH OF BEAVER (B109)
Floyd,B109,jorgensenj,12/28/2021 09:07:33.312224,0,181,21071-MOUTH OF BEAVER (B109)
Floyd,B109,pierceb,12/28/2021 09:07:33.312224,1,181,21071-MOUTH OF BEAVER (B109)
Floyd,B109,trumpd,12/28/2021 09:07:33.312224,148,181,21071-MOUTH OF BEAVER (B109)
Floyd,B109,westk,12/28/2021 09:07:33.312224,1,181,21071-MOUTH OF BEAVER (B109)
Floyd,B112,bidenj,12/28/2021 09:07:33.312224,95,480,21071-ROUGH & TOUGH (B112)
Floyd,B112,jorgensenj,12/28/2021 09:07:33.312224,1,480,21071-ROUGH & TOUGH (B112)
Floyd,B112,pierceb,12/28/2021 09:07:33.312224,0,480,21071-ROUGH & TOUGH (B112)
Floyd,B112,trumpd,12/28/2021 09:07:33.312224,381,480,21071-ROUGH & TOUGH (B112)
Floyd,B112,westk,12/28/2021 09:07:33.312224,3,480,21071-ROUGH & TOUGH (B112)
Floyd,C101,bidenj,12/28/2021 09:07:33.312224,104,382,21071-MARTIN (C101)
Floyd,C101,jorgensenj,12/28/2021 09:07:33.312224,2,382,21071-MARTIN (C101)
Floyd,C101,pierceb,12/28/2021 09:07:33.312224,3,382,21071-MARTIN (C101)
Floyd,C101,trumpd,12/28/2021 09:07:33.312224,270,382,21071-MARTIN (C101)
Floyd,C101,westk,12/28/2021 09:07:33.312224,3,382,21071-MARTIN (C101)
Floyd,C102,bidenj,12/28/2021 09:07:33.312224,91,300,21071-HALBERT (C102)
Floyd,C102,jorgensenj,12/28/2021 09:07:33.312224,2,300,21071-HALBERT (C102)
Floyd,C102,pierceb,12/28/2021 09:07:33.312224,1,300,21071-HALBERT (C102)
Floyd,C102,trumpd,12/28/2021 09:07:33.312224,205,300,21071-HALBERT (C102)
Floyd,C102,westk,12/28/2021 09:07:33.312224,1,300,21071-HALBERT (C102)
Floyd,C103,bidenj,12/28/2021 09:07:33.312224,110,394,21071-DRIFT (C103)
Floyd,C103,jorgensenj,12/28/2021 09:07:33.312224,3,394,21071-DRIFT (C103)
Floyd,C103,pierceb,12/28/2021 09:07:33.312224,1,394,21071-DRIFT (C103)
Floyd,C103,trumpd,12/28/2021 09:07:33.312224,279,394,21071-DRIFT (C103)
Floyd,C103,westk,12/28/2021 09:07:33.312224,1,394,21071-DRIFT (C103)
Floyd,C104,bidenj,12/28/2021 09:07:33.312224,173,527,21071-JOHN ANT/FRASURES CREEK (C104)
Floyd,C104,jorgensenj,12/28/2021 09:07:33.312224,3,527,21071-JOHN ANT/FRASURES CREEK (C104)
Floyd,C104,pierceb,12/28/2021 09:07:33.312224,4,527,21071-JOHN ANT/FRASURES CREEK (C104)
Floyd,C104,trumpd,12/28/2021 09:07:33.312224,345,527,21071-JOHN ANT/FRASURES CREEK (C104)
Floyd,C104,westk,12/28/2021 09:07:33.312224,2,527,21071-JOHN ANT/FRASURES CREEK (C104)
Floyd,C105,bidenj,12/28/2021 09:07:33.312224,21,118,21071-GEARHEART (C105)
Floyd,C105,jorgensenj,12/28/2021 09:07:33.312224,1,118,21071-GEARHEART (C105)
Floyd,C105,pierceb,12/28/2021 09:07:33.312224,0,118,21071-GEARHEART (C105)
Floyd,C105,trumpd,12/28/2021 09:07:33.312224,96,118,21071-GEARHEART (C105)
Floyd,C105,westk,12/28/2021 09:07:33.312224,0,118,21071-GEARHEART (C105)
Floyd,C106,bidenj,12/28/2021 09:07:33.312224,89,321,21071-CLEAR CREEK (C106)
Floyd,C106,jorgensenj,12/28/2021 09:07:33.312224,1,321,21071-CLEAR CREEK (C106)
Floyd,C106,pierceb,12/28/2021 09:07:33.312224,0,321,21071-CLEAR CREEK (C106)
Floyd,C106,trumpd,12/28/2021 09:07:33.312224,230,321,21071-CLEAR CREEK (C106)
Floyd,C106,westk,12/28/2021 09:07:33.312224,1,321,21071-CLEAR CREEK (C106)
Floyd,C107,bidenj,12/28/2021 09:07:33.312224,74,299,21071-JACKS CREEK (C107)
Floyd,C107,jorgensenj,12/28/2021 09:07:33.312224,3,299,21071-JACKS CREEK (C107)
Floyd,C107,pierceb,12/28/2021 09:07:33.312224,0,299,21071-JACKS CREEK (C107)
Floyd,C107,trumpd,12/28/2021 09:07:33.312224,221,299,21071-JACKS CREEK (C107)
Floyd,C107,westk,12/28/2021 09:07:33.312224,1,299,21071-JACKS CREEK (C107)
Floyd,C108,bidenj,12/28/2021 09:07:33.312224,116,370,21071-LEE HALL (C108)
Floyd,C108,jorgensenj,12/28/2021 09:07:33.312224,3,370,21071-LEE HALL (C108)
Floyd,C108,pierceb,12/28/2021 09:07:33.312224,1,370,21071-LEE HALL (C108)
Floyd,C108,trumpd,12/28/2021 09:07:33.312224,245,370,21071-LEE HALL (C108)
Floyd,C108,westk,12/28/2021 09:07:33.312224,5,370,21071-LEE HALL (C108)
Floyd,C109,bidenj,12/28/2021 09:07:33.312224,88,327,21071-MELVIN (C109)
Floyd,C109,jorgensenj,12/28/2021 09:07:33.312224,2,327,21071-MELVIN (C109)
Floyd,C109,pierceb,12/28/2021 09:07:33.312224,1,327,21071-MELVIN (C109)
Floyd,C109,trumpd,12/28/2021 09:07:33.312224,236,327,21071-MELVIN (C109)
Floyd,C109,westk,12/28/2021 09:07:33.312224,0,327,21071-MELVIN (C109)
Floyd,C110,bidenj,12/28/2021 09:07:33.312224,62,232,21071-WEEKSBURY (C110)
Floyd,C110,jorgensenj,12/28/2021 09:07:33.312224,1,232,21071-WEEKSBURY (C110)
Floyd,C110,pierceb,12/28/2021 09:07:33.312224,0,232,21071-WEEKSBURY (C110)
Floyd,C110,trumpd,12/28/2021 09:07:33.312224,169,232,21071-WEEKSBURY (C110)
Floyd,C110,westk,12/28/2021 09:07:33.312224,0,232,21071-WEEKSBURY (C110)
Floyd,C111,bidenj,12/28/2021 09:07:33.312224,48,244,21071-ARKANSAS (C111)
Floyd,C111,jorgensenj,12/28/2021 09:07:33.312224,0,244,21071-ARKANSAS (C111)
Floyd,C111,pierceb,12/28/2021 09:07:33.312224,1,244,21071-ARKANSAS (C111)
Floyd,C111,trumpd,12/28/2021 09:07:33.312224,193,244,21071-ARKANSAS (C111)
Floyd,C111,westk,12/28/2021 09:07:33.312224,2,244,21071-ARKANSAS (C111)
Floyd,D101,bidenj,12/28/2021 09:07:33.312224,71,284,21071-ANTIOCH (D101)
Floyd,D101,jorgensenj,12/28/2021 09:07:33.312224,5,284,21071-ANTIOCH (D101)
Floyd,D101,pierceb,12/28/2021 09:07:33.312224,2,284,21071-ANTIOCH (D101)
Floyd,D101,trumpd,12/28/2021 09:07:33.312224,206,284,21071-ANTIOCH (D101)
Floyd,D101,westk,12/28/2021 09:07:33.312224,0,284,21071-ANTIOCH (D101)
Floyd,D102,bidenj,12/28/2021 09:07:33.312224,81,463,21071-TICKEY (D102)
Floyd,D102,jorgensenj,12/28/2021 09:07:33.312224,2,463,21071-TICKEY (D102)
Floyd,D102,pierceb,12/28/2021 09:07:33.312224,1,463,21071-TICKEY (D102)
Floyd,D102,trumpd,12/28/2021 09:07:33.312224,375,463,21071-TICKEY (D102)
Floyd,D102,westk,12/28/2021 09:07:33.312224,4,463,21071-TICKEY (D102)
Floyd,D103,bidenj,12/28/2021 09:07:33.312224,88,331,21071-TOLER (D103)
Floyd,D103,jorgensenj,12/28/2021 09:07:33.312224,3,331,21071-TOLER (D103)
Floyd,D103,pierceb,12/28/2021 09:07:33.312224,2,331,21071-TOLER (D103)
Floyd,D103,trumpd,12/28/2021 09:07:33.312224,236,331,21071-TOLER (D103)
Floyd,D103,westk,12/28/2021 09:07:33.312224,2,331,21071-TOLER (D103)
Floyd,D104,bidenj,12/28/2021 09:07:33.312224,100,526,21071-MOUTH OF MUD (D104)
Floyd,D104,jorgensenj,12/28/2021 09:07:33.312224,7,526,21071-MOUTH OF MUD (D104)
Floyd,D104,pierceb,12/28/2021 09:07:33.312224,1,526,21071-MOUTH OF MUD (D104)
Floyd,D104,trumpd,12/28/2021 09:07:33.312224,417,526,21071-MOUTH OF MUD (D104)
Floyd,D104,westk,12/28/2021 09:07:33.312224,1,526,21071-MOUTH OF MUD (D104)
Floyd,D105,bidenj,12/28/2021 09:07:33.312224,51,260,21071-LITTLE MUD (D105)
Floyd,D105,jorgensenj,12/28/2021 09:07:33.312224,0,260,21071-LITTLE MUD (D105)
Floyd,D105,pierceb,12/28/2021 09:07:33.312224,0,260,21071-LITTLE MUD (D105)
Floyd,D105,trumpd,12/28/2021 09:07:33.312224,208,260,21071-LITTLE MUD (D105)
Floyd,D105,westk,12/28/2021 09:07:33.312224,1,260,21071-LITTLE MUD (D105)
Floyd,D106,bidenj,12/28/2021 09:07:33.312224,104,492,21071-IVEL (D106)
Floyd,D106,jorgensenj,12/28/2021 09:07:33.312224,3,492,21071-IVEL (D106)
Floyd,D106,pierceb,12/28/2021 09:07:33.312224,3,492,21071-IVEL (D106)
Floyd,D106,trumpd,12/28/2021 09:07:33.312224,381,492,21071-IVEL (D106)
Floyd,D106,westk,12/28/2021 09:07:33.312224,1,492,21071-IVEL (D106)
Floyd,D107,bidenj,12/28/2021 09:07:33.312224,140,594,21071-BETSY LAYNE (D107)
Floyd,D107,jorgensenj,12/28/2021 09:07:33.312224,1,594,21071-BETSY LAYNE (D107)
Floyd,D107,pierceb,12/28/2021 09:07:33.312224,4,594,21071-BETSY LAYNE (D107)
Floyd,D107,trumpd,12/28/2021 09:07:33.312224,449,594,21071-BETSY LAYNE (D107)
Floyd,D107,westk,12/28/2021 09:07:33.312224,0,594,21071-BETSY LAYNE (D107)
Floyd,D108,bidenj,12/28/2021 09:07:33.312224,116,677,21071-PRATER CREEK (D108)
Floyd,D108,jorgensenj,12/28/2021 09:07:33.312224,2,677,21071-PRATER CREEK (D108)
Floyd,D108,pierceb,12/28/2021 09:07:33.312224,0,677,21071-PRATER CREEK (D108)
Floyd,D108,trumpd,12/28/2021 09:07:33.312224,557,677,21071-PRATER CREEK (D108)
Floyd,D108,westk,12/28/2021 09:07:33.312224,2,677,21071-PRATER CREEK (D108)
Floyd,D109,bidenj,12/28/2021 09:07:33.312224,34,168,21071-BRANHAMS CREEK (D109)
Floyd,D109,jorgensenj,12/28/2021 09:07:33.312224,1,168,21071-BRANHAMS CREEK (D109)
Floyd,D109,pierceb,12/28/2021 09:07:33.312224,0,168,21071-BRANHAMS CREEK (D109)
Floyd,D109,trumpd,12/28/2021 09:07:33.312224,133,168,21071-BRANHAMS CREEK (D109)
Floyd,D109,westk,12/28/2021 09:07:33.312224,0,168,21071-BRANHAMS CREEK (D109)
Floyd,D110,bidenj,12/28/2021 09:07:33.312224,44,166,21071-HEAD OF MUD (D110)
Floyd,D110,jorgensenj,12/28/2021 09:07:33.312224,2,166,21071-HEAD OF MUD (D110)
Floyd,D110,pierceb,12/28/2021 09:07:33.312224,1,166,21071-HEAD OF MUD (D110)
Floyd,D110,trumpd,12/28/2021 09:07:33.312224,116,166,21071-HEAD OF MUD (D110)
Floyd,D110,westk,12/28/2021 09:07:33.312224,3,166,21071-HEAD OF MUD (D110)
Floyd,Pres,bidenj,12/28/2021 09:07:33.312224,0,2,
Floyd,Pres,jorgensenj,12/28/2021 09:07:33.312224,0,2,
Floyd,Pres,pierceb,12/28/2021 09:07:33.312224,0,2,
Floyd,Pres,trumpd,12/28/2021 09:07:33.312224,2,2,
Floyd,Pres,westk,12/28/2021 09:07:33.312224,0,2,
Jefferson,A105,bidenj,12/28/2021 09:07:33.312224,705,1264,21111-28-PRECINCT 105 28 DISTRICT (A105)
Jefferson,A105,jorgensenj,12/28/2021 09:07:33.312224,20,1264,21111-28-PRECINCT 105 28 DISTRICT (A105)
Jefferson,A105,pierceb,12/28/2021 09:07:33.312224,3,1264,21111-28-PRECINCT 105 28 DISTRICT (A105)
Jefferson,A105,trumpd,12/28/2021 09:07:33.312224,534,1264,21111-28-PRECINCT 105 28 DISTRICT (A105)
Jefferson,A105,westk,12/28/2021 09:07:33.312224,2,1264,21111-28-PRECINCT 105 28 DISTRICT (A105)
Jefferson,A107,bidenj,12/28/2021 09:07:33.312224,317,616,21111-28-PRECINCT 107 28 DISTRICT (A107)
Jefferson,A107,jorgensenj,12/28/2021 09:07:33.312224,11,616,21111-28-PRECINCT 107 28 DISTRICT (A107)
Jefferson,A107,pierceb,12/28/2021 09:07:33.312224,1,616,21111-28-PRECINCT 107 28 DISTRICT (A107)
Jefferson,A107,trumpd,12/28/2021 09:07:33.312224,283,616,21111-28-PRECINCT 107 28 DISTRICT (A107)
Jefferson,A107,westk,12/28/2021 09:07:33.312224,4,616,21111-28-PRECINCT 107 28 DISTRICT (A107)
Jefferson,A108,bidenj,12/28/2021 09:07:33.312224,437,959,21111-28-PRECINCT 108 28 DISTRICT (A108)
Jefferson,A108,jorgensenj,12/28/2021 09:07:33.312224,7,959,21111-28-PRECINCT 108 28 DISTRICT (A108)
Jefferson,A108,pierceb,12/28/2021 09:07:33.312224,2,959,21111-28-PRECINCT 108 28 DISTRICT (A108)
Jefferson,A108,trumpd,12/28/2021 09:07:33.312224,508,959,21111-28-PRECINCT 108 28 DISTRICT (A108)
Jefferson,A108,westk,12/28/2021 09:07:33.312224,5,959,21111-28-PRECINCT 108 28 DISTRICT (A108)
Jefferson,A111,bidenj,12/28/2021 09:07:33.312224,386,807,21111-28-PRECINCT 111 28 DISTRICT (A111)
Jefferson,A111,jorgensenj,12/28/2021 09:07:33.312224,13,807,21111-28-PRECINCT 111 28 DISTRICT (A111)
Jefferson,A111,pierceb,12/28/2021 09:07:33.312224,0,807,21111-28-PRECINCT 111 28 DISTRICT (A111)
Jefferson,A111,trumpd,12/28/2021 09:07:33.312224,407,807,21111-28-PRECINCT 111 28 DISTRICT (A111)
Jefferson,A111,westk,12/28/2021 09:07:33.312224,1,807,21111-28-PRECINCT 111 28 DISTRICT (A111)
Jefferson,A113,bidenj,12/28/2021 09:07:33.312224,387,845,21111-28-PRECINCT 113 28 DISTRICT (A113)
Jefferson,A113,jorgensenj,12/28/2021 09:07:33.312224,5,845,21111-28-PRECINCT 113 28 DISTRICT (A113)
Jefferson,A113,pierceb,12/28/2021 09:07:33.312224,1,845,21111-28-PRECINCT 113 28 DISTRICT (A113)
Jefferson,A113,trumpd,12/28/2021 09:07:33.312224,446,845,21111-28-PRECINCT 113 28 DISTRICT (A113)
Jefferson,A113,westk,12/28/2021 09:07:33.312224,6,845,21111-28-PRECINCT 113 28 DISTRICT (A113)
Jefferson,A114,bidenj,12/28/2021 09:07:33.312224,315,694,21111-28-PRECINCT 114 28 DISTRICT (A114)
Jefferson,A114,jorgensenj,12/28/2021 09:07:33.312224,11,694,21111-28-PRECINCT 114 28 DISTRICT (A114)
Jefferson,A114,pierceb,12/28/2021 09:07:33.312224,2,694,21111-28-PRECINCT 114 28 DISTRICT (A114)
Jefferson,A114,trumpd,12/28/2021 09:07:33.312224,363,694,21111-28-PRECINCT 114 28 DISTRICT (A114)
Jefferson,A114,westk,12/28/2021 09:07:33.312224,3,694,21111-28-PRECINCT 114 28 DISTRICT (A114)
Jefferson,A115,bidenj,12/28/2021 09:07:33.312224,315,769,21111-28-PRECINCT 115 28 DISTRICT (A115)
Jefferson,A115,jorgensenj,12/28/2021 09:07:33.312224,5,769,21111-28-PRECINCT 115 28 DISTRICT (A115)
Jefferson,A115,pierceb,12/28/2021 09:07:33.312224,0,769,21111-28-PRECINCT 115 28 DISTRICT (A115)
Jefferson,A115,trumpd,12/28/2021 09:07:33.312224,449,769,21111-28-PRECINCT 115 28 DISTRICT (A115)
Jefferson,A115,westk,12/28/2021 09:07:33.312224,0,769,21111-28-PRECINCT 115 28 DISTRICT (A115)
Jefferson,A118,bidenj,12/28/2021 09:07:33.312224,169,424,21111-28-PRECINCT 118 28 DISTRICT (A118)
Jefferson,A118,jorgensenj,12/28/2021 09:07:33.312224,5,424,21111-28-PRECINCT 118 28 DISTRICT (A118)
Jefferson,A118,pierceb,12/28/2021 09:07:33.312224,0,424,21111-28-PRECINCT 118 28 DISTRICT (A118)
Jefferson,A118,trumpd,12/28/2021 09:07:33.312224,247,424,21111-28-PRECINCT 118 28 DISTRICT (A118)
Jefferson,A118,westk,12/28/2021 09:07:33.312224,3,424,21111-28-PRECINCT 118 28 DISTRICT (A118)
Jefferson,A119,bidenj,12/28/2021 09:07:33.312224,296,687,21111-28-PRECINCT 119 28 DISTRICT (A119)
Jefferson,A119,jorgensenj,12/28/2021 09:07:33.312224,10,687,21111-28-PRECINCT 119 28 DISTRICT (A119)
Jefferson,A119,pierceb,12/28/2021 09:07:33.312224,3,687,21111-28-PRECINCT 119 28 DISTRICT (A119)
Jefferson,A119,trumpd,12/28/2021 09:07:33.312224,376,687,21111-28-PRECINCT 119 28 DISTRICT (A119)
Jefferson,A119,westk,12/28/2021 09:07:33.312224,2,687,21111-28-PRECINCT 119 28 DISTRICT (A119)
Jefferson,A121,bidenj,12/28/2021 09:07:33.312224,359,804,21111-28-PRECINCT 121 28 DISTRICT (A121)
Jefferson,A121,jorgensenj,12/28/2021 09:07:33.312224,8,804,21111-28-PRECINCT 121 28 DISTRICT (A121)
Jefferson,A121,pierceb,12/28/2021 09:07:33.312224,3,804,21111-28-PRECINCT 121 28 DISTRICT (A121)
Jefferson,A121,trumpd,12/28/2021 09:07:33.312224,432,804,21111-28-PRECINCT 121 28 DISTRICT (A121)
Jefferson,A121,westk,12/28/2021 09:07:33.312224,2,804,21111-28-PRECINCT 121 28 DISTRICT (A121)
Jefferson,A123,bidenj,12/28/2021 09:07:33.312224,467,911,21111-28-PRECINCT 123 28 DISTRICT (A123)
Jefferson,A123,jorgensenj,12/28/2021 09:07:33.312224,14,911,21111-28-PRECINCT 123 28 DISTRICT (A123)
Jefferson,A123,pierceb,12/28/2021 09:07:33.312224,1,911,21111-28-PRECINCT 123 28 DISTRICT (A123)
Jefferson,A123,trumpd,12/28/2021 09:07:33.312224,424,911,21111-28-PRECINCT 123 28 DISTRICT (A123)
Jefferson,A123,westk,12/28/2021 09:07:33.312224,5,911,21111-28-PRECINCT 123 28 DISTRICT (A123)
Jefferson,A124,bidenj,12/28/2021 09:07:33.312224,338,837,21111-28-PRECINCT 124 28 DISTRICT (A124)
Jefferson,A124,jorgensenj,12/28/2021 09:07:33.312224,7,837,21111-28-PRECINCT 124 28 DISTRICT (A124)
Jefferson,A124,pierceb,12/28/2021 09:07:33.312224,0,837,21111-28-PRECINCT 124 28 DISTRICT (A124)
Jefferson,A124,trumpd,12/28/2021 09:07:33.312224,492,837,21111-28-PRECINCT 124 28 DISTRICT (A124)
Jefferson,A124,westk,12/28/2021 09:07:33.312224,0,837,21111-28-PRECINCT 124 28 DISTRICT (A124)
Jefferson,A125,bidenj,12/28/2021 09:07:33.312224,322,861,21111-28-PRECINCT 125 28 DISTRICT (A125)
Jefferson,A125,jorgensenj,12/28/2021 09:07:33.312224,5,861,21111-28-PRECINCT 125 28 DISTRICT (A125)
Jefferson,A125,pierceb,12/28/2021 09:07:33.312224,0,861,21111-28-PRECINCT 125 28 DISTRICT (A125)
Jefferson,A125,trumpd,12/28/2021 09:07:33.312224,530,861,21111-28-PRECINCT 125 28 DISTRICT (A125)
Jefferson,A125,westk,12/28/2021 09:07:33.312224,4,861,21111-28-PRECINCT 125 28 DISTRICT (A125)
Jefferson,A126,bidenj,12/28/2021 09:07:33.312224,339,837,21111-28-PRECINCT 126 28 DISTRICT (A126)
Jefferson,A126,jorgensenj,12/28/2021 09:07:33.312224,4,837,21111-28-PRECINCT 126 28 DISTRICT (A126)
Jefferson,A126,pierceb,12/28/2021 09:07:33.312224,3,837,21111-28-PRECINCT 126 28 DISTRICT (A126)
Jefferson,A126,trumpd,12/28/2021 09:07:33.312224,488,837,21111-28-PRECINCT 126 28 DISTRICT (A126)
Jefferson,A126,westk,12/28/2021 09:07:33.312224,3,837,21111-28-PRECINCT 126 28 DISTRICT (A126)
Jefferson,A127,bidenj,12/28/2021 09:07:33.312224,330,664,21111-28-PRECINCT 127 28 DISTRICT (A127)
Jefferson,A127,jorgensenj,12/28/2021 09:07:33.312224,11,664,21111-28-PRECINCT 127 28 DISTRICT (A127)
Jefferson,A127,pierceb,12/28/2021 09:07:33.312224,1,664,21111-28-PRECINCT 127 28 DISTRICT (A127)
Jefferson,A127,trumpd,12/28/2021 09:07:33.312224,319,664,21111-28-PRECINCT 127 28 DISTRICT (A127)
Jefferson,A127,westk,12/28/2021 09:07:33.312224,3,664,21111-28-PRECINCT 127 28 DISTRICT (A127)
Jefferson,A128,bidenj,12/28/2021 09:07:33.312224,294,715,21111-28-PRECINCT 128 28 DISTRICT (A128)
Jefferson,A128,jorgensenj,12/28/2021 09:07:33.312224,8,715,21111-28-PRECINCT 128 28 DISTRICT (A128)
Jefferson,A128,pierceb,12/28/2021 09:07:33.312224,1,715,21111-28-PRECINCT 128 28 DISTRICT (A128)
Jefferson,A128,trumpd,12/28/2021 09:07:33.312224,407,715,21111-28-PRECINCT 128 28 DISTRICT (A128)
Jefferson,A128,westk,12/28/2021 09:07:33.312224,5,715,21111-28-PRECINCT 128 28 DISTRICT (A128)
Jefferson,A129,bidenj,12/28/2021 09:07:33.312224,320,969,21111-28-PRECINCT 129 28 DISTRICT (A129)
Jefferson,A129,jorgensenj,12/28/2021 09:07:33.312224,9,969,21111-28-PRECINCT 129 28 DISTRICT (A129)
Jefferson,A129,pierceb,12/28/2021 09:07:33.312224,4,969,21111-28-PRECINCT 129 28 DISTRICT (A129)
Jefferson,A129,trumpd,12/28/2021 09:07:33.312224,632,969,21111-28-PRECINCT 129 28 DISTRICT (A129)
Jefferson,A129,westk,12/28/2021 09:07:33.312224,4,969,21111-28-PRECINCT 129 28 DISTRICT (A129)
Jefferson,A130,bidenj,12/28/2021 09:07:33.312224,99,446,21111-28-PRECINCT 130 28 DISTRICT (A130)
Jefferson,A130,jorgensenj,12/28/2021 09:07:33.312224,5,446,21111-28-PRECINCT 130 28 DISTRICT (A130)
Jefferson,A130,pierceb,12/28/2021 09:07:33.312224,2,446,21111-28-PRECINCT 130 28 DISTRICT (A130)
Jefferson,A130,trumpd,12/28/2021 09:07:33.312224,338,446,21111-28-PRECINCT 130 28 DISTRICT (A130)
Jefferson,A130,westk,12/28/2021 09:07:33.312224,2,446,21111-28-PRECINCT 130 28 DISTRICT (A130)
Jefferson,A131,bidenj,12/28/2021 09:07:33.312224,385,835,21111-28-PRECINCT 131 28 DISTRICT (A131)
Jefferson,A131,jorgensenj,12/28/2021 09:07:33.312224,5,835,21111-28-PRECINCT 131 28 DISTRICT (A131)
Jefferson,A131,pierceb,12/28/2021 09:07:33.312224,0,835,21111-28-PRECINCT 131 28 DISTRICT (A131)
Jefferson,A131,trumpd,12/28/2021 09:07:33.312224,440,835,21111-28-PRECINCT 131 28 DISTRICT (A131)
Jefferson,A131,westk,12/28/2021 09:07:33.312224,5,835,21111-28-PRECINCT 131 28 DISTRICT (A131)
Jefferson,A134,bidenj,12/28/2021 09:07:33.312224,182,537,21111-28-PRECINCT 134 28 DISTRICT (A134)
Jefferson,A134,jorgensenj,12/28/2021 09:07:33.312224,4,537,21111-28-PRECINCT 134 28 DISTRICT (A134)
Jefferson,A134,pierceb,12/28/2021 09:07:33.312224,3,537,21111-28-PRECINCT 134 28 DISTRICT (A134)
Jefferson,A134,trumpd,12/28/2021 09:07:33.312224,344,537,21111-28-PRECINCT 134 28 DISTRICT (A134)
Jefferson,A134,westk,12/28/2021 09:07:33.312224,4,537,21111-28-PRECINCT 134 28 DISTRICT (A134)
Jefferson,A135,bidenj,12/28/2021 09:07:33.312224,296,660,21111-28-PRECINCT 135 28 DISTRICT (A135)
Jefferson,A135,jorgensenj,12/28/2021 09:07:33.312224,8,660,21111-28-PRECINCT 135 28 DISTRICT (A135)
Jefferson,A135,pierceb,12/28/2021 09:07:33.312224,2,660,21111-28-PRECINCT 135 28 DISTRICT (A135)
Jefferson,A135,trumpd,12/28/2021 09:07:33.312224,348,660,21111-28-PRECINCT 135 28 DISTRICT (A135)
Jefferson,A135,westk,12/28/2021 09:07:33.312224,6,660,21111-28-PRECINCT 135 28 DISTRICT (A135)
Jefferson,A136,bidenj,12/28/2021 09:07:33.312224,195,433,21111-28-PRECINCT 136 28 DISTRICT (A136)
Jefferson,A136,jorgensenj,12/28/2021 09:07:33.312224,10,433,21111-28-PRECINCT 136 28 DISTRICT (A136)
Jefferson,A136,pierceb,12/28/2021 09:07:33.312224,2,433,21111-28-PRECINCT 136 28 DISTRICT (A136)
Jefferson,A136,trumpd,12/28/2021 09:07:33.312224,222,433,21111-28-PRECINCT 136 28 DISTRICT (A136)
Jefferson,A136,westk,12/28/2021 09:07:33.312224,4,433,21111-28-PRECINCT 136 28 DISTRICT (A136)
Jefferson,A139,bidenj,12/28/2021 09:07:33.312224,211,504,21111-28-PRECINCT 139 28 DISTRICT (A139)
Jefferson,A139,jorgensenj,12/28/2021 09:07:33.312224,13,504,21111-28-PRECINCT 139 28 DISTRICT (A139)
Jefferson,A139,pierceb,12/28/2021 09:07:33.312224,2,504,21111-28-PRECINCT 139 28 DISTRICT (A139)
Jefferson,A139,trumpd,12/28/2021 09:07:33.312224,275,504,21111-28-PRECINCT 139 28 DISTRICT (A139)
Jefferson,A139,westk,12/28/2021 09:07:33.312224,3,504,21111-28-PRECINCT 139 28 DISTRICT (A139)
Jefferson,A140,bidenj,12/28/2021 09:07:33.312224,454,1052,21111-28-PRECINCT 140 28 DISTRICT (A140)
Jefferson,A140,jorgensenj,12/28/2021 09:07:33.312224,10,1052,21111-28-PRECINCT 140 28 DISTRICT (A140)
Jefferson,A140,pierceb,12/28/2021 09:07:33.312224,2,1052,21111-28-PRECINCT 140 28 DISTRICT (A140)
Jefferson,A140,trumpd,12/28/2021 09:07:33.312224,582,1052,21111-28-PRECINCT 140 28 DISTRICT (A140)
Jefferson,A140,westk,12/28/2021 09:07:33.312224,4,1052,21111-28-PRECINCT 140 28 DISTRICT (A140)
Jefferson,A141,bidenj,12/28/2021 09:07:33.312224,21,36,21111-28-PRECINCT 141 28 DISTRICT (A141)
Jefferson,A141,jorgensenj,12/28/2021 09:07:33.312224,1,36,21111-28-PRECINCT 141 28 DISTRICT (A141)
Jefferson,A141,pierceb,12/28/2021 09:07:33.312224,0,36,21111-28-PRECINCT 141 28 DISTRICT (A141)
Jefferson,A141,trumpd,12/28/2021 09:07:33.312224,14,36,21111-28-PRECINCT 141 28 DISTRICT (A141)
Jefferson,A141,westk,12/28/2021 09:07:33.312224,0,36,21111-28-PRECINCT 141 28 DISTRICT (A141)
Jefferson,A142,bidenj,12/28/2021 09:07:33.312224,83,221,21111-28-PRECINCT 142 28 DISTRICT (A142)
Jefferson,A142,jorgensenj,12/28/2021 09:07:33.312224,4,221,21111-28-PRECINCT 142 28 DISTRICT (A142)
Jefferson,A142,pierceb,12/28/2021 09:07:33.312224,1,221,21111-28-PRECINCT 142 28 DISTRICT (A142)
Jefferson,A142,trumpd,12/28/2021 09:07:33.312224,132,221,21111-28-PRECINCT 142 28 DISTRICT (A142)
Jefferson,A142,westk,12/28/2021 09:07:33.312224,1,221,21111-28-PRECINCT 142 28 DISTRICT (A142)
Jefferson,A143,bidenj,12/28/2021 09:07:33.312224,3,12,21111-28-PRECINCT 143 28 DISTRICT (A143)
Jefferson,A143,jorgensenj,12/28/2021 09:07:33.312224,0,12,21111-28-PRECINCT 143 28 DISTRICT (A143)
Jefferson,A143,pierceb,12/28/2021 09:07:33.312224,0,12,21111-28-PRECINCT 143 28 DISTRICT (A143)
Jefferson,A143,trumpd,12/28/2021 09:07:33.312224,9,12,21111-28-PRECINCT 143 28 DISTRICT (A143)
Jefferson,A143,westk,12/28/2021 09:07:33.312224,0,12,21111-28-PRECINCT 143 28 DISTRICT (A143)
Jefferson,B124,bidenj,12/28/2021 09:07:33.312224,375,806,21111-29-PRECINCT 124 29 DISTRICT (B124)
Jefferson,B124,jorgensenj,12/28/2021 09:07:33.312224,10,806,21111-29-PRECINCT 124 29 DISTRICT (B124)
Jefferson,B124,pierceb,12/28/2021 09:07:33.312224,1,806,21111-29-PRECINCT 124 29 DISTRICT (B124)
Jefferson,B124,trumpd,12/28/2021 09:07:33.312224,416,806,21111-29-PRECINCT 124 29 DISTRICT (B124)
Jefferson,B124,westk,12/28/2021 09:07:33.312224,4,806,21111-29-PRECINCT 124 29 DISTRICT (B124)
Jefferson,B132,bidenj,12/28/2021 09:07:33.312224,410,1010,21111-29-PRECINCT 132 29 DISTRICT (B132)
Jefferson,B132,jorgensenj,12/28/2021 09:07:33.312224,14,1010,21111-29-PRECINCT 132 29 DISTRICT (B132)
Jefferson,B132,pierceb,12/28/2021 09:07:33.312224,1,1010,21111-29-PRECINCT 132 29 DISTRICT (B132)
Jefferson,B132,trumpd,12/28/2021 09:07:33.312224,582,1010,21111-29-PRECINCT 132 29 DISTRICT (B132)
Jefferson,B132,westk,12/28/2021 09:07:33.312224,3,1010,21111-29-PRECINCT 132 29 DISTRICT (B132)
Jefferson,B133,bidenj,12/28/2021 09:07:33.312224,433,1052,21111-29-PRECINCT 133 29 DISTRICT (B133)
Jefferson,B133,jorgensenj,12/28/2021 09:07:33.312224,7,1052,21111-29-PRECINCT 133 29 DISTRICT (B133)
Jefferson,B133,pierceb,12/28/2021 09:07:33.312224,6,1052,21111-29-PRECINCT 133 29 DISTRICT (B133)
Jefferson,B133,trumpd,12/28/2021 09:07:33.312224,602,1052,21111-29-PRECINCT 133 29 DISTRICT (B133)
Jefferson,B133,westk,12/28/2021 09:07:33.312224,4,1052,21111-29-PRECINCT 133 29 DISTRICT (B133)
Jefferson,B134,bidenj,12/28/2021 09:07:33.312224,880,1865,21111-29-PRECINCT 134 29 DISTRICT (B134)
Jefferson,B134,jorgensenj,12/28/2021 09:07:33.312224,27,1865,21111-29-PRECINCT 134 29 DISTRICT (B134)
Jefferson,B134,pierceb,12/28/2021 09:07:33.312224,9,1865,21111-29-PRECINCT 134 29 DISTRICT (B134)
Jefferson,B134,trumpd,12/28/2021 09:07:33.312224,944,1865,21111-29-PRECINCT 134 29 DISTRICT (B134)
Jefferson,B134,westk,12/28/2021 09:07:33.312224,5,1865,21111-29-PRECINCT 134 29 DISTRICT (B134)
Jefferson,B149,bidenj,12/28/2021 09:07:33.312224,263,642,21111-29-PRECINCT 149 29 DISTRICT (B149)
Jefferson,B149,jorgensenj,12/28/2021 09:07:33.312224,14,642,21111-29-PRECINCT 149 29 DISTRICT (B149)
Jefferson,B149,pierceb,12/28/2021 09:07:33.312224,1,642,21111-29-PRECINCT 149 29 DISTRICT (B149)
Jefferson,B149,trumpd,12/28/2021 09:07:33.312224,364,642,21111-29-PRECINCT 149 29 DISTRICT (B149)
Jefferson,B149,westk,12/28/2021 09:07:33.312224,0,642,21111-29-PRECINCT 149 29 DISTRICT (B149)
Jefferson,B151,bidenj,12/28/2021 09:07:33.312224,570,1222,21111-29-PRECINCT 151 29 DISTRICT (B151)
Jefferson,B151,jorgensenj,12/28/2021 09:07:33.312224,19,1222,21111-29-PRECINCT 151 29 DISTRICT (B151)
Jefferson,B151,pierceb,12/28/2021 09:07:33.312224,7,1222,21111-29-PRECINCT 151 29 DISTRICT (B151)
Jefferson,B151,trumpd,12/28/2021 09:07:33.312224,623,1222,21111-29-PRECINCT 151 29 DISTRICT (B151)
Jefferson,B151,westk,12/28/2021 09:07:33.312224,3,1222,21111-29-PRECINCT 151 29 DISTRICT (B151)
Jefferson,B153,bidenj,12/28/2021 09:07:33.312224,26,63,21111-29-PRECINCT 153 29 DISTRICT (B153)
Jefferson,B153,jorgensenj,12/28/2021 09:07:33.312224,1,63,21111-29-PRECINCT 153 29 DISTRICT (B153)
Jefferson,B153,pierceb,12/28/2021 09:07:33.312224,0,63,21111-29-PRECINCT 153 29 DISTRICT (B153)
Jefferson,B153,trumpd,12/28/2021 09:07:33.312224,36,63,21111-29-PRECINCT 153 29 DISTRICT (B153)
Jefferson,B153,westk,12/28/2021 09:07:33.312224,0,63,21111-29-PRECINCT 153 29 DISTRICT (B153)
Jefferson,B154,bidenj,12/28/2021 09:07:33.312224,400,785,21111-29-PRECINCT 154 29 DISTRICT (B154)
Jefferson,B154,jorgensenj,12/28/2021 09:07:33.312224,12,785,21111-29-PRECINCT 154 29 DISTRICT (B154)
Jefferson,B154,pierceb,12/28/2021 09:07:33.312224,3,785,21111-29-PRECINCT 154 29 DISTRICT (B154)
Jefferson,B154,trumpd,12/28/2021 09:07:33.312224,366,785,21111-29-PRECINCT 154 29 DISTRICT (B154)
Jefferson,B154,westk,12/28/2021 09:07:33.312224,4,785,21111-29-PRECINCT 154 29 DISTRICT (B154)
Jefferson,B155,bidenj,12/28/2021 09:07:33.312224,359,632,21111-29-PRECINCT 155 29 DISTRICT (B155)
Jefferson,B155,jorgensenj,12/28/2021 09:07:33.312224,10,632,21111-29-PRECINCT 155 29 DISTRICT (B155)
Jefferson,B155,pierceb,12/28/2021 09:07:33.312224,2,632,21111-29-PRECINCT 155 29 DISTRICT (B155)
Jefferson,B155,trumpd,12/28/2021 09:07:33.312224,256,632,21111-29-PRECINCT 155 29 DISTRICT (B155)
Jefferson,B155,westk,12/28/2021 09:07:33.312224,5,632,21111-29-PRECINCT 155 29 DISTRICT (B155)
Jefferson,B156,bidenj,12/28/2021 09:07:33.312224,584,1149,21111-29-PRECINCT 156 29 DISTRICT (B156)
Jefferson,B156,jorgensenj,12/28/2021 09:07:33.312224,17,1149,21111-29-PRECINCT 156 29 DISTRICT (B156)
Jefferson,B156,pierceb,12/28/2021 09:07:33.312224,3,1149,21111-29-PRECINCT 156 29 DISTRICT (B156)
Jefferson,B156,trumpd,12/28/2021 09:07:33.312224,544,1149,21111-29-PRECINCT 156 29 DISTRICT (B156)
Jefferson,B156,westk,12/28/2021 09:07:33.312224,1,1149,21111-29-PRECINCT 156 29 DISTRICT (B156)
Jefferson,B157,bidenj,12/28/2021 09:07:33.312224,754,1516,21111-29-PRECINCT 157 29 DISTRICT (B157)
Jefferson,B157,jorgensenj,12/28/2021 09:07:33.312224,22,1516,21111-29-PRECINCT 157 29 DISTRICT (B157)
Jefferson,B157,pierceb,12/28/2021 09:07:33.312224,4,1516,21111-29-PRECINCT 157 29 DISTRICT (B157)
Jefferson,B157,trumpd,12/28/2021 09:07:33.312224,733,1516,21111-29-PRECINCT 157 29 DISTRICT (B157)
Jefferson,B157,westk,12/28/2021 09:07:33.312224,3,1516,21111-29-PRECINCT 157 29 DISTRICT (B157)
Jefferson,B158,bidenj,12/28/2021 09:07:33.312224,385,1121,21111-29-PRECINCT 158 29 DISTRICT (B158)
Jefferson,B158,jorgensenj,12/28/2021 09:07:33.312224,8,1121,21111-29-PRECINCT 158 29 DISTRICT (B158)
Jefferson,B158,pierceb,12/28/2021 09:07:33.312224,2,1121,21111-29-PRECINCT 158 29 DISTRICT (B158)
Jefferson,B158,trumpd,12/28/2021 09:07:33.312224,723,1121,21111-29-PRECINCT 158 29 DISTRICT (B158)
Jefferson,B158,westk,12/28/2021 09:07:33.312224,3,1121,21111-29-PRECINCT 158 29 DISTRICT (B158)
Jefferson,B159,bidenj,12/28/2021 09:07:33.312224,933,2056,21111-29-PRECINCT 159 29 DISTRICT (B159)
Jefferson,B159,jorgensenj,12/28/2021 09:07:33.312224,41,2056,21111-29-PRECINCT 159 29 DISTRICT (B159)
Jefferson,B159,pierceb,12/28/2021 09:07:33.312224,7,2056,21111-29-PRECINCT 159 29 DISTRICT (B159)
Jefferson,B159,trumpd,12/28/2021 09:07:33.312224,1063,2056,21111-29-PRECINCT 159 29 DISTRICT (B159)
Jefferson,B159,westk,12/28/2021 09:07:33.312224,12,2056,21111-29-PRECINCT 159 29 DISTRICT (B159)
Jefferson,B160,bidenj,12/28/2021 09:07:33.312224,253,567,21111-29-PRECINCT 160 29 DISTRICT (B160)
Jefferson,B160,jorgensenj,12/28/2021 09:07:33.312224,12,567,21111-29-PRECINCT 160 29 DISTRICT (B160)
Jefferson,B160,pierceb,12/28/2021 09:07:33.312224,1,567,21111-29-PRECINCT 160 29 DISTRICT (B160)
Jefferson,B160,trumpd,12/28/2021 09:07:33.312224,300,567,21111-29-PRECINCT 160 29 DISTRICT (B160)
Jefferson,B160,westk,12/28/2021 09:07:33.312224,1,567,21111-29-PRECINCT 160 29 DISTRICT (B160)
Jefferson,B161,bidenj,12/28/2021 09:07:33.312224,38,109,21111-29-PRECINCT 161 29 DISTRICT (B161)
Jefferson,B161,jorgensenj,12/28/2021 09:07:33.312224,1,109,21111-29-PRECINCT 161 29 DISTRICT (B161)
Jefferson,B161,pierceb,12/28/2021 09:07:33.312224,1,109,21111-29-PRECINCT 161 29 DISTRICT (B161)
Jefferson,B161,trumpd,12/28/2021 09:07:33.312224,69,109,21111-29-PRECINCT 161 29 DISTRICT (B161)
Jefferson,B161,westk,12/28/2021 09:07:33.312224,0,109,21111-29-PRECINCT 161 29 DISTRICT (B161)
Jefferson,B162,bidenj,12/28/2021 09:07:33.312224,407,1086,21111-29-PRECINCT 162 29 DISTRICT (B162)
Jefferson,B162,jorgensenj,12/28/2021 09:07:33.312224,14,1086,21111-29-PRECINCT 162 29 DISTRICT (B162)
Jefferson,B162,pierceb,12/28/2021 09:07:33.312224,0,1086,21111-29-PRECINCT 162 29 DISTRICT (B162)
Jefferson,B162,trumpd,12/28/2021 09:07:33.312224,661,1086,21111-29-PRECINCT 162 29 DISTRICT (B162)
Jefferson,B162,westk,12/28/2021 09:07:33.312224,4,1086,21111-29-PRECINCT 162 29 DISTRICT (B162)
Jefferson,B163,bidenj,12/28/2021 09:07:33.312224,543,1007,21111-29-PRECINCT 163 29 DISTRICT (B163)
Jefferson,B163,jorgensenj,12/28/2021 09:07:33.312224,20,1007,21111-29-PRECINCT 163 29 DISTRICT (B163)
Jefferson,B163,pierceb,12/28/2021 09:07:33.312224,4,1007,21111-29-PRECINCT 163 29 DISTRICT (B163)
Jefferson,B163,trumpd,12/28/2021 09:07:33.312224,434,1007,21111-29-PRECINCT 163 29 DISTRICT (B163)
Jefferson,B163,westk,12/28/2021 09:07:33.312224,6,1007,21111-29-PRECINCT 163 29 DISTRICT (B163)
Jefferson,B166,bidenj,12/28/2021 09:07:33.312224,287,658,21111-29-PRECINCT 166 29 DISTRICT (B166)
Jefferson,B166,jorgensenj,12/28/2021 09:07:33.312224,13,658,21111-29-PRECINCT 166 29 DISTRICT (B166)
Jefferson,B166,pierceb,12/28/2021 09:07:33.312224,0,658,21111-29-PRECINCT 166 29 DISTRICT (B166)
Jefferson,B166,trumpd,12/28/2021 09:07:33.312224,357,658,21111-29-PRECINCT 166 29 DISTRICT (B166)
Jefferson,B166,westk,12/28/2021 09:07:33.312224,1,658,21111-29-PRECINCT 166 29 DISTRICT (B166)
Jefferson,B168,bidenj,12/28/2021 09:07:33.312224,511,1048,21111-29-PRECINCT 168 29 DISTRICT (B168)
Jefferson,B168,jorgensenj,12/28/2021 09:07:33.312224,8,1048,21111-29-PRECINCT 168 29 DISTRICT (B168)
Jefferson,B168,pierceb,12/28/2021 09:07:33.312224,4,1048,21111-29-PRECINCT 168 29 DISTRICT (B168)
Jefferson,B168,trumpd,12/28/2021 09:07:33.312224,523,1048,21111-29-PRECINCT 168 29 DISTRICT (B168)
Jefferson,B168,westk,12/28/2021 09:07:33.312224,2,1048,21111-29-PRECINCT 168 29 DISTRICT (B168)
Jefferson,B169,bidenj,12/28/2021 09:07:33.312224,312,738,21111-29-PRECINCT 169 29 DISTRICT (B169)
Jefferson,B169,jorgensenj,12/28/2021 09:07:33.312224,17,738,21111-29-PRECINCT 169 29 DISTRICT (B169)
Jefferson,B169,pierceb,12/28/2021 09:07:33.312224,1,738,21111-29-PRECINCT 169 29 DISTRICT (B169)
Jefferson,B169,trumpd,12/28/2021 09:07:33.312224,406,738,21111-29-PRECINCT 169 29 DISTRICT (B169)
Jefferson,B169,westk,12/28/2021 09:07:33.312224,2,738,21111-29-PRECINCT 169 29 DISTRICT (B169)
Jefferson,B170,bidenj,12/28/2021 09:07:33.312224,304,640,21111-29-PRECINCT 170 29 DISTRICT (B170)
Jefferson,B170,jorgensenj,12/28/2021 09:07:33.312224,11,640,21111-29-PRECINCT 170 29 DISTRICT (B170)
Jefferson,B170,pierceb,12/28/2021 09:07:33.312224,3,640,21111-29-PRECINCT 170 29 DISTRICT (B170)
Jefferson,B170,trumpd,12/28/2021 09:07:33.312224,321,640,21111-29-PRECINCT 170 29 DISTRICT (B170)
Jefferson,B170,westk,12/28/2021 09:07:33.312224,1,640,21111-29-PRECINCT 170 29 DISTRICT (B170)
Jefferson,B172,bidenj,12/28/2021 09:07:33.312224,870,1759,21111-29-PRECINCT 172 29 DISTRICT (B172)
Jefferson,B172,jorgensenj,12/28/2021 09:07:33.312224,24,1759,21111-29-PRECINCT 172 29 DISTRICT (B172)
Jefferson,B172,pierceb,12/28/2021 09:07:33.312224,7,1759,21111-29-PRECINCT 172 29 DISTRICT (B172)
Jefferson,B172,trumpd,12/28/2021 09:07:33.312224,847,1759,21111-29-PRECINCT 172 29 DISTRICT (B172)
Jefferson,B172,westk,12/28/2021 09:07:33.312224,11,1759,21111-29-PRECINCT 172 29 DISTRICT (B172)
Jefferson,B173,bidenj,12/28/2021 09:07:33.312224,508,1250,21111-29-PRECINCT 173 29 DISTRICT (B173)
Jefferson,B173,jorgensenj,12/28/2021 09:07:33.312224,16,1250,21111-29-PRECINCT 173 29 DISTRICT (B173)
Jefferson,B173,pierceb,12/28/2021 09:07:33.312224,4,1250,21111-29-PRECINCT 173 29 DISTRICT (B173)
Jefferson,B173,trumpd,12/28/2021 09:07:33.312224,719,1250,21111-29-PRECINCT 173 29 DISTRICT (B173)
Jefferson,B173,westk,12/28/2021 09:07:33.312224,3,1250,21111-29-PRECINCT 173 29 DISTRICT (B173)
Jefferson,B175,bidenj,12/28/2021 09:07:33.312224,467,1111,21111-29-PRECINCT 175 29 DISTRICT (B175)
Jefferson,B175,jorgensenj,12/28/2021 09:07:33.312224,9,1111,21111-29-PRECINCT 175 29 DISTRICT (B175)
Jefferson,B175,pierceb,12/28/2021 09:07:33.312224,2,1111,21111-29-PRECINCT 175 29 DISTRICT (B175)
Jefferson,B175,trumpd,12/28/2021 09:07:33.312224,629,1111,21111-29-PRECINCT 175 29 DISTRICT (B175)
Jefferson,B175,westk,12/28/2021 09:07:33.312224,4,1111,21111-29-PRECINCT 175 29 DISTRICT (B175)
Jefferson,B177,bidenj,12/28/2021 09:07:33.312224,525,1357,21111-29-PRECINCT 177 29 DISTRICT (B177)
Jefferson,B177,jorgensenj,12/28/2021 09:07:33.312224,9,1357,21111-29-PRECINCT 177 29 DISTRICT (B177)
Jefferson,B177,pierceb,12/28/2021 09:07:33.312224,1,1357,21111-29-PRECINCT 177 29 DISTRICT (B177)
Jefferson,B177,trumpd,12/28/2021 09:07:33.312224,818,1357,21111-29-PRECINCT 177 29 DISTRICT (B177)
Jefferson,B177,westk,12/28/2021 09:07:33.312224,4,1357,21111-29-PRECINCT 177 29 DISTRICT (B177)
Jefferson,B181,bidenj,12/28/2021 09:07:33.312224,62,136,21111-29-PRECINCT 181 29 DISTRICT (B181)
Jefferson,B181,jorgensenj,12/28/2021 09:07:33.312224,2,136,21111-29-PRECINCT 181 29 DISTRICT (B181)
Jefferson,B181,pierceb,12/28/2021 09:07:33.312224,0,136,21111-29-PRECINCT 181 29 DISTRICT (B181)
Jefferson,B181,trumpd,12/28/2021 09:07:33.312224,72,136,21111-29-PRECINCT 181 29 DISTRICT (B181)
Jefferson,B181,westk,12/28/2021 09:07:33.312224,0,136,21111-29-PRECINCT 181 29 DISTRICT (B181)
Jefferson,B182,bidenj,12/28/2021 09:07:33.312224,231,547,21111-29-PRECINCT 182 29 DISTRICT (B182)
Jefferson,B182,jorgensenj,12/28/2021 09:07:33.312224,9,547,21111-29-PRECINCT 182 29 DISTRICT (B182)
Jefferson,B182,pierceb,12/28/2021 09:07:33.312224,0,547,21111-29-PRECINCT 182 29 DISTRICT (B182)
Jefferson,B182,trumpd,12/28/2021 09:07:33.312224,306,547,21111-29-PRECINCT 182 29 DISTRICT (B182)
Jefferson,B182,westk,12/28/2021 09:07:33.312224,1,547,21111-29-PRECINCT 182 29 DISTRICT (B182)
Jefferson,B183,bidenj,12/28/2021 09:07:33.312224,644,1529,21111-29-PRECINCT 183 29 DISTRICT (B183)
Jefferson,B183,jorgensenj,12/28/2021 09:07:33.312224,21,1529,21111-29-PRECINCT 183 29 DISTRICT (B183)
Jefferson,B183,pierceb,12/28/2021 09:07:33.312224,2,1529,21111-29-PRECINCT 183 29 DISTRICT (B183)
Jefferson,B183,trumpd,12/28/2021 09:07:33.312224,853,1529,21111-29-PRECINCT 183 29 DISTRICT (B183)
Jefferson,B183,westk,12/28/2021 09:07:33.312224,9,1529,21111-29-PRECINCT 183 29 DISTRICT (B183)
Jefferson,B184,bidenj,12/28/2021 09:07:33.312224,1,21,21111-29-PRECINCT 184 29 DISTRICT (B184)
Jefferson,B184,jorgensenj,12/28/2021 09:07:33.312224,0,21,21111-29-PRECINCT 184 29 DISTRICT (B184)
Jefferson,B184,pierceb,12/28/2021 09:07:33.312224,0,21,21111-29-PRECINCT 184 29 DISTRICT (B184)
Jefferson,B184,trumpd,12/28/2021 09:07:33.312224,20,21,21111-29-PRECINCT 184 29 DISTRICT (B184)
Jefferson,B184,westk,12/28/2021 09:07:33.312224,0,21,21111-29-PRECINCT 184 29 DISTRICT (B184)
Jefferson,B185,bidenj,12/28/2021 09:07:33.312224,181,369,21111-29-PRECINCT 185 29 DISTRICT (B185)
Jefferson,B185,jorgensenj,12/28/2021 09:07:33.312224,4,369,21111-29-PRECINCT 185 29 DISTRICT (B185)
Jefferson,B185,pierceb,12/28/2021 09:07:33.312224,3,369,21111-29-PRECINCT 185 29 DISTRICT (B185)
Jefferson,B185,trumpd,12/28/2021 09:07:33.312224,181,369,21111-29-PRECINCT 185 29 DISTRICT (B185)
Jefferson,B185,westk,12/28/2021 09:07:33.312224,0,369,21111-29-PRECINCT 185 29 DISTRICT (B185)
Jefferson,C101,bidenj,12/28/2021 09:07:33.312224,589,724,21111-30-PRECINCT 101 30 DISTRICT (C101)
Jefferson,C101,jorgensenj,12/28/2021 09:07:33.312224,8,724,21111-30-PRECINCT 101 30 DISTRICT (C101)
Jefferson,C101,pierceb,12/28/2021 09:07:33.312224,2,724,21111-30-PRECINCT 101 30 DISTRICT (C101)
Jefferson,C101,trumpd,12/28/2021 09:07:33.312224,124,724,21111-30-PRECINCT 101 30 DISTRICT (C101)
Jefferson,C101,westk,12/28/2021 09:07:33.312224,1,724,21111-30-PRECINCT 101 30 DISTRICT (C101)
Jefferson,C102,bidenj,12/28/2021 09:07:33.312224,343,479,21111-30-PRECINCT 102 30 DISTRICT (C102)
Jefferson,C102,jorgensenj,12/28/2021 09:07:33.312224,9,479,21111-30-PRECINCT 102 30 DISTRICT (C102)
Jefferson,C102,pierceb,12/28/2021 09:07:33.312224,0,479,21111-30-PRECINCT 102 30 DISTRICT (C102)
Jefferson,C102,trumpd,12/28/2021 09:07:33.312224,123,479,21111-30-PRECINCT 102 30 DISTRICT (C102)
Jefferson,C102,westk,12/28/2021 09:07:33.312224,4,479,21111-30-PRECINCT 102 30 DISTRICT (C102)
Jefferson,C103,bidenj,12/28/2021 09:07:33.312224,434,623,21111-30-PRECINCT 103 30 DISTRICT (C103)
Jefferson,C103,jorgensenj,12/28/2021 09:07:33.312224,6,623,21111-30-PRECINCT 103 30 DISTRICT (C103)
Jefferson,C103,pierceb,12/28/2021 09:07:33.312224,6,623,21111-30-PRECINCT 103 30 DISTRICT (C103)
Jefferson,C103,trumpd,12/28/2021 09:07:33.312224,173,623,21111-30-PRECINCT 103 30 DISTRICT (C103)
Jefferson,C103,westk,12/28/2021 09:07:33.312224,4,623,21111-30-PRECINCT 103 30 DISTRICT (C103)
Jefferson,C104,bidenj,12/28/2021 09:07:33.312224,286,414,21111-30-PRECINCT 104 30 DISTRICT (C104)
Jefferson,C104,jorgensenj,12/28/2021 09:07:33.312224,1,414,21111-30-PRECINCT 104 30 DISTRICT (C104)
Jefferson,C104,pierceb,12/28/2021 09:07:33.312224,1,414,21111-30-PRECINCT 104 30 DISTRICT (C104)
Jefferson,C104,trumpd,12/28/2021 09:07:33.312224,124,414,21111-30-PRECINCT 104 30 DISTRICT (C104)
Jefferson,C104,westk,12/28/2021 09:07:33.312224,2,414,21111-30-PRECINCT 104 30 DISTRICT (C104)
Jefferson,C105,bidenj,12/28/2021 09:07:33.312224,302,328,21111-30-PRECINCT 105 30 DISTRICT (C105)
Jefferson,C105,jorgensenj,12/28/2021 09:07:33.312224,4,328,21111-30-PRECINCT 105 30 DISTRICT (C105)
Jefferson,C105,pierceb,12/28/2021 09:07:33.312224,1,328,21111-30-PRECINCT 105 30 DISTRICT (C105)
Jefferson,C105,trumpd,12/28/2021 09:07:33.312224,19,328,21111-30-PRECINCT 105 30 DISTRICT (C105)
Jefferson,C105,westk,12/28/2021 09:07:33.312224,2,328,21111-30-PRECINCT 105 30 DISTRICT (C105)
Jefferson,C106,bidenj,12/28/2021 09:07:33.312224,830,1075,21111-30-PRECINCT 106 30 DISTRICT (C106)
Jefferson,C106,jorgensenj,12/28/2021 09:07:33.312224,7,1075,21111-30-PRECINCT 106 30 DISTRICT (C106)
Jefferson,C106,pierceb,12/28/2021 09:07:33.312224,2,1075,21111-30-PRECINCT 106 30 DISTRICT (C106)
Jefferson,C106,trumpd,12/28/2021 09:07:33.312224,234,1075,21111-30-PRECINCT 106 30 DISTRICT (C106)
Jefferson,C106,westk,12/28/2021 09:07:33.312224,2,1075,21111-30-PRECINCT 106 30 DISTRICT (C106)
Jefferson,C108,bidenj,12/28/2021 09:07:33.312224,698,839,21111-30-PRECINCT 108 30 DISTRICT (C108)
Jefferson,C108,jorgensenj,12/28/2021 09:07:33.312224,9,839,21111-30-PRECINCT 108 30 DISTRICT (C108)
Jefferson,C108,pierceb,12/28/2021 09:07:33.312224,2,839,21111-30-PRECINCT 108 30 DISTRICT (C108)
Jefferson,C108,trumpd,12/28/2021 09:07:33.312224,125,839,21111-30-PRECINCT 108 30 DISTRICT (C108)
Jefferson,C108,westk,12/28/2021 09:07:33.312224,5,839,21111-30-PRECINCT 108 30 DISTRICT (C108)
Jefferson,C109,bidenj,12/28/2021 09:07:33.312224,243,294,21111-30-PRECINCT 109 30 DISTRICT (C109)
Jefferson,C109,jorgensenj,12/28/2021 09:07:33.312224,1,294,21111-30-PRECINCT 109 30 DISTRICT (C109)
Jefferson,C109,pierceb,12/28/2021 09:07:33.312224,0,294,21111-30-PRECINCT 109 30 DISTRICT (C109)
Jefferson,C109,trumpd,12/28/2021 09:07:33.312224,46,294,21111-30-PRECINCT 109 30 DISTRICT (C109)
Jefferson,C109,westk,12/28/2021 09:07:33.312224,4,294,21111-30-PRECINCT 109 30 DISTRICT (C109)
Jefferson,C110,bidenj,12/28/2021 09:07:33.312224,468,484,21111-30-PRECINCT 110 30 DISTRICT (C110)
Jefferson,C110,jorgensenj,12/28/2021 09:07:33.312224,3,484,21111-30-PRECINCT 110 30 DISTRICT (C110)
Jefferson,C110,pierceb,12/28/2021 09:07:33.312224,2,484,21111-30-PRECINCT 110 30 DISTRICT (C110)
Jefferson,C110,trumpd,12/28/2021 09:07:33.312224,8,484,21111-30-PRECINCT 110 30 DISTRICT (C110)
Jefferson,C110,westk,12/28/2021 09:07:33.312224,3,484,21111-30-PRECINCT 110 30 DISTRICT (C110)
Jefferson,C111,bidenj,12/28/2021 09:07:33.312224,817,880,21111-30-PRECINCT 111 30 DISTRICT (C111)
Jefferson,C111,jorgensenj,12/28/2021 09:07:33.312224,9,880,21111-30-PRECINCT 111 30 DISTRICT (C111)
Jefferson,C111,pierceb,12/28/2021 09:07:33.312224,2,880,21111-30-PRECINCT 111 30 DISTRICT (C111)
Jefferson,C111,trumpd,12/28/2021 09:07:33.312224,47,880,21111-30-PRECINCT 111 30 DISTRICT (C111)
Jefferson,C111,westk,12/28/2021 09:07:33.312224,5,880,21111-30-PRECINCT 111 30 DISTRICT (C111)
Jefferson,C113,bidenj,12/28/2021 09:07:33.312224,216,330,21111-30-PRECINCT 113 30 DISTRICT (C113)
Jefferson,C113,jorgensenj,12/28/2021 09:07:33.312224,5,330,21111-30-PRECINCT 113 30 DISTRICT (C113)
Jefferson,C113,pierceb,12/28/2021 09:07:33.312224,0,330,21111-30-PRECINCT 113 30 DISTRICT (C113)
Jefferson,C113,trumpd,12/28/2021 09:07:33.312224,108,330,21111-30-PRECINCT 113 30 DISTRICT (C113)
Jefferson,C113,westk,12/28/2021 09:07:33.312224,1,330,21111-30-PRECINCT 113 30 DISTRICT (C113)
Jefferson,C115,bidenj,12/28/2021 09:07:33.312224,723,996,21111-30-PRECINCT 115 30 DISTRICT (C115)
Jefferson,C115,jorgensenj,12/28/2021 09:07:33.312224,12,996,21111-30-PRECINCT 115 30 DISTRICT (C115)
Jefferson,C115,pierceb,12/28/2021 09:07:33.312224,4,996,21111-30-PRECINCT 115 30 DISTRICT (C115)
Jefferson,C115,trumpd,12/28/2021 09:07:33.312224,256,996,21111-30-PRECINCT 115 30 DISTRICT (C115)
Jefferson,C115,westk,12/28/2021 09:07:33.312224,1,996,21111-30-PRECINCT 115 30 DISTRICT (C115)
Jefferson,C122,bidenj,12/28/2021 09:07:33.312224,442,634,21111-30-PRECINCT 122 30 DISTRICT (C122)
Jefferson,C122,jorgensenj,12/28/2021 09:07:33.312224,9,634,21111-30-PRECINCT 122 30 DISTRICT (C122)
Jefferson,C122,pierceb,12/28/2021 09:07:33.312224,2,634,21111-30-PRECINCT 122 30 DISTRICT (C122)
Jefferson,C122,trumpd,12/28/2021 09:07:33.312224,180,634,21111-30-PRECINCT 122 30 DISTRICT (C122)
Jefferson,C122,westk,12/28/2021 09:07:33.312224,1,634,21111-30-PRECINCT 122 30 DISTRICT (C122)
Jefferson,C123,bidenj,12/28/2021 09:07:33.312224,269,427,21111-30-PRECINCT 123 30 DISTRICT (C123)
Jefferson,C123,jorgensenj,12/28/2021 09:07:33.312224,11,427,21111-30-PRECINCT 123 30 DISTRICT (C123)
Jefferson,C123,pierceb,12/28/2021 09:07:33.312224,0,427,21111-30-PRECINCT 123 30 DISTRICT (C123)
Jefferson,C123,trumpd,12/28/2021 09:07:33.312224,141,427,21111-30-PRECINCT 123 30 DISTRICT (C123)
Jefferson,C123,westk,12/28/2021 09:07:33.312224,6,427,21111-30-PRECINCT 123 30 DISTRICT (C123)
Jefferson,C124,bidenj,12/28/2021 09:07:33.312224,572,949,21111-30-PRECINCT 124 30 DISTRICT (C124)
Jefferson,C124,jorgensenj,12/28/2021 09:07:33.312224,12,949,21111-30-PRECINCT 124 30 DISTRICT (C124)
Jefferson,C124,pierceb,12/28/2021 09:07:33.312224,3,949,21111-30-PRECINCT 124 30 DISTRICT (C124)
Jefferson,C124,trumpd,12/28/2021 09:07:33.312224,358,949,21111-30-PRECINCT 124 30 DISTRICT (C124)
Jefferson,C124,westk,12/28/2021 09:07:33.312224,4,949,21111-30-PRECINCT 124 30 DISTRICT (C124)
Jefferson,C125,bidenj,12/28/2021 09:07:33.312224,463,582,21111-30-PRECINCT 125 30 DISTRICT (C125)
Jefferson,C125,jorgensenj,12/28/2021 09:07:33.312224,6,582,21111-30-PRECINCT 125 30 DISTRICT (C125)
Jefferson,C125,pierceb,12/28/2021 09:07:33.312224,0,582,21111-30-PRECINCT 125 30 DISTRICT (C125)
Jefferson,C125,trumpd,12/28/2021 09:07:33.312224,109,582,21111-30-PRECINCT 125 30 DISTRICT (C125)
Jefferson,C125,westk,12/28/2021 09:07:33.312224,4,582,21111-30-PRECINCT 125 30 DISTRICT (C125)
Jefferson,C126,bidenj,12/28/2021 09:07:33.312224,530,662,21111-30-PRECINCT 126 30 DISTRICT (C126)
Jefferson,C126,jorgensenj,12/28/2021 09:07:33.312224,10,662,21111-30-PRECINCT 126 30 DISTRICT (C126)
Jefferson,C126,pierceb,12/28/2021 09:07:33.312224,1,662,21111-30-PRECINCT 126 30 DISTRICT (C126)
Jefferson,C126,trumpd,12/28/2021 09:07:33.312224,120,662,21111-30-PRECINCT 126 30 DISTRICT (C126)
Jefferson,C126,westk,12/28/2021 09:07:33.312224,1,662,21111-30-PRECINCT 126 30 DISTRICT (C126)
Jefferson,C128,bidenj,12/28/2021 09:07:33.312224,112,188,21111-30-PRECINCT 128 30 DISTRICT (C128)
Jefferson,C128,jorgensenj,12/28/2021 09:07:33.312224,4,188,21111-30-PRECINCT 128 30 DISTRICT (C128)
Jefferson,C128,pierceb,12/28/2021 09:07:33.312224,0,188,21111-30-PRECINCT 128 30 DISTRICT (C128)
Jefferson,C128,trumpd,12/28/2021 09:07:33.312224,72,188,21111-30-PRECINCT 128 30 DISTRICT (C128)
Jefferson,C128,westk,12/28/2021 09:07:33.312224,0,188,21111-30-PRECINCT 128 30 DISTRICT (C128)
Jefferson,C129,bidenj,12/28/2021 09:07:33.312224,685,969,21111-30-PRECINCT 129 30 DISTRICT (C129)
Jefferson,C129,jorgensenj,12/28/2021 09:07:33.312224,12,969,21111-30-PRECINCT 129 30 DISTRICT (C129)
Jefferson,C129,pierceb,12/28/2021 09:07:33.312224,0,969,21111-30-PRECINCT 129 30 DISTRICT (C129)
Jefferson,C129,trumpd,12/28/2021 09:07:33.312224,269,969,21111-30-PRECINCT 129 30 DISTRICT (C129)
Jefferson,C129,westk,12/28/2021 09:07:33.312224,3,969,21111-30-PRECINCT 129 30 DISTRICT (C129)
Jefferson,C130,bidenj,12/28/2021 09:07:33.312224,45,64,21111-30-PRECINCT 130 30 DISTRICT (C130)
Jefferson,C130,jorgensenj,12/28/2021 09:07:33.312224,0,64,21111-30-PRECINCT 130 30 DISTRICT (C130)
Jefferson,C130,pierceb,12/28/2021 09:07:33.312224,0,64,21111-30-PRECINCT 130 30 DISTRICT (C130)
Jefferson,C130,trumpd,12/28/2021 09:07:33.312224,19,64,21111-30-PRECINCT 130 30 DISTRICT (C130)
Jefferson,C130,westk,12/28/2021 09:07:33.312224,0,64,21111-30-PRECINCT 130 30 DISTRICT (C130)
Jefferson,C131,bidenj,12/28/2021 09:07:33.312224,247,389,21111-30-PRECINCT 131 30 DISTRICT (C131)
Jefferson,C131,jorgensenj,12/28/2021 09:07:33.312224,4,389,21111-30-PRECINCT 131 30 DISTRICT (C131)
Jefferson,C131,pierceb,12/28/2021 09:07:33.312224,2,389,21111-30-PRECINCT 131 30 DISTRICT (C131)
Jefferson,C131,trumpd,12/28/2021 09:07:33.312224,134,389,21111-30-PRECINCT 131 30 DISTRICT (C131)
Jefferson,C131,westk,12/28/2021 09:07:33.312224,2,389,21111-30-PRECINCT 131 30 DISTRICT (C131)
Jefferson,C133,bidenj,12/28/2021 09:07:33.312224,650,981,21111-30-PRECINCT 133 30 DISTRICT (C133)
Jefferson,C133,jorgensenj,12/28/2021 09:07:33.312224,13,981,21111-30-PRECINCT 133 30 DISTRICT (C133)
Jefferson,C133,pierceb,12/28/2021 09:07:33.312224,3,981,21111-30-PRECINCT 133 30 DISTRICT (C133)
Jefferson,C133,trumpd,12/28/2021 09:07:33.312224,310,981,21111-30-PRECINCT 133 30 DISTRICT (C133)
Jefferson,C133,westk,12/28/2021 09:07:33.312224,5,981,21111-30-PRECINCT 133 30 DISTRICT (C133)
Jefferson,C134,bidenj,12/28/2021 09:07:33.312224,386,653,21111-30-PRECINCT 134 30 DISTRICT (C134)
Jefferson,C134,jorgensenj,12/28/2021 09:07:33.312224,8,653,21111-30-PRECINCT 134 30 DISTRICT (C134)
Jefferson,C134,pierceb,12/28/2021 09:07:33.312224,1,653,21111-30-PRECINCT 134 30 DISTRICT (C134)
Jefferson,C134,trumpd,12/28/2021 09:07:33.312224,256,653,21111-30-PRECINCT 134 30 DISTRICT (C134)
Jefferson,C134,westk,12/28/2021 09:07:33.312224,2,653,21111-30-PRECINCT 134 30 DISTRICT (C134)
Jefferson,C135,bidenj,12/28/2021 09:07:33.312224,454,723,21111-30-PRECINCT 135 30 DISTRICT (C135)
Jefferson,C135,jorgensenj,12/28/2021 09:07:33.312224,6,723,21111-30-PRECINCT 135 30 DISTRICT (C135)
Jefferson,C135,pierceb,12/28/2021 09:07:33.312224,2,723,21111-30-PRECINCT 135 30 DISTRICT (C135)
Jefferson,C135,trumpd,12/28/2021 09:07:33.312224,258,723,21111-30-PRECINCT 135 30 DISTRICT (C135)
Jefferson,C135,westk,12/28/2021 09:07:33.312224,3,723,21111-30-PRECINCT 135 30 DISTRICT (C135)
Jefferson,C136,bidenj,12/28/2021 09:07:33.312224,285,449,21111-30-PRECINCT 136 30 DISTRICT (C136)
Jefferson,C136,jorgensenj,12/28/2021 09:07:33.312224,6,449,21111-30-PRECINCT 136 30 DISTRICT (C136)
Jefferson,C136,pierceb,12/28/2021 09:07:33.312224,2,449,21111-30-PRECINCT 136 30 DISTRICT (C136)
Jefferson,C136,trumpd,12/28/2021 09:07:33.312224,150,449,21111-30-PRECINCT 136 30 DISTRICT (C136)
Jefferson,C136,westk,12/28/2021 09:07:33.312224,6,449,21111-30-PRECINCT 136 30 DISTRICT (C136)
Jefferson,C137,bidenj,12/28/2021 09:07:33.312224,434,676,21111-30-PRECINCT 137 30 DISTRICT (C137)
Jefferson,C137,jorgensenj,12/28/2021 09:07:33.312224,11,676,21111-30-PRECINCT 137 30 DISTRICT (C137)
Jefferson,C137,pierceb,12/28/2021 09:07:33.312224,1,676,21111-30-PRECINCT 137 30 DISTRICT (C137)
Jefferson,C137,trumpd,12/28/2021 09:07:33.312224,226,676,21111-30-PRECINCT 137 30 DISTRICT (C137)
Jefferson,C137,westk,12/28/2021 09:07:33.312224,4,676,21111-30-PRECINCT 137 30 DISTRICT (C137)
Jefferson,C138,bidenj,12/28/2021 09:07:33.312224,300,458,21111-30-PRECINCT 138 30 DISTRICT (C138)
Jefferson,C138,jorgensenj,12/28/2021 09:07:33.312224,8,458,21111-30-PRECINCT 138 30 DISTRICT (C138)
Jefferson,C138,pierceb,12/28/2021 09:07:33.312224,2,458,21111-30-PRECINCT 138 30 DISTRICT (C138)
Jefferson,C138,trumpd,12/28/2021 09:07:33.312224,147,458,21111-30-PRECINCT 138 30 DISTRICT (C138)
Jefferson,C138,westk,12/28/2021 09:07:33.312224,1,458,21111-30-PRECINCT 138 30 DISTRICT (C138)
Jefferson,C139,bidenj,12/28/2021 09:07:33.312224,12,34,21111-30-PRECINCT 139 30 DISTRICT (C139)
Jefferson,C139,jorgensenj,12/28/2021 09:07:33.312224,2,34,21111-30-PRECINCT 139 30 DISTRICT (C139)
Jefferson,C139,pierceb,12/28/2021 09:07:33.312224,0,34,21111-30-PRECINCT 139 30 DISTRICT (C139)
Jefferson,C139,trumpd,12/28/2021 09:07:33.312224,20,34,21111-30-PRECINCT 139 30 DISTRICT (C139)
Jefferson,C139,westk,12/28/2021 09:07:33.312224,0,34,21111-30-PRECINCT 139 30 DISTRICT (C139)
Jefferson,C141,bidenj,12/28/2021 09:07:33.312224,280,407,21111-30-PRECINCT 141 30 DISTRICT (C141)
Jefferson,C141,jorgensenj,12/28/2021 09:07:33.312224,9,407,21111-30-PRECINCT 141 30 DISTRICT (C141)
Jefferson,C141,pierceb,12/28/2021 09:07:33.312224,2,407,21111-30-PRECINCT 141 30 DISTRICT (C141)
Jefferson,C141,trumpd,12/28/2021 09:07:33.312224,115,407,21111-30-PRECINCT 141 30 DISTRICT (C141)
Jefferson,C141,westk,12/28/2021 09:07:33.312224,1,407,21111-30-PRECINCT 141 30 DISTRICT (C141)
Jefferson,C142,bidenj,12/28/2021 09:07:33.312224,579,741,21111-30-PRECINCT 142 30 DISTRICT (C142)
Jefferson,C142,jorgensenj,12/28/2021 09:07:33.312224,4,741,21111-30-PRECINCT 142 30 DISTRICT (C142)
Jefferson,C142,pierceb,12/28/2021 09:07:33.312224,1,741,21111-30-PRECINCT 142 30 DISTRICT (C142)
Jefferson,C142,trumpd,12/28/2021 09:07:33.312224,153,741,21111-30-PRECINCT 142 30 DISTRICT (C142)
Jefferson,C142,westk,12/28/2021 09:07:33.312224,4,741,21111-30-PRECINCT 142 30 DISTRICT (C142)
Jefferson,C143,bidenj,12/28/2021 09:07:33.312224,62,154,21111-30-PRECINCT 143 30 DISTRICT (C143)
Jefferson,C143,jorgensenj,12/28/2021 09:07:33.312224,1,154,21111-30-PRECINCT 143 30 DISTRICT (C143)
Jefferson,C143,pierceb,12/28/2021 09:07:33.312224,0,154,21111-30-PRECINCT 143 30 DISTRICT (C143)
Jefferson,C143,trumpd,12/28/2021 09:07:33.312224,91,154,21111-30-PRECINCT 143 30 DISTRICT (C143)
Jefferson,C143,westk,12/28/2021 09:07:33.312224,0,154,21111-30-PRECINCT 143 30 DISTRICT (C143)
Jefferson,C144,bidenj,12/28/2021 09:07:33.312224,40,78,21111-30-PRECINCT 144 30 DISTRICT (C144)
Jefferson,C144,jorgensenj,12/28/2021 09:07:33.312224,0,78,21111-30-PRECINCT 144 30 DISTRICT (C144)
Jefferson,C144,pierceb,12/28/2021 09:07:33.312224,0,78,21111-30-PRECINCT 144 30 DISTRICT (C144)
Jefferson,C144,trumpd,12/28/2021 09:07:33.312224,38,78,21111-30-PRECINCT 144 30 DISTRICT (C144)
Jefferson,C144,westk,12/28/2021 09:07:33.312224,0,78,21111-30-PRECINCT 144 30 DISTRICT (C144)
Jefferson,C145,bidenj,12/28/2021 09:07:33.312224,97,187,21111-30-PRECINCT 145 30 DISTRICT (C145)
Jefferson,C145,jorgensenj,12/28/2021 09:07:33.312224,3,187,21111-30-PRECINCT 145 30 DISTRICT (C145)
Jefferson,C145,pierceb,12/28/2021 09:07:33.312224,1,187,21111-30-PRECINCT 145 30 DISTRICT (C145)
Jefferson,C145,trumpd,12/28/2021 09:07:33.312224,82,187,21111-30-PRECINCT 145 30 DISTRICT (C145)
Jefferson,C145,westk,12/28/2021 09:07:33.312224,4,187,21111-30-PRECINCT 145 30 DISTRICT (C145)
Jefferson,C146,bidenj,12/28/2021 09:07:33.312224,1,1,
Jefferson,C146,jorgensenj,12/28/2021 09:07:33.312224,0,1,
Jefferson,C146,pierceb,12/28/2021 09:07:33.312224,0,1,
Jefferson,C146,trumpd,12/28/2021 09:07:33.312224,0,1,
Jefferson,C146,westk,12/28/2021 09:07:33.312224,0,1,
Jefferson,C147,bidenj,12/28/2021 09:07:33.312224,4,4,21111-30-PRECINCT 147 30 DISTRICT (C147)
Jefferson,C147,jorgensenj,12/28/2021 09:07:33.312224,0,4,21111-30-PRECINCT 147 30 DISTRICT (C147)
Jefferson,C147,pierceb,12/28/2021 09:07:33.312224,0,4,21111-30-PRECINCT 147 30 DISTRICT (C147)
Jefferson,C147,trumpd,12/28/2021 09:07:33.312224,0,4,21111-30-PRECINCT 147 30 DISTRICT (C147)
Jefferson,C147,westk,12/28/2021 09:07:33.312224,0,4,21111-30-PRECINCT 147 30 DISTRICT (C147)
Jefferson,C148,bidenj,12/28/2021 09:07:33.312224,15,31,
Jefferson,C148,jorgensenj,12/28/2021 09:07:33.312224,1,31,
Jefferson,C148,pierceb,12/28/2021 09:07:33.312224,0,31,
Jefferson,C148,trumpd,12/28/2021 09:07:33.312224,15,31,
Jefferson,C148,westk,12/28/2021 09:07:33.312224,0,31,
Jefferson,C149,bidenj,12/28/2021 09:07:33.312224,1,13,21111-30-PRECINCT 149 30 DISTRICT (C149)
Jefferson,C149,jorgensenj,12/28/2021 09:07:33.312224,0,13,21111-30-PRECINCT 149 30 DISTRICT (C149)
Jefferson,C149,pierceb,12/28/2021 09:07:33.312224,1,13,21111-30-PRECINCT 149 30 DISTRICT (C149)
Jefferson,C149,trumpd,12/28/2021 09:07:33.312224,11,13,21111-30-PRECINCT 149 30 DISTRICT (C149)
Jefferson,C149,westk,12/28/2021 09:07:33.312224,0,13,21111-30-PRECINCT 149 30 DISTRICT (C149)
Jefferson,C150,bidenj,12/28/2021 09:07:33.312224,7,12,21111-30-PRECINCT 150 30 DISTRICT (C150)
Jefferson,C150,jorgensenj,12/28/2021 09:07:33.312224,0,12,21111-30-PRECINCT 150 30 DISTRICT (C150)
Jefferson,C150,pierceb,12/28/2021 09:07:33.312224,0,12,21111-30-PRECINCT 150 30 DISTRICT (C150)
Jefferson,C150,trumpd,12/28/2021 09:07:33.312224,5,12,21111-30-PRECINCT 150 30 DISTRICT (C150)
Jefferson,C150,westk,12/28/2021 09:07:33.312224,0,12,21111-30-PRECINCT 150 30 DISTRICT (C150)
Jefferson,C151,bidenj,12/28/2021 09:07:33.312224,15,21,21111-30-PRECINCT 151 30 DISTRICT (C151)
Jefferson,C151,jorgensenj,12/28/2021 09:07:33.312224,0,21,21111-30-PRECINCT 151 30 DISTRICT (C151)
Jefferson,C151,pierceb,12/28/2021 09:07:33.312224,0,21,21111-30-PRECINCT 151 30 DISTRICT (C151)
Jefferson,C151,trumpd,12/28/2021 09:07:33.312224,6,21,21111-30-PRECINCT 151 30 DISTRICT (C151)
Jefferson,C151,westk,12/28/2021 09:07:33.312224,0,21,21111-30-PRECINCT 151 30 DISTRICT (C151)
Jefferson,D101,bidenj,12/28/2021 09:07:33.312224,289,464,21111-31-PRECINCT 101 31 DISTRICT (D101)
Jefferson,D101,jorgensenj,12/28/2021 09:07:33.312224,4,464,21111-31-PRECINCT 101 31 DISTRICT (D101)
Jefferson,D101,pierceb,12/28/2021 09:07:33.312224,2,464,21111-31-PRECINCT 101 31 DISTRICT (D101)
Jefferson,D101,trumpd,12/28/2021 09:07:33.312224,166,464,21111-31-PRECINCT 101 31 DISTRICT (D101)
Jefferson,D101,westk,12/28/2021 09:07:33.312224,3,464,21111-31-PRECINCT 101 31 DISTRICT (D101)
Jefferson,D104,bidenj,12/28/2021 09:07:33.312224,363,567,21111-31-PRECINCT 104 31 DISTRICT (D104)
Jefferson,D104,jorgensenj,12/28/2021 09:07:33.312224,10,567,21111-31-PRECINCT 104 31 DISTRICT (D104)
Jefferson,D104,pierceb,12/28/2021 09:07:33.312224,1,567,21111-31-PRECINCT 104 31 DISTRICT (D104)
Jefferson,D104,trumpd,12/28/2021 09:07:33.312224,190,567,21111-31-PRECINCT 104 31 DISTRICT (D104)
Jefferson,D104,westk,12/28/2021 09:07:33.312224,3,567,21111-31-PRECINCT 104 31 DISTRICT (D104)
Jefferson,D106,bidenj,12/28/2021 09:07:33.312224,438,754,21111-31-PRECINCT 106 31 DISTRICT (D106)
Jefferson,D106,jorgensenj,12/28/2021 09:07:33.312224,11,754,21111-31-PRECINCT 106 31 DISTRICT (D106)
Jefferson,D106,pierceb,12/28/2021 09:07:33.312224,1,754,21111-31-PRECINCT 106 31 DISTRICT (D106)
Jefferson,D106,trumpd,12/28/2021 09:07:33.312224,299,754,21111-31-PRECINCT 106 31 DISTRICT (D106)
Jefferson,D106,westk,12/28/2021 09:07:33.312224,5,754,21111-31-PRECINCT 106 31 DISTRICT (D106)
Jefferson,D108,bidenj,12/28/2021 09:07:33.312224,496,841,21111-31-PRECINCT 108 31 DISTRICT (D108)
Jefferson,D108,jorgensenj,12/28/2021 09:07:33.312224,14,841,21111-31-PRECINCT 108 31 DISTRICT (D108)
Jefferson,D108,pierceb,12/28/2021 09:07:33.312224,1,841,21111-31-PRECINCT 108 31 DISTRICT (D108)
Jefferson,D108,trumpd,12/28/2021 09:07:33.312224,328,841,21111-31-PRECINCT 108 31 DISTRICT (D108)
Jefferson,D108,westk,12/28/2021 09:07:33.312224,2,841,21111-31-PRECINCT 108 31 DISTRICT (D108)
Jefferson,D109,bidenj,12/28/2021 09:07:33.312224,250,359,21111-31-PRECINCT 109 31 DISTRICT (D109)
Jefferson,D109,jorgensenj,12/28/2021 09:07:33.312224,4,359,21111-31-PRECINCT 109 31 DISTRICT (D109)
Jefferson,D109,pierceb,12/28/2021 09:07:33.312224,0,359,21111-31-PRECINCT 109 31 DISTRICT (D109)
Jefferson,D109,trumpd,12/28/2021 09:07:33.312224,103,359,21111-31-PRECINCT 109 31 DISTRICT (D109)
Jefferson,D109,westk,12/28/2021 09:07:33.312224,2,359,21111-31-PRECINCT 109 31 DISTRICT (D109)
Jefferson,D110,bidenj,12/28/2021 09:07:33.312224,446,659,21111-31-PRECINCT 110 31 DISTRICT (D110)
Jefferson,D110,jorgensenj,12/28/2021 09:07:33.312224,8,659,21111-31-PRECINCT 110 31 DISTRICT (D110)
Jefferson,D110,pierceb,12/28/2021 09:07:33.312224,1,659,21111-31-PRECINCT 110 31 DISTRICT (D110)
Jefferson,D110,trumpd,12/28/2021 09:07:33.312224,200,659,21111-31-PRECINCT 110 31 DISTRICT (D110)
Jefferson,D110,westk,12/28/2021 09:07:33.312224,4,659,21111-31-PRECINCT 110 31 DISTRICT (D110)
Jefferson,D113,bidenj,12/28/2021 09:07:33.312224,385,526,21111-31-PRECINCT 113 31 DISTRICT (D113)
Jefferson,D113,jorgensenj,12/28/2021 09:07:33.312224,7,526,21111-31-PRECINCT 113 31 DISTRICT (D113)
Jefferson,D113,pierceb,12/28/2021 09:07:33.312224,0,526,21111-31-PRECINCT 113 31 DISTRICT (D113)
Jefferson,D113,trumpd,12/28/2021 09:07:33.312224,128,526,21111-31-PRECINCT 113 31 DISTRICT (D113)
Jefferson,D113,westk,12/28/2021 09:07:33.312224,6,526,21111-31-PRECINCT 113 31 DISTRICT (D113)
Jefferson,D114,bidenj,12/28/2021 09:07:33.312224,425,792,21111-31-PRECINCT 114 31 DISTRICT (D114)
Jefferson,D114,jorgensenj,12/28/2021 09:07:33.312224,10,792,21111-31-PRECINCT 114 31 DISTRICT (D114)
Jefferson,D114,pierceb,12/28/2021 09:07:33.312224,0,792,21111-31-PRECINCT 114 31 DISTRICT (D114)
Jefferson,D114,trumpd,12/28/2021 09:07:33.312224,355,792,21111-31-PRECINCT 114 31 DISTRICT (D114)
Jefferson,D114,westk,12/28/2021 09:07:33.312224,2,792,21111-31-PRECINCT 114 31 DISTRICT (D114)
Jefferson,D115,bidenj,12/28/2021 09:07:33.312224,651,1047,21111-31-PRECINCT 115 31 DISTRICT (D115)
Jefferson,D115,jorgensenj,12/28/2021 09:07:33.312224,16,1047,21111-31-PRECINCT 115 31 DISTRICT (D115)
Jefferson,D115,pierceb,12/28/2021 09:07:33.312224,2,1047,21111-31-PRECINCT 115 31 DISTRICT (D115)
Jefferson,D115,trumpd,12/28/2021 09:07:33.312224,376,1047,21111-31-PRECINCT 115 31 DISTRICT (D115)
Jefferson,D115,westk,12/28/2021 09:07:33.312224,2,1047,21111-31-PRECINCT 115 31 DISTRICT (D115)
Jefferson,D116,bidenj,12/28/2021 09:07:33.312224,614,1194,21111-31-PRECINCT 116 31 DISTRICT (D116)
Jefferson,D116,jorgensenj,12/28/2021 09:07:33.312224,21,1194,21111-31-PRECINCT 116 31 DISTRICT (D116)
Jefferson,D116,pierceb,12/28/2021 09:07:33.312224,1,1194,21111-31-PRECINCT 116 31 DISTRICT (D116)
Jefferson,D116,trumpd,12/28/2021 09:07:33.312224,555,1194,21111-31-PRECINCT 116 31 DISTRICT (D116)
Jefferson,D116,westk,12/28/2021 09:07:33.312224,3,1194,21111-31-PRECINCT 116 31 DISTRICT (D116)
Jefferson,D117,bidenj,12/28/2021 09:07:33.312224,450,790,21111-31-PRECINCT 117 31 DISTRICT (D117)
Jefferson,D117,jorgensenj,12/28/2021 09:07:33.312224,9,790,21111-31-PRECINCT 117 31 DISTRICT (D117)
Jefferson,D117,pierceb,12/28/2021 09:07:33.312224,0,790,21111-31-PRECINCT 117 31 DISTRICT (D117)
Jefferson,D117,trumpd,12/28/2021 09:07:33.312224,330,790,21111-31-PRECINCT 117 31 DISTRICT (D117)
Jefferson,D117,westk,12/28/2021 09:07:33.312224,1,790,21111-31-PRECINCT 117 31 DISTRICT (D117)
Jefferson,D120,bidenj,12/28/2021 09:07:33.312224,702,1128,21111-31-PRECINCT 120 31 DISTRICT (D120)
Jefferson,D120,jorgensenj,12/28/2021 09:07:33.312224,19,1128,21111-31-PRECINCT 120 31 DISTRICT (D120)
Jefferson,D120,pierceb,12/28/2021 09:07:33.312224,2,1128,21111-31-PRECINCT 120 31 DISTRICT (D120)
Jefferson,D120,trumpd,12/28/2021 09:07:33.312224,400,1128,21111-31-PRECINCT 120 31 DISTRICT (D120)
Jefferson,D120,westk,12/28/2021 09:07:33.312224,5,1128,21111-31-PRECINCT 120 31 DISTRICT (D120)
Jefferson,D121,bidenj,12/28/2021 09:07:33.312224,342,692,21111-31-PRECINCT 121 31 DISTRICT (D121)
Jefferson,D121,jorgensenj,12/28/2021 09:07:33.312224,16,692,21111-31-PRECINCT 121 31 DISTRICT (D121)
Jefferson,D121,pierceb,12/28/2021 09:07:33.312224,5,692,21111-31-PRECINCT 121 31 DISTRICT (D121)
Jefferson,D121,trumpd,12/28/2021 09:07:33.312224,325,692,21111-31-PRECINCT 121 31 DISTRICT (D121)
Jefferson,D121,westk,12/28/2021 09:07:33.312224,4,692,21111-31-PRECINCT 121 31 DISTRICT (D121)
Jefferson,D122,bidenj,12/28/2021 09:07:33.312224,403,803,21111-31-PRECINCT 122 31 DISTRICT (D122)
Jefferson,D122,jorgensenj,12/28/2021 09:07:33.312224,24,803,21111-31-PRECINCT 122 31 DISTRICT (D122)
Jefferson,D122,pierceb,12/28/2021 09:07:33.312224,2,803,21111-31-PRECINCT 122 31 DISTRICT (D122)
Jefferson,D122,trumpd,12/28/2021 09:07:33.312224,370,803,21111-31-PRECINCT 122 31 DISTRICT (D122)
Jefferson,D122,westk,12/28/2021 09:07:33.312224,4,803,21111-31-PRECINCT 122 31 DISTRICT (D122)
Jefferson,D126,bidenj,12/28/2021 09:07:33.312224,657,1210,21111-31-PRECINCT 126 31 DISTRICT (D126)
Jefferson,D126,jorgensenj,12/28/2021 09:07:33.312224,24,1210,21111-31-PRECINCT 126 31 DISTRICT (D126)
Jefferson,D126,pierceb,12/28/2021 09:07:33.312224,5,1210,21111-31-PRECINCT 126 31 DISTRICT (D126)
Jefferson,D126,trumpd,12/28/2021 09:07:33.312224,516,1210,21111-31-PRECINCT 126 31 DISTRICT (D126)
Jefferson,D126,westk,12/28/2021 09:07:33.312224,8,1210,21111-31-PRECINCT 126 31 DISTRICT (D126)
Jefferson,D129,bidenj,12/28/2021 09:07:33.312224,257,435,21111-31-PRECINCT 129 31 DISTRICT (D129)
Jefferson,D129,jorgensenj,12/28/2021 09:07:33.312224,5,435,21111-31-PRECINCT 129 31 DISTRICT (D129)
Jefferson,D129,pierceb,12/28/2021 09:07:33.312224,2,435,21111-31-PRECINCT 129 31 DISTRICT (D129)
Jefferson,D129,trumpd,12/28/2021 09:07:33.312224,169,435,21111-31-PRECINCT 129 31 DISTRICT (D129)
Jefferson,D129,westk,12/28/2021 09:07:33.312224,2,435,21111-31-PRECINCT 129 31 DISTRICT (D129)
Jefferson,D130,bidenj,12/28/2021 09:07:33.312224,464,765,21111-31-PRECINCT 130 31 DISTRICT (D130)
Jefferson,D130,jorgensenj,12/28/2021 09:07:33.312224,15,765,21111-31-PRECINCT 130 31 DISTRICT (D130)
Jefferson,D130,pierceb,12/28/2021 09:07:33.312224,1,765,21111-31-PRECINCT 130 31 DISTRICT (D130)
Jefferson,D130,trumpd,12/28/2021 09:07:33.312224,280,765,21111-31-PRECINCT 130 31 DISTRICT (D130)
Jefferson,D130,westk,12/28/2021 09:07:33.312224,5,765,21111-31-PRECINCT 130 31 DISTRICT (D130)
Jefferson,D131,bidenj,12/28/2021 09:07:33.312224,295,463,21111-31-PRECINCT 131 31 DISTRICT (D131)
Jefferson,D131,jorgensenj,12/28/2021 09:07:33.312224,11,463,21111-31-PRECINCT 131 31 DISTRICT (D131)
Jefferson,D131,pierceb,12/28/2021 09:07:33.312224,2,463,21111-31-PRECINCT 131 31 DISTRICT (D131)
Jefferson,D131,trumpd,12/28/2021 09:07:33.312224,153,463,21111-31-PRECINCT 131 31 DISTRICT (D131)
Jefferson,D131,westk,12/28/2021 09:07:33.312224,2,463,21111-31-PRECINCT 131 31 DISTRICT (D131)
Jefferson,D132,bidenj,12/28/2021 09:07:33.312224,832,1331,21111-31-PRECINCT 132 31 DISTRICT (D132)
Jefferson,D132,jorgensenj,12/28/2021 09:07:33.312224,23,1331,21111-31-PRECINCT 132 31 DISTRICT (D132)
Jefferson,D132,pierceb,12/28/2021 09:07:33.312224,3,1331,21111-31-PRECINCT 132 31 DISTRICT (D132)
Jefferson,D132,trumpd,12/28/2021 09:07:33.312224,469,1331,21111-31-PRECINCT 132 31 DISTRICT (D132)
Jefferson,D132,westk,12/28/2021 09:07:33.312224,4,1331,21111-31-PRECINCT 132 31 DISTRICT (D132)
Jefferson,D135,bidenj,12/28/2021 09:07:33.312224,401,639,21111-31-PRECINCT 135 31 DISTRICT (D135)
Jefferson,D135,jorgensenj,12/28/2021 09:07:33.312224,4,639,21111-31-PRECINCT 135 31 DISTRICT (D135)
Jefferson,D135,pierceb,12/28/2021 09:07:33.312224,2,639,21111-31-PRECINCT 135 31 DISTRICT (D135)
Jefferson,D135,trumpd,12/28/2021 09:07:33.312224,230,639,21111-31-PRECINCT 135 31 DISTRICT (D135)
Jefferson,D135,westk,12/28/2021 09:07:33.312224,2,639,21111-31-PRECINCT 135 31 DISTRICT (D135)
Jefferson,D136,bidenj,12/28/2021 09:07:33.312224,663,1179,21111-31-PRECINCT 136 31 DISTRICT (D136)
Jefferson,D136,jorgensenj,12/28/2021 09:07:33.312224,7,1179,21111-31-PRECINCT 136 31 DISTRICT (D136)
Jefferson,D136,pierceb,12/28/2021 09:07:33.312224,4,1179,21111-31-PRECINCT 136 31 DISTRICT (D136)
Jefferson,D136,trumpd,12/28/2021 09:07:33.312224,504,1179,21111-31-PRECINCT 136 31 DISTRICT (D136)
Jefferson,D136,westk,12/28/2021 09:07:33.312224,1,1179,21111-31-PRECINCT 136 31 DISTRICT (D136)
Jefferson,D137,bidenj,12/28/2021 09:07:33.312224,342,715,21111-31-PRECINCT 137 31 DISTRICT (D137)
Jefferson,D137,jorgensenj,12/28/2021 09:07:33.312224,10,715,21111-31-PRECINCT 137 31 DISTRICT (D137)
Jefferson,D137,pierceb,12/28/2021 09:07:33.312224,1,715,21111-31-PRECINCT 137 31 DISTRICT (D137)
Jefferson,D137,trumpd,12/28/2021 09:07:33.312224,358,715,21111-31-PRECINCT 137 31 DISTRICT (D137)
Jefferson,D137,westk,12/28/2021 09:07:33.312224,4,715,21111-31-PRECINCT 137 31 DISTRICT (D137)
Jefferson,D138,bidenj,12/28/2021 09:07:33.312224,813,1375,21111-31-PRECINCT 138 31 DISTRICT (D138)
Jefferson,D138,jorgensenj,12/28/2021 09:07:33.312224,16,1375,21111-31-PRECINCT 138 31 DISTRICT (D138)
Jefferson,D138,pierceb,12/28/2021 09:07:33.312224,8,1375,21111-31-PRECINCT 138 31 DISTRICT (D138)
Jefferson,D138,trumpd,12/28/2021 09:07:33.312224,535,1375,21111-31-PRECINCT 138 31 DISTRICT (D138)
Jefferson,D138,westk,12/28/2021 09:07:33.312224,3,1375,21111-31-PRECINCT 138 31 DISTRICT (D138)
Jefferson,D139,bidenj,12/28/2021 09:07:33.312224,639,1128,21111-31-PRECINCT 139 31 DISTRICT (D139)
Jefferson,D139,jorgensenj,12/28/2021 09:07:33.312224,15,1128,21111-31-PRECINCT 139 31 DISTRICT (D139)
Jefferson,D139,pierceb,12/28/2021 09:07:33.312224,1,1128,21111-31-PRECINCT 139 31 DISTRICT (D139)
Jefferson,D139,trumpd,12/28/2021 09:07:33.312224,470,1128,21111-31-PRECINCT 139 31 DISTRICT (D139)
Jefferson,D139,westk,12/28/2021 09:07:33.312224,3,1128,21111-31-PRECINCT 139 31 DISTRICT (D139)
Jefferson,D140,bidenj,12/28/2021 09:07:33.312224,541,1011,21111-31-PRECINCT 140 31 DISTRICT (D140)
Jefferson,D140,jorgensenj,12/28/2021 09:07:33.312224,8,1011,21111-31-PRECINCT 140 31 DISTRICT (D140)
Jefferson,D140,pierceb,12/28/2021 09:07:33.312224,0,1011,21111-31-PRECINCT 140 31 DISTRICT (D140)
Jefferson,D140,trumpd,12/28/2021 09:07:33.312224,460,1011,21111-31-PRECINCT 140 31 DISTRICT (D140)
Jefferson,D140,westk,12/28/2021 09:07:33.312224,2,1011,21111-31-PRECINCT 140 31 DISTRICT (D140)
Jefferson,D141,bidenj,12/28/2021 09:07:33.312224,330,717,21111-31-PRECINCT 141 31 DISTRICT (D141)
Jefferson,D141,jorgensenj,12/28/2021 09:07:33.312224,7,717,21111-31-PRECINCT 141 31 DISTRICT (D141)
Jefferson,D141,pierceb,12/28/2021 09:07:33.312224,2,717,21111-31-PRECINCT 141 31 DISTRICT (D141)
Jefferson,D141,trumpd,12/28/2021 09:07:33.312224,376,717,21111-31-PRECINCT 141 31 DISTRICT (D141)
Jefferson,D141,westk,12/28/2021 09:07:33.312224,2,717,21111-31-PRECINCT 141 31 DISTRICT (D141)
Jefferson,D142,bidenj,12/28/2021 09:07:33.312224,410,877,21111-31-PRECINCT 142 31 DISTRICT (D142)
Jefferson,D142,jorgensenj,12/28/2021 09:07:33.312224,10,877,21111-31-PRECINCT 142 31 DISTRICT (D142)
Jefferson,D142,pierceb,12/28/2021 09:07:33.312224,1,877,21111-31-PRECINCT 142 31 DISTRICT (D142)
Jefferson,D142,trumpd,12/28/2021 09:07:33.312224,453,877,21111-31-PRECINCT 142 31 DISTRICT (D142)
Jefferson,D142,westk,12/28/2021 09:07:33.312224,3,877,21111-31-PRECINCT 142 31 DISTRICT (D142)
Jefferson,D144,bidenj,12/28/2021 09:07:33.312224,249,443,21111-31-PRECINCT 144 31 DISTRICT (D144)
Jefferson,D144,jorgensenj,12/28/2021 09:07:33.312224,8,443,21111-31-PRECINCT 144 31 DISTRICT (D144)
Jefferson,D144,pierceb,12/28/2021 09:07:33.312224,2,443,21111-31-PRECINCT 144 31 DISTRICT (D144)
Jefferson,D144,trumpd,12/28/2021 09:07:33.312224,179,443,21111-31-PRECINCT 144 31 DISTRICT (D144)
Jefferson,D144,westk,12/28/2021 09:07:33.312224,5,443,21111-31-PRECINCT 144 31 DISTRICT (D144)
Jefferson,D145,bidenj,12/28/2021 09:07:33.312224,193,358,21111-31-PRECINCT 145 31 DISTRICT (D145)
Jefferson,D145,jorgensenj,12/28/2021 09:07:33.312224,3,358,21111-31-PRECINCT 145 31 DISTRICT (D145)
Jefferson,D145,pierceb,12/28/2021 09:07:33.312224,0,358,21111-31-PRECINCT 145 31 DISTRICT (D145)
Jefferson,D145,trumpd,12/28/2021 09:07:33.312224,161,358,21111-31-PRECINCT 145 31 DISTRICT (D145)
Jefferson,D145,westk,12/28/2021 09:07:33.312224,1,358,21111-31-PRECINCT 145 31 DISTRICT (D145)
Jefferson,E139,bidenj,12/28/2021 09:07:33.312224,472,661,21111-32-PRECINCT 139 32 DISTRICT (E139)
Jefferson,E139,jorgensenj,12/28/2021 09:07:33.312224,14,661,21111-32-PRECINCT 139 32 DISTRICT (E139)
Jefferson,E139,pierceb,12/28/2021 09:07:33.312224,2,661,21111-32-PRECINCT 139 32 DISTRICT (E139)
Jefferson,E139,trumpd,12/28/2021 09:07:33.312224,171,661,21111-32-PRECINCT 139 32 DISTRICT (E139)
Jefferson,E139,westk,12/28/2021 09:07:33.312224,2,661,21111-32-PRECINCT 139 32 DISTRICT (E139)
Jefferson,E141,bidenj,12/28/2021 09:07:33.312224,193,363,21111-32-PRECINCT 141 32 DISTRICT (E141)
Jefferson,E141,jorgensenj,12/28/2021 09:07:33.312224,14,363,21111-32-PRECINCT 141 32 DISTRICT (E141)
Jefferson,E141,pierceb,12/28/2021 09:07:33.312224,0,363,21111-32-PRECINCT 141 32 DISTRICT (E141)
Jefferson,E141,trumpd,12/28/2021 09:07:33.312224,156,363,21111-32-PRECINCT 141 32 DISTRICT (E141)
Jefferson,E141,westk,12/28/2021 09:07:33.312224,0,363,21111-32-PRECINCT 141 32 DISTRICT (E141)
Jefferson,E142,bidenj,12/28/2021 09:07:33.312224,429,692,21111-32-PRECINCT 142 32 DISTRICT (E142)
Jefferson,E142,jorgensenj,12/28/2021 09:07:33.312224,10,692,21111-32-PRECINCT 142 32 DISTRICT (E142)
Jefferson,E142,pierceb,12/28/2021 09:07:33.312224,0,692,21111-32-PRECINCT 142 32 DISTRICT (E142)
Jefferson,E142,trumpd,12/28/2021 09:07:33.312224,250,692,21111-32-PRECINCT 142 32 DISTRICT (E142)
Jefferson,E142,westk,12/28/2021 09:07:33.312224,3,692,21111-32-PRECINCT 142 32 DISTRICT (E142)
Jefferson,E143,bidenj,12/28/2021 09:07:33.312224,377,566,21111-32-PRECINCT 143 32 DISTRICT (E143)
Jefferson,E143,jorgensenj,12/28/2021 09:07:33.312224,8,566,21111-32-PRECINCT 143 32 DISTRICT (E143)
Jefferson,E143,pierceb,12/28/2021 09:07:33.312224,0,566,21111-32-PRECINCT 143 32 DISTRICT (E143)
Jefferson,E143,trumpd,12/28/2021 09:07:33.312224,176,566,21111-32-PRECINCT 143 32 DISTRICT (E143)
Jefferson,E143,westk,12/28/2021 09:07:33.312224,5,566,21111-32-PRECINCT 143 32 DISTRICT (E143)
Jefferson,E144,bidenj,12/28/2021 09:07:33.312224,519,853,21111-32-PRECINCT 144 32 DISTRICT (E144)
Jefferson,E144,jorgensenj,12/28/2021 09:07:33.312224,17,853,21111-32-PRECINCT 144 32 DISTRICT (E144)
Jefferson,E144,pierceb,12/28/2021 09:07:33.312224,1,853,21111-32-PRECINCT 144 32 DISTRICT (E144)
Jefferson,E144,trumpd,12/28/2021 09:07:33.312224,314,853,21111-32-PRECINCT 144 32 DISTRICT (E144)
Jefferson,E144,westk,12/28/2021 09:07:33.312224,2,853,21111-32-PRECINCT 144 32 DISTRICT (E144)
Jefferson,E145,bidenj,12/28/2021 09:07:33.312224,470,829,21111-32-PRECINCT 145 32 DISTRICT (E145)
Jefferson,E145,jorgensenj,12/28/2021 09:07:33.312224,15,829,21111-32-PRECINCT 145 32 DISTRICT (E145)
Jefferson,E145,pierceb,12/28/2021 09:07:33.312224,2,829,21111-32-PRECINCT 145 32 DISTRICT (E145)
Jefferson,E145,trumpd,12/28/2021 09:07:33.312224,338,829,21111-32-PRECINCT 145 32 DISTRICT (E145)
Jefferson,E145,westk,12/28/2021 09:07:33.312224,4,829,21111-32-PRECINCT 145 32 DISTRICT (E145)
Jefferson,E148,bidenj,12/28/2021 09:07:33.312224,555,1024,21111-32-PRECINCT 148 32 DISTRICT (E148)
Jefferson,E148,jorgensenj,12/28/2021 09:07:33.312224,14,1024,21111-32-PRECINCT 148 32 DISTRICT (E148)
Jefferson,E148,pierceb,12/28/2021 09:07:33.312224,0,1024,21111-32-PRECINCT 148 32 DISTRICT (E148)
Jefferson,E148,trumpd,12/28/2021 09:07:33.312224,454,1024,21111-32-PRECINCT 148 32 DISTRICT (E148)
Jefferson,E148,westk,12/28/2021 09:07:33.312224,1,1024,21111-32-PRECINCT 148 32 DISTRICT (E148)
Jefferson,E152,bidenj,12/28/2021 09:07:33.312224,509,1017,21111-32-PRECINCT 152 32 DISTRICT (E152)
Jefferson,E152,jorgensenj,12/28/2021 09:07:33.312224,10,1017,21111-32-PRECINCT 152 32 DISTRICT (E152)
Jefferson,E152,pierceb,12/28/2021 09:07:33.312224,2,1017,21111-32-PRECINCT 152 32 DISTRICT (E152)
Jefferson,E152,trumpd,12/28/2021 09:07:33.312224,494,1017,21111-32-PRECINCT 152 32 DISTRICT (E152)
Jefferson,E152,westk,12/28/2021 09:07:33.312224,2,1017,21111-32-PRECINCT 152 32 DISTRICT (E152)
Jefferson,E154,bidenj,12/28/2021 09:07:33.312224,399,732,21111-32-PRECINCT 154 32 DISTRICT (E154)
Jefferson,E154,jorgensenj,12/28/2021 09:07:33.312224,3,732,21111-32-PRECINCT 154 32 DISTRICT (E154)
Jefferson,E154,pierceb,12/28/2021 09:07:33.312224,4,732,21111-32-PRECINCT 154 32 DISTRICT (E154)
Jefferson,E154,trumpd,12/28/2021 09:07:33.312224,325,732,21111-32-PRECINCT 154 32 DISTRICT (E154)
Jefferson,E154,westk,12/28/2021 09:07:33.312224,1,732,21111-32-PRECINCT 154 32 DISTRICT (E154)
Jefferson,E155,bidenj,12/28/2021 09:07:33.312224,518,850,21111-32-PRECINCT 155 32 DISTRICT (E155)
Jefferson,E155,jorgensenj,12/28/2021 09:07:33.312224,10,850,21111-32-PRECINCT 155 32 DISTRICT (E155)
Jefferson,E155,pierceb,12/28/2021 09:07:33.312224,1,850,21111-32-PRECINCT 155 32 DISTRICT (E155)
Jefferson,E155,trumpd,12/28/2021 09:07:33.312224,319,850,21111-32-PRECINCT 155 32 DISTRICT (E155)
Jefferson,E155,westk,12/28/2021 09:07:33.312224,2,850,21111-32-PRECINCT 155 32 DISTRICT (E155)
Jefferson,E157,bidenj,12/28/2021 09:07:33.312224,119,245,21111-32-PRECINCT 157 32 DISTRICT (E157)
Jefferson,E157,jorgensenj,12/28/2021 09:07:33.312224,4,245,21111-32-PRECINCT 157 32 DISTRICT (E157)
Jefferson,E157,pierceb,12/28/2021 09:07:33.312224,1,245,21111-32-PRECINCT 157 32 DISTRICT (E157)
Jefferson,E157,trumpd,12/28/2021 09:07:33.312224,121,245,21111-32-PRECINCT 157 32 DISTRICT (E157)
Jefferson,E157,westk,12/28/2021 09:07:33.312224,0,245,21111-32-PRECINCT 157 32 DISTRICT (E157)
Jefferson,E158,bidenj,12/28/2021 09:07:33.312224,294,516,21111-32-PRECINCT 158 32 DISTRICT (E158)
Jefferson,E158,jorgensenj,12/28/2021 09:07:33.312224,8,516,21111-32-PRECINCT 158 32 DISTRICT (E158)
Jefferson,E158,pierceb,12/28/2021 09:07:33.312224,2,516,21111-32-PRECINCT 158 32 DISTRICT (E158)
Jefferson,E158,trumpd,12/28/2021 09:07:33.312224,212,516,21111-32-PRECINCT 158 32 DISTRICT (E158)
Jefferson,E158,westk,12/28/2021 09:07:33.312224,0,516,21111-32-PRECINCT 158 32 DISTRICT (E158)
Jefferson,E159,bidenj,12/28/2021 09:07:33.312224,240,448,21111-32-PRECINCT 159 32 DISTRICT (E159)
Jefferson,E159,jorgensenj,12/28/2021 09:07:33.312224,4,448,21111-32-PRECINCT 159 32 DISTRICT (E159)
Jefferson,E159,pierceb,12/28/2021 09:07:33.312224,3,448,21111-32-PRECINCT 159 32 DISTRICT (E159)
Jefferson,E159,trumpd,12/28/2021 09:07:33.312224,201,448,21111-32-PRECINCT 159 32 DISTRICT (E159)
Jefferson,E159,westk,12/28/2021 09:07:33.312224,0,448,21111-32-PRECINCT 159 32 DISTRICT (E159)
Jefferson,E160,bidenj,12/28/2021 09:07:33.312224,341,720,21111-32-PRECINCT 160 32 DISTRICT (E160)
Jefferson,E160,jorgensenj,12/28/2021 09:07:33.312224,6,720,21111-32-PRECINCT 160 32 DISTRICT (E160)
Jefferson,E160,pierceb,12/28/2021 09:07:33.312224,2,720,21111-32-PRECINCT 160 32 DISTRICT (E160)
Jefferson,E160,trumpd,12/28/2021 09:07:33.312224,371,720,21111-32-PRECINCT 160 32 DISTRICT (E160)
Jefferson,E160,westk,12/28/2021 09:07:33.312224,0,720,21111-32-PRECINCT 160 32 DISTRICT (E160)
Jefferson,E161,bidenj,12/28/2021 09:07:33.312224,161,426,21111-32-PRECINCT 161 32 DISTRICT (E161)
Jefferson,E161,jorgensenj,12/28/2021 09:07:33.312224,3,426,21111-32-PRECINCT 161 32 DISTRICT (E161)
Jefferson,E161,pierceb,12/28/2021 09:07:33.312224,1,426,21111-32-PRECINCT 161 32 DISTRICT (E161)
Jefferson,E161,trumpd,12/28/2021 09:07:33.312224,260,426,21111-32-PRECINCT 161 32 DISTRICT (E161)
Jefferson,E161,westk,12/28/2021 09:07:33.312224,1,426,21111-32-PRECINCT 161 32 DISTRICT (E161)
Jefferson,E162,bidenj,12/28/2021 09:07:33.312224,216,303,21111-32-PRECINCT 162 32 DISTRICT (E162)
Jefferson,E162,jorgensenj,12/28/2021 09:07:33.312224,4,303,21111-32-PRECINCT 162 32 DISTRICT (E162)
Jefferson,E162,pierceb,12/28/2021 09:07:33.312224,1,303,21111-32-PRECINCT 162 32 DISTRICT (E162)
Jefferson,E162,trumpd,12/28/2021 09:07:33.312224,82,303,21111-32-PRECINCT 162 32 DISTRICT (E162)
Jefferson,E162,westk,12/28/2021 09:07:33.312224,0,303,21111-32-PRECINCT 162 32 DISTRICT (E162)
Jefferson,E163,bidenj,12/28/2021 09:07:33.312224,378,961,21111-32-PRECINCT 163 32 DISTRICT (E163)
Jefferson,E163,jorgensenj,12/28/2021 09:07:33.312224,6,961,21111-32-PRECINCT 163 32 DISTRICT (E163)
Jefferson,E163,pierceb,12/28/2021 09:07:33.312224,0,961,21111-32-PRECINCT 163 32 DISTRICT (E163)
Jefferson,E163,trumpd,12/28/2021 09:07:33.312224,576,961,21111-32-PRECINCT 163 32 DISTRICT (E163)
Jefferson,E163,westk,12/28/2021 09:07:33.312224,1,961,21111-32-PRECINCT 163 32 DISTRICT (E163)
Jefferson,E164,bidenj,12/28/2021 09:07:33.312224,395,893,21111-32-PRECINCT 164 32 DISTRICT (E164)
Jefferson,E164,jorgensenj,12/28/2021 09:07:33.312224,12,893,21111-32-PRECINCT 164 32 DISTRICT (E164)
Jefferson,E164,pierceb,12/28/2021 09:07:33.312224,1,893,21111-32-PRECINCT 164 32 DISTRICT (E164)
Jefferson,E164,trumpd,12/28/2021 09:07:33.312224,481,893,21111-32-PRECINCT 164 32 DISTRICT (E164)
Jefferson,E164,westk,12/28/2021 09:07:33.312224,4,893,21111-32-PRECINCT 164 32 DISTRICT (E164)
Jefferson,E165,bidenj,12/28/2021 09:07:33.312224,556,948,21111-32-PRECINCT 165 32 DISTRICT (E165)
Jefferson,E165,jorgensenj,12/28/2021 09:07:33.312224,6,948,21111-32-PRECINCT 165 32 DISTRICT (E165)
Jefferson,E165,pierceb,12/28/2021 09:07:33.312224,0,948,21111-32-PRECINCT 165 32 DISTRICT (E165)
Jefferson,E165,trumpd,12/28/2021 09:07:33.312224,382,948,21111-32-PRECINCT 165 32 DISTRICT (E165)
Jefferson,E165,westk,12/28/2021 09:07:33.312224,4,948,21111-32-PRECINCT 165 32 DISTRICT (E165)
Jefferson,E166,bidenj,12/28/2021 09:07:33.312224,262,528,21111-32-PRECINCT 166 32 DISTRICT (E166)
Jefferson,E166,jorgensenj,12/28/2021 09:07:33.312224,12,528,21111-32-PRECINCT 166 32 DISTRICT (E166)
Jefferson,E166,pierceb,12/28/2021 09:07:33.312224,1,528,21111-32-PRECINCT 166 32 DISTRICT (E166)
Jefferson,E166,trumpd,12/28/2021 09:07:33.312224,250,528,21111-32-PRECINCT 166 32 DISTRICT (E166)
Jefferson,E166,westk,12/28/2021 09:07:33.312224,3,528,21111-32-PRECINCT 166 32 DISTRICT (E166)
Jefferson,E167,bidenj,12/28/2021 09:07:33.312224,613,911,21111-32-PRECINCT 167 32 DISTRICT (E167)
Jefferson,E167,jorgensenj,12/28/2021 09:07:33.312224,9,911,21111-32-PRECINCT 167 32 DISTRICT (E167)
Jefferson,E167,pierceb,12/28/2021 09:07:33.312224,3,911,21111-32-PRECINCT 167 32 DISTRICT (E167)
Jefferson,E167,trumpd,12/28/2021 09:07:33.312224,282,911,21111-32-PRECINCT 167 32 DISTRICT (E167)
Jefferson,E167,westk,12/28/2021 09:07:33.312224,4,911,21111-32-PRECINCT 167 32 DISTRICT (E167)
Jefferson,E168,bidenj,12/28/2021 09:07:33.312224,185,427,21111-32-PRECINCT 168 32 DISTRICT (E168)
Jefferson,E168,jorgensenj,12/28/2021 09:07:33.312224,4,427,21111-32-PRECINCT 168 32 DISTRICT (E168)
Jefferson,E168,pierceb,12/28/2021 09:07:33.312224,0,427,21111-32-PRECINCT 168 32 DISTRICT (E168)
Jefferson,E168,trumpd,12/28/2021 09:07:33.312224,236,427,21111-32-PRECINCT 168 32 DISTRICT (E168)
Jefferson,E168,westk,12/28/2021 09:07:33.312224,2,427,21111-32-PRECINCT 168 32 DISTRICT (E168)
Jefferson,E169,bidenj,12/28/2021 09:07:33.312224,558,1167,21111-32-PRECINCT 169 32 DISTRICT (E169)
Jefferson,E169,jorgensenj,12/28/2021 09:07:33.312224,12,1167,21111-32-PRECINCT 169 32 DISTRICT (E169)
Jefferson,E169,pierceb,12/28/2021 09:07:33.312224,1,1167,21111-32-PRECINCT 169 32 DISTRICT (E169)
Jefferson,E169,trumpd,12/28/2021 09:07:33.312224,595,1167,21111-32-PRECINCT 169 32 DISTRICT (E169)
Jefferson,E169,westk,12/28/2021 09:07:33.312224,1,1167,21111-32-PRECINCT 169 32 DISTRICT (E169)
Jefferson,E171,bidenj,12/28/2021 09:07:33.312224,335,566,21111-32-PRECINCT 171 32 DISTRICT (E171)
Jefferson,E171,jorgensenj,12/28/2021 09:07:33.312224,8,566,21111-32-PRECINCT 171 32 DISTRICT (E171)
Jefferson,E171,pierceb,12/28/2021 09:07:33.312224,3,566,21111-32-PRECINCT 171 32 DISTRICT (E171)
Jefferson,E171,trumpd,12/28/2021 09:07:33.312224,220,566,21111-32-PRECINCT 171 32 DISTRICT (E171)
Jefferson,E171,westk,12/28/2021 09:07:33.312224,0,566,21111-32-PRECINCT 171 32 DISTRICT (E171)
Jefferson,E173,bidenj,12/28/2021 09:07:33.312224,347,509,21111-32-PRECINCT 173 32 DISTRICT (E173)
Jefferson,E173,jorgensenj,12/28/2021 09:07:33.312224,9,509,21111-32-PRECINCT 173 32 DISTRICT (E173)
Jefferson,E173,pierceb,12/28/2021 09:07:33.312224,6,509,21111-32-PRECINCT 173 32 DISTRICT (E173)
Jefferson,E173,trumpd,12/28/2021 09:07:33.312224,142,509,21111-32-PRECINCT 173 32 DISTRICT (E173)
Jefferson,E173,westk,12/28/2021 09:07:33.312224,5,509,21111-32-PRECINCT 173 32 DISTRICT (E173)
Jefferson,E175,bidenj,12/28/2021 09:07:33.312224,322,502,21111-32-PRECINCT 175 32 DISTRICT (E175)
Jefferson,E175,jorgensenj,12/28/2021 09:07:33.312224,4,502,21111-32-PRECINCT 175 32 DISTRICT (E175)
Jefferson,E175,pierceb,12/28/2021 09:07:33.312224,0,502,21111-32-PRECINCT 175 32 DISTRICT (E175)
Jefferson,E175,trumpd,12/28/2021 09:07:33.312224,174,502,21111-32-PRECINCT 175 32 DISTRICT (E175)
Jefferson,E175,westk,12/28/2021 09:07:33.312224,2,502,21111-32-PRECINCT 175 32 DISTRICT (E175)
Jefferson,E176,bidenj,12/28/2021 09:07:33.312224,227,370,21111-32-PRECINCT 176 32 DISTRICT (E176)
Jefferson,E176,jorgensenj,12/28/2021 09:07:33.312224,6,370,21111-32-PRECINCT 176 32 DISTRICT (E176)
Jefferson,E176,pierceb,12/28/2021 09:07:33.312224,0,370,21111-32-PRECINCT 176 32 DISTRICT (E176)
Jefferson,E176,trumpd,12/28/2021 09:07:33.312224,137,370,21111-32-PRECINCT 176 32 DISTRICT (E176)
Jefferson,E176,westk,12/28/2021 09:07:33.312224,0,370,21111-32-PRECINCT 176 32 DISTRICT (E176)
Jefferson,E177,bidenj,12/28/2021 09:07:33.312224,147,331,21111-32-PRECINCT 177 32 DISTRICT (E177)
Jefferson,E177,jorgensenj,12/28/2021 09:07:33.312224,2,331,21111-32-PRECINCT 177 32 DISTRICT (E177)
Jefferson,E177,pierceb,12/28/2021 09:07:33.312224,3,331,21111-32-PRECINCT 177 32 DISTRICT (E177)
Jefferson,E177,trumpd,12/28/2021 09:07:33.312224,179,331,21111-32-PRECINCT 177 32 DISTRICT (E177)
Jefferson,E177,westk,12/28/2021 09:07:33.312224,0,331,21111-32-PRECINCT 177 32 DISTRICT (E177)
Jefferson,E178,bidenj,12/28/2021 09:07:33.312224,353,742,21111-32-PRECINCT 178 32 DISTRICT (E178)
Jefferson,E178,jorgensenj,12/28/2021 09:07:33.312224,9,742,21111-32-PRECINCT 178 32 DISTRICT (E178)
Jefferson,E178,pierceb,12/28/2021 09:07:33.312224,1,742,21111-32-PRECINCT 178 32 DISTRICT (E178)
Jefferson,E178,trumpd,12/28/2021 09:07:33.312224,372,742,21111-32-PRECINCT 178 32 DISTRICT (E178)
Jefferson,E178,westk,12/28/2021 09:07:33.312224,7,742,21111-32-PRECINCT 178 32 DISTRICT (E178)
Jefferson,E179,bidenj,12/28/2021 09:07:33.312224,363,734,21111-32-PRECINCT 179 32 DISTRICT (E179)
Jefferson,E179,jorgensenj,12/28/2021 09:07:33.312224,8,734,21111-32-PRECINCT 179 32 DISTRICT (E179)
Jefferson,E179,pierceb,12/28/2021 09:07:33.312224,3,734,21111-32-PRECINCT 179 32 DISTRICT (E179)
Jefferson,E179,trumpd,12/28/2021 09:07:33.312224,360,734,21111-32-PRECINCT 179 32 DISTRICT (E179)
Jefferson,E179,westk,12/28/2021 09:07:33.312224,0,734,21111-32-PRECINCT 179 32 DISTRICT (E179)
Jefferson,E180,bidenj,12/28/2021 09:07:33.312224,396,670,21111-32-PRECINCT 180 32 DISTRICT (E180)
Jefferson,E180,jorgensenj,12/28/2021 09:07:33.312224,14,670,21111-32-PRECINCT 180 32 DISTRICT (E180)
Jefferson,E180,pierceb,12/28/2021 09:07:33.312224,0,670,21111-32-PRECINCT 180 32 DISTRICT (E180)
Jefferson,E180,trumpd,12/28/2021 09:07:33.312224,259,670,21111-32-PRECINCT 180 32 DISTRICT (E180)
Jefferson,E180,westk,12/28/2021 09:07:33.312224,1,670,21111-32-PRECINCT 180 32 DISTRICT (E180)
Jefferson,E181,bidenj,12/28/2021 09:07:33.312224,514,903,21111-32-PRECINCT 181 32 DISTRICT (E181)
Jefferson,E181,jorgensenj,12/28/2021 09:07:33.312224,10,903,21111-32-PRECINCT 181 32 DISTRICT (E181)
Jefferson,E181,pierceb,12/28/2021 09:07:33.312224,2,903,21111-32-PRECINCT 181 32 DISTRICT (E181)
Jefferson,E181,trumpd,12/28/2021 09:07:33.312224,376,903,21111-32-PRECINCT 181 32 DISTRICT (E181)
Jefferson,E181,westk,12/28/2021 09:07:33.312224,1,903,21111-32-PRECINCT 181 32 DISTRICT (E181)
Jefferson,E182,bidenj,12/28/2021 09:07:33.312224,889,1721,21111-32-PRECINCT 182 32 DISTRICT (E182)
Jefferson,E182,jorgensenj,12/28/2021 09:07:33.312224,12,1721,21111-32-PRECINCT 182 32 DISTRICT (E182)
Jefferson,E182,pierceb,12/28/2021 09:07:33.312224,4,1721,21111-32-PRECINCT 182 32 DISTRICT (E182)
Jefferson,E182,trumpd,12/28/2021 09:07:33.312224,807,1721,21111-32-PRECINCT 182 32 DISTRICT (E182)
Jefferson,E182,westk,12/28/2021 09:07:33.312224,9,1721,21111-32-PRECINCT 182 32 DISTRICT (E182)
Jefferson,E183,bidenj,12/28/2021 09:07:33.312224,374,655,21111-32-PRECINCT 183 32 DISTRICT (E183)
Jefferson,E183,jorgensenj,12/28/2021 09:07:33.312224,8,655,21111-32-PRECINCT 183 32 DISTRICT (E183)
Jefferson,E183,pierceb,12/28/2021 09:07:33.312224,0,655,21111-32-PRECINCT 183 32 DISTRICT (E183)
Jefferson,E183,trumpd,12/28/2021 09:07:33.312224,272,655,21111-32-PRECINCT 183 32 DISTRICT (E183)
Jefferson,E183,westk,12/28/2021 09:07:33.312224,1,655,21111-32-PRECINCT 183 32 DISTRICT (E183)
Jefferson,E184,bidenj,12/28/2021 09:07:33.312224,341,640,21111-32-PRECINCT 184 32 DISTRICT (E184)
Jefferson,E184,jorgensenj,12/28/2021 09:07:33.312224,9,640,21111-32-PRECINCT 184 32 DISTRICT (E184)
Jefferson,E184,pierceb,12/28/2021 09:07:33.312224,2,640,21111-32-PRECINCT 184 32 DISTRICT (E184)
Jefferson,E184,trumpd,12/28/2021 09:07:33.312224,288,640,21111-32-PRECINCT 184 32 DISTRICT (E184)
Jefferson,E184,westk,12/28/2021 09:07:33.312224,0,640,21111-32-PRECINCT 184 32 DISTRICT (E184)
Jefferson,E185,bidenj,12/28/2021 09:07:33.312224,202,295,21111-32-PRECINCT 185 32 DISTRICT (E185)
Jefferson,E185,jorgensenj,12/28/2021 09:07:33.312224,5,295,21111-32-PRECINCT 185 32 DISTRICT (E185)
Jefferson,E185,pierceb,12/28/2021 09:07:33.312224,2,295,21111-32-PRECINCT 185 32 DISTRICT (E185)
Jefferson,E185,trumpd,12/28/2021 09:07:33.312224,84,295,21111-32-PRECINCT 185 32 DISTRICT (E185)
Jefferson,E185,westk,12/28/2021 09:07:33.312224,2,295,21111-32-PRECINCT 185 32 DISTRICT (E185)
Jefferson,F106,bidenj,12/28/2021 09:07:33.312224,516,968,21111-33-PRECINCT 106 33 DISTRICT (F106)
Jefferson,F106,jorgensenj,12/28/2021 09:07:33.312224,13,968,21111-33-PRECINCT 106 33 DISTRICT (F106)
Jefferson,F106,pierceb,12/28/2021 09:07:33.312224,2,968,21111-33-PRECINCT 106 33 DISTRICT (F106)
Jefferson,F106,trumpd,12/28/2021 09:07:33.312224,433,968,21111-33-PRECINCT 106 33 DISTRICT (F106)
Jefferson,F106,westk,12/28/2021 09:07:33.312224,4,968,21111-33-PRECINCT 106 33 DISTRICT (F106)
Jefferson,F145,bidenj,12/28/2021 09:07:33.312224,592,1170,21111-33-PRECINCT 145 33 DISTRICT (F145)
Jefferson,F145,jorgensenj,12/28/2021 09:07:33.312224,17,1170,21111-33-PRECINCT 145 33 DISTRICT (F145)
Jefferson,F145,pierceb,12/28/2021 09:07:33.312224,1,1170,21111-33-PRECINCT 145 33 DISTRICT (F145)
Jefferson,F145,trumpd,12/28/2021 09:07:33.312224,559,1170,21111-33-PRECINCT 145 33 DISTRICT (F145)
Jefferson,F145,westk,12/28/2021 09:07:33.312224,1,1170,21111-33-PRECINCT 145 33 DISTRICT (F145)
Jefferson,F151,bidenj,12/28/2021 09:07:33.312224,597,1206,21111-33-PRECINCT 151 33 DISTRICT (F151)
Jefferson,F151,jorgensenj,12/28/2021 09:07:33.312224,12,1206,21111-33-PRECINCT 151 33 DISTRICT (F151)
Jefferson,F151,pierceb,12/28/2021 09:07:33.312224,2,1206,21111-33-PRECINCT 151 33 DISTRICT (F151)
Jefferson,F151,trumpd,12/28/2021 09:07:33.312224,590,1206,21111-33-PRECINCT 151 33 DISTRICT (F151)
Jefferson,F151,westk,12/28/2021 09:07:33.312224,5,1206,21111-33-PRECINCT 151 33 DISTRICT (F151)
Jefferson,F152,bidenj,12/28/2021 09:07:33.312224,527,1141,21111-33-PRECINCT 152 33 DISTRICT (F152)
Jefferson,F152,jorgensenj,12/28/2021 09:07:33.312224,15,1141,21111-33-PRECINCT 152 33 DISTRICT (F152)
Jefferson,F152,pierceb,12/28/2021 09:07:33.312224,0,1141,21111-33-PRECINCT 152 33 DISTRICT (F152)
Jefferson,F152,trumpd,12/28/2021 09:07:33.312224,599,1141,21111-33-PRECINCT 152 33 DISTRICT (F152)
Jefferson,F152,westk,12/28/2021 09:07:33.312224,0,1141,21111-33-PRECINCT 152 33 DISTRICT (F152)
Jefferson,F153,bidenj,12/28/2021 09:07:33.312224,428,881,21111-33-PRECINCT 153 33 DISTRICT (F153)
Jefferson,F153,jorgensenj,12/28/2021 09:07:33.312224,15,881,21111-33-PRECINCT 153 33 DISTRICT (F153)
Jefferson,F153,pierceb,12/28/2021 09:07:33.312224,3,881,21111-33-PRECINCT 153 33 DISTRICT (F153)
Jefferson,F153,trumpd,12/28/2021 09:07:33.312224,434,881,21111-33-PRECINCT 153 33 DISTRICT (F153)
Jefferson,F153,westk,12/28/2021 09:07:33.312224,1,881,21111-33-PRECINCT 153 33 DISTRICT (F153)
Jefferson,F154,bidenj,12/28/2021 09:07:33.312224,394,846,21111-33-PRECINCT 154 33 DISTRICT (F154)
Jefferson,F154,jorgensenj,12/28/2021 09:07:33.312224,9,846,21111-33-PRECINCT 154 33 DISTRICT (F154)
Jefferson,F154,pierceb,12/28/2021 09:07:33.312224,1,846,21111-33-PRECINCT 154 33 DISTRICT (F154)
Jefferson,F154,trumpd,12/28/2021 09:07:33.312224,439,846,21111-33-PRECINCT 154 33 DISTRICT (F154)
Jefferson,F154,westk,12/28/2021 09:07:33.312224,3,846,21111-33-PRECINCT 154 33 DISTRICT (F154)
Jefferson,F155,bidenj,12/28/2021 09:07:33.312224,213,452,21111-33-PRECINCT 155 33 DISTRICT (F155)
Jefferson,F155,jorgensenj,12/28/2021 09:07:33.312224,5,452,21111-33-PRECINCT 155 33 DISTRICT (F155)
Jefferson,F155,pierceb,12/28/2021 09:07:33.312224,0,452,21111-33-PRECINCT 155 33 DISTRICT (F155)
Jefferson,F155,trumpd,12/28/2021 09:07:33.312224,231,452,21111-33-PRECINCT 155 33 DISTRICT (F155)
Jefferson,F155,westk,12/28/2021 09:07:33.312224,3,452,21111-33-PRECINCT 155 33 DISTRICT (F155)
Jefferson,F156,bidenj,12/28/2021 09:07:33.312224,489,961,21111-33-PRECINCT 156 33 DISTRICT (F156)
Jefferson,F156,jorgensenj,12/28/2021 09:07:33.312224,16,961,21111-33-PRECINCT 156 33 DISTRICT (F156)
Jefferson,F156,pierceb,12/28/2021 09:07:33.312224,0,961,21111-33-PRECINCT 156 33 DISTRICT (F156)
Jefferson,F156,trumpd,12/28/2021 09:07:33.312224,453,961,21111-33-PRECINCT 156 33 DISTRICT (F156)
Jefferson,F156,westk,12/28/2021 09:07:33.312224,3,961,21111-33-PRECINCT 156 33 DISTRICT (F156)
Jefferson,F158,bidenj,12/28/2021 09:07:33.312224,136,311,21111-33-PRECINCT 158 33 DISTRICT (F158)
Jefferson,F158,jorgensenj,12/28/2021 09:07:33.312224,5,311,21111-33-PRECINCT 158 33 DISTRICT (F158)
Jefferson,F158,pierceb,12/28/2021 09:07:33.312224,0,311,21111-33-PRECINCT 158 33 DISTRICT (F158)
Jefferson,F158,trumpd,12/28/2021 09:07:33.312224,169,311,21111-33-PRECINCT 158 33 DISTRICT (F158)
Jefferson,F158,westk,12/28/2021 09:07:33.312224,1,311,21111-33-PRECINCT 158 33 DISTRICT (F158)
Jefferson,F161,bidenj,12/28/2021 09:07:33.312224,286,655,21111-33-PRECINCT 161 33 DISTRICT (F161)
Jefferson,F161,jorgensenj,12/28/2021 09:07:33.312224,8,655,21111-33-PRECINCT 161 33 DISTRICT (F161)
Jefferson,F161,pierceb,12/28/2021 09:07:33.312224,0,655,21111-33-PRECINCT 161 33 DISTRICT (F161)
Jefferson,F161,trumpd,12/28/2021 09:07:33.312224,360,655,21111-33-PRECINCT 161 33 DISTRICT (F161)
Jefferson,F161,westk,12/28/2021 09:07:33.312224,1,655,21111-33-PRECINCT 161 33 DISTRICT (F161)
Jefferson,F163,bidenj,12/28/2021 09:07:33.312224,330,711,21111-33-PRECINCT 163 33 DISTRICT (F163)
Jefferson,F163,jorgensenj,12/28/2021 09:07:33.312224,3,711,21111-33-PRECINCT 163 33 DISTRICT (F163)
Jefferson,F163,pierceb,12/28/2021 09:07:33.312224,2,711,21111-33-PRECINCT 163 33 DISTRICT (F163)
Jefferson,F163,trumpd,12/28/2021 09:07:33.312224,376,711,21111-33-PRECINCT 163 33 DISTRICT (F163)
Jefferson,F163,westk,12/28/2021 09:07:33.312224,0,711,21111-33-PRECINCT 163 33 DISTRICT (F163)
Jefferson,F164,bidenj,12/28/2021 09:07:33.312224,326,822,21111-33-PRECINCT 164 33 DISTRICT (F164)
Jefferson,F164,jorgensenj,12/28/2021 09:07:33.312224,8,822,21111-33-PRECINCT 164 33 DISTRICT (F164)
Jefferson,F164,pierceb,12/28/2021 09:07:33.312224,2,822,21111-33-PRECINCT 164 33 DISTRICT (F164)
Jefferson,F164,trumpd,12/28/2021 09:07:33.312224,485,822,21111-33-PRECINCT 164 33 DISTRICT (F164)
Jefferson,F164,westk,12/28/2021 09:07:33.312224,1,822,21111-33-PRECINCT 164 33 DISTRICT (F164)
Jefferson,F166,bidenj,12/28/2021 09:07:33.312224,324,798,21111-33-PRECINCT 166 33 DISTRICT (F166)
Jefferson,F166,jorgensenj,12/28/2021 09:07:33.312224,11,798,21111-33-PRECINCT 166 33 DISTRICT (F166)
Jefferson,F166,pierceb,12/28/2021 09:07:33.312224,2,798,21111-33-PRECINCT 166 33 DISTRICT (F166)
Jefferson,F166,trumpd,12/28/2021 09:07:33.312224,460,798,21111-33-PRECINCT 166 33 DISTRICT (F166)
Jefferson,F166,westk,12/28/2021 09:07:33.312224,1,798,21111-33-PRECINCT 166 33 DISTRICT (F166)
Jefferson,F167,bidenj,12/28/2021 09:07:33.312224,402,674,21111-33-PRECINCT 167 33 DISTRICT (F167)
Jefferson,F167,jorgensenj,12/28/2021 09:07:33.312224,10,674,21111-33-PRECINCT 167 33 DISTRICT (F167)
Jefferson,F167,pierceb,12/28/2021 09:07:33.312224,1,674,21111-33-PRECINCT 167 33 DISTRICT (F167)
Jefferson,F167,trumpd,12/28/2021 09:07:33.312224,257,674,21111-33-PRECINCT 167 33 DISTRICT (F167)
Jefferson,F167,westk,12/28/2021 09:07:33.312224,4,674,21111-33-PRECINCT 167 33 DISTRICT (F167)
Jefferson,F169,bidenj,12/28/2021 09:07:33.312224,235,398,21111-33-PRECINCT 169 33 DISTRICT (F169)
Jefferson,F169,jorgensenj,12/28/2021 09:07:33.312224,0,398,21111-33-PRECINCT 169 33 DISTRICT (F169)
Jefferson,F169,pierceb,12/28/2021 09:07:33.312224,0,398,21111-33-PRECINCT 169 33 DISTRICT (F169)
Jefferson,F169,trumpd,12/28/2021 09:07:33.312224,163,398,21111-33-PRECINCT 169 33 DISTRICT (F169)
Jefferson,F169,westk,12/28/2021 09:07:33.312224,0,398,21111-33-PRECINCT 169 33 DISTRICT (F169)
Jefferson,F170,bidenj,12/28/2021 09:07:33.312224,287,459,21111-33-PRECINCT 170 33 DISTRICT (F170)
Jefferson,F170,jorgensenj,12/28/2021 09:07:33.312224,5,459,21111-33-PRECINCT 170 33 DISTRICT (F170)
Jefferson,F170,pierceb,12/28/2021 09:07:33.312224,0,459,21111-33-PRECINCT 170 33 DISTRICT (F170)
Jefferson,F170,trumpd,12/28/2021 09:07:33.312224,164,459,21111-33-PRECINCT 170 33 DISTRICT (F170)
Jefferson,F170,westk,12/28/2021 09:07:33.312224,3,459,21111-33-PRECINCT 170 33 DISTRICT (F170)
Jefferson,F171,bidenj,12/28/2021 09:07:33.312224,389,815,21111-33-PRECINCT 171 33 DISTRICT (F171)
Jefferson,F171,jorgensenj,12/28/2021 09:07:33.312224,11,815,21111-33-PRECINCT 171 33 DISTRICT (F171)
Jefferson,F171,pierceb,12/28/2021 09:07:33.312224,2,815,21111-33-PRECINCT 171 33 DISTRICT (F171)
Jefferson,F171,trumpd,12/28/2021 09:07:33.312224,410,815,21111-33-PRECINCT 171 33 DISTRICT (F171)
Jefferson,F171,westk,12/28/2021 09:07:33.312224,3,815,21111-33-PRECINCT 171 33 DISTRICT (F171)
Jefferson,F172,bidenj,12/28/2021 09:07:33.312224,375,723,21111-33-PRECINCT 172 33 DISTRICT (F172)
Jefferson,F172,jorgensenj,12/28/2021 09:07:33.312224,16,723,21111-33-PRECINCT 172 33 DISTRICT (F172)
Jefferson,F172,pierceb,12/28/2021 09:07:33.312224,2,723,21111-33-PRECINCT 172 33 DISTRICT (F172)
Jefferson,F172,trumpd,12/28/2021 09:07:33.312224,327,723,21111-33-PRECINCT 172 33 DISTRICT (F172)
Jefferson,F172,westk,12/28/2021 09:07:33.312224,3,723,21111-33-PRECINCT 172 33 DISTRICT (F172)
Jefferson,F176,bidenj,12/28/2021 09:07:33.312224,316,653,21111-33-PRECINCT 176 33 DISTRICT (F176)
Jefferson,F176,jorgensenj,12/28/2021 09:07:33.312224,15,653,21111-33-PRECINCT 176 33 DISTRICT (F176)
Jefferson,F176,pierceb,12/28/2021 09:07:33.312224,1,653,21111-33-PRECINCT 176 33 DISTRICT (F176)
Jefferson,F176,trumpd,12/28/2021 09:07:33.312224,319,653,21111-33-PRECINCT 176 33 DISTRICT (F176)
Jefferson,F176,westk,12/28/2021 09:07:33.312224,2,653,21111-33-PRECINCT 176 33 DISTRICT (F176)
Jefferson,F179,bidenj,12/28/2021 09:07:33.312224,451,833,21111-33-PRECINCT 179 33 DISTRICT (F179)
Jefferson,F179,jorgensenj,12/28/2021 09:07:33.312224,15,833,21111-33-PRECINCT 179 33 DISTRICT (F179)
Jefferson,F179,pierceb,12/28/2021 09:07:33.312224,2,833,21111-33-PRECINCT 179 33 DISTRICT (F179)
Jefferson,F179,trumpd,12/28/2021 09:07:33.312224,363,833,21111-33-PRECINCT 179 33 DISTRICT (F179)
Jefferson,F179,westk,12/28/2021 09:07:33.312224,2,833,21111-33-PRECINCT 179 33 DISTRICT (F179)
Jefferson,F180,bidenj,12/28/2021 09:07:33.312224,674,1211,21111-33-PRECINCT 180 33 DISTRICT (F180)
Jefferson,F180,jorgensenj,12/28/2021 09:07:33.312224,32,1211,21111-33-PRECINCT 180 33 DISTRICT (F180)
Jefferson,F180,pierceb,12/28/2021 09:07:33.312224,3,1211,21111-33-PRECINCT 180 33 DISTRICT (F180)
Jefferson,F180,trumpd,12/28/2021 09:07:33.312224,496,1211,21111-33-PRECINCT 180 33 DISTRICT (F180)
Jefferson,F180,westk,12/28/2021 09:07:33.312224,6,1211,21111-33-PRECINCT 180 33 DISTRICT (F180)
Jefferson,F181,bidenj,12/28/2021 09:07:33.312224,683,1144,21111-33-PRECINCT 181 33 DISTRICT (F181)
Jefferson,F181,jorgensenj,12/28/2021 09:07:33.312224,10,1144,21111-33-PRECINCT 181 33 DISTRICT (F181)
Jefferson,F181,pierceb,12/28/2021 09:07:33.312224,1,1144,21111-33-PRECINCT 181 33 DISTRICT (F181)
Jefferson,F181,trumpd,12/28/2021 09:07:33.312224,448,1144,21111-33-PRECINCT 181 33 DISTRICT (F181)
Jefferson,F181,westk,12/28/2021 09:07:33.312224,2,1144,21111-33-PRECINCT 181 33 DISTRICT (F181)
Jefferson,F182,bidenj,12/28/2021 09:07:33.312224,698,1224,21111-33-PRECINCT 182 33 DISTRICT (F182)
Jefferson,F182,jorgensenj,12/28/2021 09:07:33.312224,24,1224,21111-33-PRECINCT 182 33 DISTRICT (F182)
Jefferson,F182,pierceb,12/28/2021 09:07:33.312224,3,1224,21111-33-PRECINCT 182 33 DISTRICT (F182)
Jefferson,F182,trumpd,12/28/2021 09:07:33.312224,492,1224,21111-33-PRECINCT 182 33 DISTRICT (F182)
Jefferson,F182,westk,12/28/2021 09:07:33.312224,7,1224,21111-33-PRECINCT 182 33 DISTRICT (F182)
Jefferson,F183,bidenj,12/28/2021 09:07:33.312224,171,432,21111-33-PRECINCT 183 33 DISTRICT (F183)
Jefferson,F183,jorgensenj,12/28/2021 09:07:33.312224,3,432,21111-33-PRECINCT 183 33 DISTRICT (F183)
Jefferson,F183,pierceb,12/28/2021 09:07:33.312224,0,432,21111-33-PRECINCT 183 33 DISTRICT (F183)
Jefferson,F183,trumpd,12/28/2021 09:07:33.312224,257,432,21111-33-PRECINCT 183 33 DISTRICT (F183)
Jefferson,F183,westk,12/28/2021 09:07:33.312224,1,432,21111-33-PRECINCT 183 33 DISTRICT (F183)
Jefferson,F184,bidenj,12/28/2021 09:07:33.312224,491,916,21111-33-PRECINCT 184 33 DISTRICT (F184)
Jefferson,F184,jorgensenj,12/28/2021 09:07:33.312224,10,916,21111-33-PRECINCT 184 33 DISTRICT (F184)
Jefferson,F184,pierceb,12/28/2021 09:07:33.312224,0,916,21111-33-PRECINCT 184 33 DISTRICT (F184)
Jefferson,F184,trumpd,12/28/2021 09:07:33.312224,412,916,21111-33-PRECINCT 184 33 DISTRICT (F184)
Jefferson,F184,westk,12/28/2021 09:07:33.312224,3,916,21111-33-PRECINCT 184 33 DISTRICT (F184)
Jefferson,F185,bidenj,12/28/2021 09:07:33.312224,535,785,21111-33-PRECINCT 185 33 DISTRICT (F185)
Jefferson,F185,jorgensenj,12/28/2021 09:07:33.312224,9,785,21111-33-PRECINCT 185 33 DISTRICT (F185)
Jefferson,F185,pierceb,12/28/2021 09:07:33.312224,2,785,21111-33-PRECINCT 185 33 DISTRICT (F185)
Jefferson,F185,trumpd,12/28/2021 09:07:33.312224,234,785,21111-33-PRECINCT 185 33 DISTRICT (F185)
Jefferson,F185,westk,12/28/2021 09:07:33.312224,5,785,21111-33-PRECINCT 185 33 DISTRICT (F185)
Jefferson,F186,bidenj,12/28/2021 09:07:33.312224,808,1209,21111-33-PRECINCT 186 33 DISTRICT (F186)
Jefferson,F186,jorgensenj,12/28/2021 09:07:33.312224,33,1209,21111-33-PRECINCT 186 33 DISTRICT (F186)
Jefferson,F186,pierceb,12/28/2021 09:07:33.312224,5,1209,21111-33-PRECINCT 186 33 DISTRICT (F186)
Jefferson,F186,trumpd,12/28/2021 09:07:33.312224,353,1209,21111-33-PRECINCT 186 33 DISTRICT (F186)
Jefferson,F186,westk,12/28/2021 09:07:33.312224,10,1209,21111-33-PRECINCT 186 33 DISTRICT (F186)
Jefferson,F187,bidenj,12/28/2021 09:07:33.312224,415,699,21111-33-PRECINCT 187 33 DISTRICT (F187)
Jefferson,F187,jorgensenj,12/28/2021 09:07:33.312224,13,699,21111-33-PRECINCT 187 33 DISTRICT (F187)
Jefferson,F187,pierceb,12/28/2021 09:07:33.312224,1,699,21111-33-PRECINCT 187 33 DISTRICT (F187)
Jefferson,F187,trumpd,12/28/2021 09:07:33.312224,265,699,21111-33-PRECINCT 187 33 DISTRICT (F187)
Jefferson,F187,westk,12/28/2021 09:07:33.312224,5,699,21111-33-PRECINCT 187 33 DISTRICT (F187)
Jefferson,G103,bidenj,12/28/2021 09:07:33.312224,489,569,21111-34-PRECINCT 103 34 DISTRICT (G103)
Jefferson,G103,jorgensenj,12/28/2021 09:07:33.312224,10,569,21111-34-PRECINCT 103 34 DISTRICT (G103)
Jefferson,G103,pierceb,12/28/2021 09:07:33.312224,0,569,21111-34-PRECINCT 103 34 DISTRICT (G103)
Jefferson,G103,trumpd,12/28/2021 09:07:33.312224,70,569,21111-34-PRECINCT 103 34 DISTRICT (G103)
Jefferson,G103,westk,12/28/2021 09:07:33.312224,0,569,21111-34-PRECINCT 103 34 DISTRICT (G103)
Jefferson,G104,bidenj,12/28/2021 09:07:33.312224,363,463,21111-34-PRECINCT 104 34 DISTRICT (G104)
Jefferson,G104,jorgensenj,12/28/2021 09:07:33.312224,9,463,21111-34-PRECINCT 104 34 DISTRICT (G104)
Jefferson,G104,pierceb,12/28/2021 09:07:33.312224,2,463,21111-34-PRECINCT 104 34 DISTRICT (G104)
Jefferson,G104,trumpd,12/28/2021 09:07:33.312224,86,463,21111-34-PRECINCT 104 34 DISTRICT (G104)
Jefferson,G104,westk,12/28/2021 09:07:33.312224,3,463,21111-34-PRECINCT 104 34 DISTRICT (G104)
Jefferson,G106,bidenj,12/28/2021 09:07:33.312224,480,570,21111-34-PRECINCT 106 34 DISTRICT (G106)
Jefferson,G106,jorgensenj,12/28/2021 09:07:33.312224,5,570,21111-34-PRECINCT 106 34 DISTRICT (G106)
Jefferson,G106,pierceb,12/28/2021 09:07:33.312224,0,570,21111-34-PRECINCT 106 34 DISTRICT (G106)
Jefferson,G106,trumpd,12/28/2021 09:07:33.312224,85,570,21111-34-PRECINCT 106 34 DISTRICT (G106)
Jefferson,G106,westk,12/28/2021 09:07:33.312224,0,570,21111-34-PRECINCT 106 34 DISTRICT (G106)
Jefferson,G107,bidenj,12/28/2021 09:07:33.312224,508,611,21111-34-PRECINCT 107 34 DISTRICT (G107)
Jefferson,G107,jorgensenj,12/28/2021 09:07:33.312224,5,611,21111-34-PRECINCT 107 34 DISTRICT (G107)
Jefferson,G107,pierceb,12/28/2021 09:07:33.312224,1,611,21111-34-PRECINCT 107 34 DISTRICT (G107)
Jefferson,G107,trumpd,12/28/2021 09:07:33.312224,93,611,21111-34-PRECINCT 107 34 DISTRICT (G107)
Jefferson,G107,westk,12/28/2021 09:07:33.312224,4,611,21111-34-PRECINCT 107 34 DISTRICT (G107)
Jefferson,G108,bidenj,12/28/2021 09:07:33.312224,365,446,21111-34-PRECINCT 108 34 DISTRICT (G108)
Jefferson,G108,jorgensenj,12/28/2021 09:07:33.312224,4,446,21111-34-PRECINCT 108 34 DISTRICT (G108)
Jefferson,G108,pierceb,12/28/2021 09:07:33.312224,0,446,21111-34-PRECINCT 108 34 DISTRICT (G108)
Jefferson,G108,trumpd,12/28/2021 09:07:33.312224,76,446,21111-34-PRECINCT 108 34 DISTRICT (G108)
Jefferson,G108,westk,12/28/2021 09:07:33.312224,1,446,21111-34-PRECINCT 108 34 DISTRICT (G108)
Jefferson,G109,bidenj,12/28/2021 09:07:33.312224,729,882,21111-34-PRECINCT 109 34 DISTRICT (G109)
Jefferson,G109,jorgensenj,12/28/2021 09:07:33.312224,9,882,21111-34-PRECINCT 109 34 DISTRICT (G109)
Jefferson,G109,pierceb,12/28/2021 09:07:33.312224,0,882,21111-34-PRECINCT 109 34 DISTRICT (G109)
Jefferson,G109,trumpd,12/28/2021 09:07:33.312224,140,882,21111-34-PRECINCT 109 34 DISTRICT (G109)
Jefferson,G109,westk,12/28/2021 09:07:33.312224,4,882,21111-34-PRECINCT 109 34 DISTRICT (G109)
Jefferson,G111,bidenj,12/28/2021 09:07:33.312224,583,704,21111-34-PRECINCT 111 34 DISTRICT (G111)
Jefferson,G111,jorgensenj,12/28/2021 09:07:33.312224,9,704,21111-34-PRECINCT 111 34 DISTRICT (G111)
Jefferson,G111,pierceb,12/28/2021 09:07:33.312224,3,704,21111-34-PRECINCT 111 34 DISTRICT (G111)
Jefferson,G111,trumpd,12/28/2021 09:07:33.312224,107,704,21111-34-PRECINCT 111 34 DISTRICT (G111)
Jefferson,G111,westk,12/28/2021 09:07:33.312224,2,704,21111-34-PRECINCT 111 34 DISTRICT (G111)
Jefferson,G112,bidenj,12/28/2021 09:07:33.312224,983,1199,21111-34-PRECINCT 112 34 DISTRICT (G112)
Jefferson,G112,jorgensenj,12/28/2021 09:07:33.312224,10,1199,21111-34-PRECINCT 112 34 DISTRICT (G112)
Jefferson,G112,pierceb,12/28/2021 09:07:33.312224,2,1199,21111-34-PRECINCT 112 34 DISTRICT (G112)
Jefferson,G112,trumpd,12/28/2021 09:07:33.312224,195,1199,21111-34-PRECINCT 112 34 DISTRICT (G112)
Jefferson,G112,westk,12/28/2021 09:07:33.312224,9,1199,21111-34-PRECINCT 112 34 DISTRICT (G112)
Jefferson,G116,bidenj,12/28/2021 09:07:33.312224,730,899,21111-34-PRECINCT 116 34 DISTRICT (G116)
Jefferson,G116,jorgensenj,12/28/2021 09:07:33.312224,8,899,21111-34-PRECINCT 116 34 DISTRICT (G116)
Jefferson,G116,pierceb,12/28/2021 09:07:33.312224,0,899,21111-34-PRECINCT 116 34 DISTRICT (G116)
Jefferson,G116,trumpd,12/28/2021 09:07:33.312224,158,899,21111-34-PRECINCT 116 34 DISTRICT (G116)
Jefferson,G116,westk,12/28/2021 09:07:33.312224,3,899,21111-34-PRECINCT 116 34 DISTRICT (G116)
Jefferson,G117,bidenj,12/28/2021 09:07:33.312224,909,1137,21111-34-PRECINCT 117 34 DISTRICT (G117)
Jefferson,G117,jorgensenj,12/28/2021 09:07:33.312224,13,1137,21111-34-PRECINCT 117 34 DISTRICT (G117)
Jefferson,G117,pierceb,12/28/2021 09:07:33.312224,1,1137,21111-34-PRECINCT 117 34 DISTRICT (G117)
Jefferson,G117,trumpd,12/28/2021 09:07:33.312224,209,1137,21111-34-PRECINCT 117 34 DISTRICT (G117)
Jefferson,G117,westk,12/28/2021 09:07:33.312224,5,1137,21111-34-PRECINCT 117 34 DISTRICT (G117)
Jefferson,G119,bidenj,12/28/2021 09:07:33.312224,386,529,21111-34-PRECINCT 119 34 DISTRICT (G119)
Jefferson,G119,jorgensenj,12/28/2021 09:07:33.312224,5,529,21111-34-PRECINCT 119 34 DISTRICT (G119)
Jefferson,G119,pierceb,12/28/2021 09:07:33.312224,0,529,21111-34-PRECINCT 119 34 DISTRICT (G119)
Jefferson,G119,trumpd,12/28/2021 09:07:33.312224,136,529,21111-34-PRECINCT 119 34 DISTRICT (G119)
Jefferson,G119,westk,12/28/2021 09:07:33.312224,2,529,21111-34-PRECINCT 119 34 DISTRICT (G119)
Jefferson,G120,bidenj,12/28/2021 09:07:33.312224,462,599,21111-34-PRECINCT 120 34 DISTRICT (G120)
Jefferson,G120,jorgensenj,12/28/2021 09:07:33.312224,7,599,21111-34-PRECINCT 120 34 DISTRICT (G120)
Jefferson,G120,pierceb,12/28/2021 09:07:33.312224,1,599,21111-34-PRECINCT 120 34 DISTRICT (G120)
Jefferson,G120,trumpd,12/28/2021 09:07:33.312224,128,599,21111-34-PRECINCT 120 34 DISTRICT (G120)
Jefferson,G120,westk,12/28/2021 09:07:33.312224,1,599,21111-34-PRECINCT 120 34 DISTRICT (G120)
Jefferson,G121,bidenj,12/28/2021 09:07:33.312224,422,627,21111-34-PRECINCT 121 34 DISTRICT (G121)
Jefferson,G121,jorgensenj,12/28/2021 09:07:33.312224,4,627,21111-34-PRECINCT 121 34 DISTRICT (G121)
Jefferson,G121,pierceb,12/28/2021 09:07:33.312224,0,627,21111-34-PRECINCT 121 34 DISTRICT (G121)
Jefferson,G121,trumpd,12/28/2021 09:07:33.312224,198,627,21111-34-PRECINCT 121 34 DISTRICT (G121)
Jefferson,G121,westk,12/28/2021 09:07:33.312224,3,627,21111-34-PRECINCT 121 34 DISTRICT (G121)
Jefferson,G122,bidenj,12/28/2021 09:07:33.312224,372,480,21111-34-PRECINCT 122 34 DISTRICT (G122)
Jefferson,G122,jorgensenj,12/28/2021 09:07:33.312224,4,480,21111-34-PRECINCT 122 34 DISTRICT (G122)
Jefferson,G122,pierceb,12/28/2021 09:07:33.312224,0,480,21111-34-PRECINCT 122 34 DISTRICT (G122)
Jefferson,G122,trumpd,12/28/2021 09:07:33.312224,102,480,21111-34-PRECINCT 122 34 DISTRICT (G122)
Jefferson,G122,westk,12/28/2021 09:07:33.312224,2,480,21111-34-PRECINCT 122 34 DISTRICT (G122)
Jefferson,G123,bidenj,12/28/2021 09:07:33.312224,193,263,21111-34-PRECINCT 123 34 DISTRICT (G123)
Jefferson,G123,jorgensenj,12/28/2021 09:07:33.312224,3,263,21111-34-PRECINCT 123 34 DISTRICT (G123)
Jefferson,G123,pierceb,12/28/2021 09:07:33.312224,0,263,21111-34-PRECINCT 123 34 DISTRICT (G123)
Jefferson,G123,trumpd,12/28/2021 09:07:33.312224,65,263,21111-34-PRECINCT 123 34 DISTRICT (G123)
Jefferson,G123,westk,12/28/2021 09:07:33.312224,2,263,21111-34-PRECINCT 123 34 DISTRICT (G123)
Jefferson,G124,bidenj,12/28/2021 09:07:33.312224,666,1015,21111-34-PRECINCT 124 34 DISTRICT (G124)
Jefferson,G124,jorgensenj,12/28/2021 09:07:33.312224,11,1015,21111-34-PRECINCT 124 34 DISTRICT (G124)
Jefferson,G124,pierceb,12/28/2021 09:07:33.312224,2,1015,21111-34-PRECINCT 124 34 DISTRICT (G124)
Jefferson,G124,trumpd,12/28/2021 09:07:33.312224,335,1015,21111-34-PRECINCT 124 34 DISTRICT (G124)
Jefferson,G124,westk,12/28/2021 09:07:33.312224,1,1015,21111-34-PRECINCT 124 34 DISTRICT (G124)
Jefferson,G126,bidenj,12/28/2021 09:07:33.312224,392,594,21111-34-PRECINCT 126 34 DISTRICT (G126)
Jefferson,G126,jorgensenj,12/28/2021 09:07:33.312224,5,594,21111-34-PRECINCT 126 34 DISTRICT (G126)
Jefferson,G126,pierceb,12/28/2021 09:07:33.312224,2,594,21111-34-PRECINCT 126 34 DISTRICT (G126)
Jefferson,G126,trumpd,12/28/2021 09:07:33.312224,195,594,21111-34-PRECINCT 126 34 DISTRICT (G126)
Jefferson,G126,westk,12/28/2021 09:07:33.312224,0,594,21111-34-PRECINCT 126 34 DISTRICT (G126)
Jefferson,G129,bidenj,12/28/2021 09:07:33.312224,119,187,21111-34-PRECINCT 129 34 DISTRICT (G129)
Jefferson,G129,jorgensenj,12/28/2021 09:07:33.312224,2,187,21111-34-PRECINCT 129 34 DISTRICT (G129)
Jefferson,G129,pierceb,12/28/2021 09:07:33.312224,0,187,21111-34-PRECINCT 129 34 DISTRICT (G129)
Jefferson,G129,trumpd,12/28/2021 09:07:33.312224,66,187,21111-34-PRECINCT 129 34 DISTRICT (G129)
Jefferson,G129,westk,12/28/2021 09:07:33.312224,0,187,21111-34-PRECINCT 129 34 DISTRICT (G129)
Jefferson,G140,bidenj,12/28/2021 09:07:33.312224,484,595,21111-34-PRECINCT 140 34 DISTRICT (G140)
Jefferson,G140,jorgensenj,12/28/2021 09:07:33.312224,9,595,21111-34-PRECINCT 140 34 DISTRICT (G140)
Jefferson,G140,pierceb,12/28/2021 09:07:33.312224,1,595,21111-34-PRECINCT 140 34 DISTRICT (G140)
Jefferson,G140,trumpd,12/28/2021 09:07:33.312224,94,595,21111-34-PRECINCT 140 34 DISTRICT (G140)
Jefferson,G140,westk,12/28/2021 09:07:33.312224,7,595,21111-34-PRECINCT 140 34 DISTRICT (G140)
Jefferson,G141,bidenj,12/28/2021 09:07:33.312224,507,624,21111-34-PRECINCT 141 34 DISTRICT (G141)
Jefferson,G141,jorgensenj,12/28/2021 09:07:33.312224,5,624,21111-34-PRECINCT 141 34 DISTRICT (G141)
Jefferson,G141,pierceb,12/28/2021 09:07:33.312224,1,624,21111-34-PRECINCT 141 34 DISTRICT (G141)
Jefferson,G141,trumpd,12/28/2021 09:07:33.312224,109,624,21111-34-PRECINCT 141 34 DISTRICT (G141)
Jefferson,G141,westk,12/28/2021 09:07:33.312224,2,624,21111-34-PRECINCT 141 34 DISTRICT (G141)
Jefferson,G142,bidenj,12/28/2021 09:07:33.312224,131,192,21111-34-PRECINCT 142 34 DISTRICT (G142)
Jefferson,G142,jorgensenj,12/28/2021 09:07:33.312224,3,192,21111-34-PRECINCT 142 34 DISTRICT (G142)
Jefferson,G142,pierceb,12/28/2021 09:07:33.312224,0,192,21111-34-PRECINCT 142 34 DISTRICT (G142)
Jefferson,G142,trumpd,12/28/2021 09:07:33.312224,55,192,21111-34-PRECINCT 142 34 DISTRICT (G142)
Jefferson,G142,westk,12/28/2021 09:07:33.312224,3,192,21111-34-PRECINCT 142 34 DISTRICT (G142)
Jefferson,G143,bidenj,12/28/2021 09:07:33.312224,756,918,21111-34-PRECINCT 143 34 DISTRICT (G143)
Jefferson,G143,jorgensenj,12/28/2021 09:07:33.312224,9,918,21111-34-PRECINCT 143 34 DISTRICT (G143)
Jefferson,G143,pierceb,12/28/2021 09:07:33.312224,2,918,21111-34-PRECINCT 143 34 DISTRICT (G143)
Jefferson,G143,trumpd,12/28/2021 09:07:33.312224,147,918,21111-34-PRECINCT 143 34 DISTRICT (G143)
Jefferson,G143,westk,12/28/2021 09:07:33.312224,4,918,21111-34-PRECINCT 143 34 DISTRICT (G143)
Jefferson,G144,bidenj,12/28/2021 09:07:33.312224,615,770,21111-34-PRECINCT 144 34 DISTRICT (G144)
Jefferson,G144,jorgensenj,12/28/2021 09:07:33.312224,6,770,21111-34-PRECINCT 144 34 DISTRICT (G144)
Jefferson,G144,pierceb,12/28/2021 09:07:33.312224,0,770,21111-34-PRECINCT 144 34 DISTRICT (G144)
Jefferson,G144,trumpd,12/28/2021 09:07:33.312224,145,770,21111-34-PRECINCT 144 34 DISTRICT (G144)
Jefferson,G144,westk,12/28/2021 09:07:33.312224,4,770,21111-34-PRECINCT 144 34 DISTRICT (G144)
Jefferson,G145,bidenj,12/28/2021 09:07:33.312224,836,1137,21111-34-PRECINCT 145 34 DISTRICT (G145)
Jefferson,G145,jorgensenj,12/28/2021 09:07:33.312224,14,1137,21111-34-PRECINCT 145 34 DISTRICT (G145)
Jefferson,G145,pierceb,12/28/2021 09:07:33.312224,2,1137,21111-34-PRECINCT 145 34 DISTRICT (G145)
Jefferson,G145,trumpd,12/28/2021 09:07:33.312224,282,1137,21111-34-PRECINCT 145 34 DISTRICT (G145)
Jefferson,G145,westk,12/28/2021 09:07:33.312224,3,1137,21111-34-PRECINCT 145 34 DISTRICT (G145)
Jefferson,G146,bidenj,12/28/2021 09:07:33.312224,671,863,21111-34-PRECINCT 146 34 DISTRICT (G146)
Jefferson,G146,jorgensenj,12/28/2021 09:07:33.312224,15,863,21111-34-PRECINCT 146 34 DISTRICT (G146)
Jefferson,G146,pierceb,12/28/2021 09:07:33.312224,0,863,21111-34-PRECINCT 146 34 DISTRICT (G146)
Jefferson,G146,trumpd,12/28/2021 09:07:33.312224,174,863,21111-34-PRECINCT 146 34 DISTRICT (G146)
Jefferson,G146,westk,12/28/2021 09:07:33.312224,3,863,21111-34-PRECINCT 146 34 DISTRICT (G146)
Jefferson,G147,bidenj,12/28/2021 09:07:33.312224,523,758,21111-34-PRECINCT 147 34 DISTRICT (G147)
Jefferson,G147,jorgensenj,12/28/2021 09:07:33.312224,6,758,21111-34-PRECINCT 147 34 DISTRICT (G147)
Jefferson,G147,pierceb,12/28/2021 09:07:33.312224,1,758,21111-34-PRECINCT 147 34 DISTRICT (G147)
Jefferson,G147,trumpd,12/28/2021 09:07:33.312224,226,758,21111-34-PRECINCT 147 34 DISTRICT (G147)
Jefferson,G147,westk,12/28/2021 09:07:33.312224,2,758,21111-34-PRECINCT 147 34 DISTRICT (G147)
Jefferson,G148,bidenj,12/28/2021 09:07:33.312224,280,396,21111-34-PRECINCT 148 34 DISTRICT (G148)
Jefferson,G148,jorgensenj,12/28/2021 09:07:33.312224,7,396,21111-34-PRECINCT 148 34 DISTRICT (G148)
Jefferson,G148,pierceb,12/28/2021 09:07:33.312224,0,396,21111-34-PRECINCT 148 34 DISTRICT (G148)
Jefferson,G148,trumpd,12/28/2021 09:07:33.312224,108,396,21111-34-PRECINCT 148 34 DISTRICT (G148)
Jefferson,G148,westk,12/28/2021 09:07:33.312224,1,396,21111-34-PRECINCT 148 34 DISTRICT (G148)
Jefferson,G149,bidenj,12/28/2021 09:07:33.312224,295,408,21111-34-PRECINCT 149 34 DISTRICT (G149)
Jefferson,G149,jorgensenj,12/28/2021 09:07:33.312224,2,408,21111-34-PRECINCT 149 34 DISTRICT (G149)
Jefferson,G149,pierceb,12/28/2021 09:07:33.312224,0,408,21111-34-PRECINCT 149 34 DISTRICT (G149)
Jefferson,G149,trumpd,12/28/2021 09:07:33.312224,109,408,21111-34-PRECINCT 149 34 DISTRICT (G149)
Jefferson,G149,westk,12/28/2021 09:07:33.312224,2,408,21111-34-PRECINCT 149 34 DISTRICT (G149)
Jefferson,G150,bidenj,12/28/2021 09:07:33.312224,205,373,21111-34-PRECINCT 150 34 DISTRICT (G150)
Jefferson,G150,jorgensenj,12/28/2021 09:07:33.312224,5,373,21111-34-PRECINCT 150 34 DISTRICT (G150)
Jefferson,G150,pierceb,12/28/2021 09:07:33.312224,1,373,21111-34-PRECINCT 150 34 DISTRICT (G150)
Jefferson,G150,trumpd,12/28/2021 09:07:33.312224,157,373,21111-34-PRECINCT 150 34 DISTRICT (G150)
Jefferson,G150,westk,12/28/2021 09:07:33.312224,5,373,21111-34-PRECINCT 150 34 DISTRICT (G150)
Jefferson,G151,bidenj,12/28/2021 09:07:33.312224,289,435,21111-34-PRECINCT 151 34 DISTRICT (G151)
Jefferson,G151,jorgensenj,12/28/2021 09:07:33.312224,9,435,21111-34-PRECINCT 151 34 DISTRICT (G151)
Jefferson,G151,pierceb,12/28/2021 09:07:33.312224,0,435,21111-34-PRECINCT 151 34 DISTRICT (G151)
Jefferson,G151,trumpd,12/28/2021 09:07:33.312224,131,435,21111-34-PRECINCT 151 34 DISTRICT (G151)
Jefferson,G151,westk,12/28/2021 09:07:33.312224,6,435,21111-34-PRECINCT 151 34 DISTRICT (G151)
Jefferson,G154,bidenj,12/28/2021 09:07:33.312224,438,680,21111-34-PRECINCT 154 34 DISTRICT (G154)
Jefferson,G154,jorgensenj,12/28/2021 09:07:33.312224,10,680,21111-34-PRECINCT 154 34 DISTRICT (G154)
Jefferson,G154,pierceb,12/28/2021 09:07:33.312224,0,680,21111-34-PRECINCT 154 34 DISTRICT (G154)
Jefferson,G154,trumpd,12/28/2021 09:07:33.312224,229,680,21111-34-PRECINCT 154 34 DISTRICT (G154)
Jefferson,G154,westk,12/28/2021 09:07:33.312224,3,680,21111-34-PRECINCT 154 34 DISTRICT (G154)
Jefferson,G155,bidenj,12/28/2021 09:07:33.312224,536,790,21111-34-PRECINCT 155 34 DISTRICT (G155)
Jefferson,G155,jorgensenj,12/28/2021 09:07:33.312224,16,790,21111-34-PRECINCT 155 34 DISTRICT (G155)
Jefferson,G155,pierceb,12/28/2021 09:07:33.312224,3,790,21111-34-PRECINCT 155 34 DISTRICT (G155)
Jefferson,G155,trumpd,12/28/2021 09:07:33.312224,233,790,21111-34-PRECINCT 155 34 DISTRICT (G155)
Jefferson,G155,westk,12/28/2021 09:07:33.312224,2,790,21111-34-PRECINCT 155 34 DISTRICT (G155)
Jefferson,G156,bidenj,12/28/2021 09:07:33.312224,497,902,21111-34-PRECINCT 156 34 DISTRICT (G156)
Jefferson,G156,jorgensenj,12/28/2021 09:07:33.312224,8,902,21111-34-PRECINCT 156 34 DISTRICT (G156)
Jefferson,G156,pierceb,12/28/2021 09:07:33.312224,0,902,21111-34-PRECINCT 156 34 DISTRICT (G156)
Jefferson,G156,trumpd,12/28/2021 09:07:33.312224,392,902,21111-34-PRECINCT 156 34 DISTRICT (G156)
Jefferson,G156,westk,12/28/2021 09:07:33.312224,5,902,21111-34-PRECINCT 156 34 DISTRICT (G156)
Jefferson,G157,bidenj,12/28/2021 09:07:33.312224,615,990,21111-34-PRECINCT 157 34 DISTRICT (G157)
Jefferson,G157,jorgensenj,12/28/2021 09:07:33.312224,12,990,21111-34-PRECINCT 157 34 DISTRICT (G157)
Jefferson,G157,pierceb,12/28/2021 09:07:33.312224,0,990,21111-34-PRECINCT 157 34 DISTRICT (G157)
Jefferson,G157,trumpd,12/28/2021 09:07:33.312224,362,990,21111-34-PRECINCT 157 34 DISTRICT (G157)
Jefferson,G157,westk,12/28/2021 09:07:33.312224,1,990,21111-34-PRECINCT 157 34 DISTRICT (G157)
Jefferson,G158,bidenj,12/28/2021 09:07:33.312224,505,894,21111-34-PRECINCT 158 34 DISTRICT (G158)
Jefferson,G158,jorgensenj,12/28/2021 09:07:33.312224,6,894,21111-34-PRECINCT 158 34 DISTRICT (G158)
Jefferson,G158,pierceb,12/28/2021 09:07:33.312224,2,894,21111-34-PRECINCT 158 34 DISTRICT (G158)
Jefferson,G158,trumpd,12/28/2021 09:07:33.312224,381,894,21111-34-PRECINCT 158 34 DISTRICT (G158)
Jefferson,G158,westk,12/28/2021 09:07:33.312224,0,894,21111-34-PRECINCT 158 34 DISTRICT (G158)
Jefferson,G159,bidenj,12/28/2021 09:07:33.312224,0,0,
Jefferson,G159,jorgensenj,12/28/2021 09:07:33.312224,0,0,
Jefferson,G159,pierceb,12/28/2021 09:07:33.312224,0,0,
Jefferson,G159,trumpd,12/28/2021 09:07:33.312224,0,0,
Jefferson,G159,westk,12/28/2021 09:07:33.312224,0,0,
Jefferson,G160,bidenj,12/28/2021 09:07:33.312224,232,461,21111-34-PRECINCT 160 34 DISTRICT (G160)
Jefferson,G160,jorgensenj,12/28/2021 09:07:33.312224,5,461,21111-34-PRECINCT 160 34 DISTRICT (G160)
Jefferson,G160,pierceb,12/28/2021 09:07:33.312224,1,461,21111-34-PRECINCT 160 34 DISTRICT (G160)
Jefferson,G160,trumpd,12/28/2021 09:07:33.312224,220,461,21111-34-PRECINCT 160 34 DISTRICT (G160)
Jefferson,G160,westk,12/28/2021 09:07:33.312224,3,461,21111-34-PRECINCT 160 34 DISTRICT (G160)
Jefferson,G161,bidenj,12/28/2021 09:07:33.312224,363,511,21111-34-PRECINCT 161 34 DISTRICT (G161)
Jefferson,G161,jorgensenj,12/28/2021 09:07:33.312224,6,511,21111-34-PRECINCT 161 34 DISTRICT (G161)
Jefferson,G161,pierceb,12/28/2021 09:07:33.312224,1,511,21111-34-PRECINCT 161 34 DISTRICT (G161)
Jefferson,G161,trumpd,12/28/2021 09:07:33.312224,140,511,21111-34-PRECINCT 161 34 DISTRICT (G161)
Jefferson,G161,westk,12/28/2021 09:07:33.312224,1,511,21111-34-PRECINCT 161 34 DISTRICT (G161)
Jefferson,G162,bidenj,12/28/2021 09:07:33.312224,62,135,21111-34-PRECINCT 162 34 DISTRICT (G162)
Jefferson,G162,jorgensenj,12/28/2021 09:07:33.312224,1,135,21111-34-PRECINCT 162 34 DISTRICT (G162)
Jefferson,G162,pierceb,12/28/2021 09:07:33.312224,0,135,21111-34-PRECINCT 162 34 DISTRICT (G162)
Jefferson,G162,trumpd,12/28/2021 09:07:33.312224,71,135,21111-34-PRECINCT 162 34 DISTRICT (G162)
Jefferson,G162,westk,12/28/2021 09:07:33.312224,1,135,21111-34-PRECINCT 162 34 DISTRICT (G162)
Jefferson,G163,bidenj,12/28/2021 09:07:33.312224,319,510,21111-34-PRECINCT 163 34 DISTRICT (G163)
Jefferson,G163,jorgensenj,12/28/2021 09:07:33.312224,14,510,21111-34-PRECINCT 163 34 DISTRICT (G163)
Jefferson,G163,pierceb,12/28/2021 09:07:33.312224,0,510,21111-34-PRECINCT 163 34 DISTRICT (G163)
Jefferson,G163,trumpd,12/28/2021 09:07:33.312224,176,510,21111-34-PRECINCT 163 34 DISTRICT (G163)
Jefferson,G163,westk,12/28/2021 09:07:33.312224,1,510,21111-34-PRECINCT 163 34 DISTRICT (G163)
Jefferson,G164,bidenj,12/28/2021 09:07:33.312224,697,1072,21111-34-PRECINCT 164 34 DISTRICT (G164)
Jefferson,G164,jorgensenj,12/28/2021 09:07:33.312224,26,1072,21111-34-PRECINCT 164 34 DISTRICT (G164)
Jefferson,G164,pierceb,12/28/2021 09:07:33.312224,2,1072,21111-34-PRECINCT 164 34 DISTRICT (G164)
Jefferson,G164,trumpd,12/28/2021 09:07:33.312224,342,1072,21111-34-PRECINCT 164 34 DISTRICT (G164)
Jefferson,G164,westk,12/28/2021 09:07:33.312224,5,1072,21111-34-PRECINCT 164 34 DISTRICT (G164)
Jefferson,G165,bidenj,12/28/2021 09:07:33.312224,252,415,21111-34-PRECINCT 165 34 DISTRICT (G165)
Jefferson,G165,jorgensenj,12/28/2021 09:07:33.312224,7,415,21111-34-PRECINCT 165 34 DISTRICT (G165)
Jefferson,G165,pierceb,12/28/2021 09:07:33.312224,1,415,21111-34-PRECINCT 165 34 DISTRICT (G165)
Jefferson,G165,trumpd,12/28/2021 09:07:33.312224,152,415,21111-34-PRECINCT 165 34 DISTRICT (G165)
Jefferson,G165,westk,12/28/2021 09:07:33.312224,3,415,21111-34-PRECINCT 165 34 DISTRICT (G165)
Jefferson,G166,bidenj,12/28/2021 09:07:33.312224,106,165,21111-34-PRECINCT 166 34 DISTRICT (G166)
Jefferson,G166,jorgensenj,12/28/2021 09:07:33.312224,3,165,21111-34-PRECINCT 166 34 DISTRICT (G166)
Jefferson,G166,pierceb,12/28/2021 09:07:33.312224,1,165,21111-34-PRECINCT 166 34 DISTRICT (G166)
Jefferson,G166,trumpd,12/28/2021 09:07:33.312224,55,165,21111-34-PRECINCT 166 34 DISTRICT (G166)
Jefferson,G166,westk,12/28/2021 09:07:33.312224,0,165,21111-34-PRECINCT 166 34 DISTRICT (G166)
Jefferson,G167,bidenj,12/28/2021 09:07:33.312224,235,363,21111-34-PRECINCT 167 34 DISTRICT (G167)
Jefferson,G167,jorgensenj,12/28/2021 09:07:33.312224,8,363,21111-34-PRECINCT 167 34 DISTRICT (G167)
Jefferson,G167,pierceb,12/28/2021 09:07:33.312224,0,363,21111-34-PRECINCT 167 34 DISTRICT (G167)
Jefferson,G167,trumpd,12/28/2021 09:07:33.312224,118,363,21111-34-PRECINCT 167 34 DISTRICT (G167)
Jefferson,G167,westk,12/28/2021 09:07:33.312224,2,363,21111-34-PRECINCT 167 34 DISTRICT (G167)
Jefferson,G168,bidenj,12/28/2021 09:07:33.312224,47,92,21111-34-PRECINCT 168 34 DISTRICT (G168)
Jefferson,G168,jorgensenj,12/28/2021 09:07:33.312224,3,92,21111-34-PRECINCT 168 34 DISTRICT (G168)
Jefferson,G168,pierceb,12/28/2021 09:07:33.312224,0,92,21111-34-PRECINCT 168 34 DISTRICT (G168)
Jefferson,G168,trumpd,12/28/2021 09:07:33.312224,42,92,21111-34-PRECINCT 168 34 DISTRICT (G168)
Jefferson,G168,westk,12/28/2021 09:07:33.312224,0,92,21111-34-PRECINCT 168 34 DISTRICT (G168)
Jefferson,G169,bidenj,12/28/2021 09:07:33.312224,202,306,21111-34-PRECINCT 169 34 DISTRICT (G169)
Jefferson,G169,jorgensenj,12/28/2021 09:07:33.312224,3,306,21111-34-PRECINCT 169 34 DISTRICT (G169)
Jefferson,G169,pierceb,12/28/2021 09:07:33.312224,0,306,21111-34-PRECINCT 169 34 DISTRICT (G169)
Jefferson,G169,trumpd,12/28/2021 09:07:33.312224,99,306,21111-34-PRECINCT 169 34 DISTRICT (G169)
Jefferson,G169,westk,12/28/2021 09:07:33.312224,2,306,21111-34-PRECINCT 169 34 DISTRICT (G169)
Jefferson,H102,bidenj,12/28/2021 09:07:33.312224,580,727,21111-35-PRECINCT 102 35 DISTRICT (H102)
Jefferson,H102,jorgensenj,12/28/2021 09:07:33.312224,14,727,21111-35-PRECINCT 102 35 DISTRICT (H102)
Jefferson,H102,pierceb,12/28/2021 09:07:33.312224,6,727,21111-35-PRECINCT 102 35 DISTRICT (H102)
Jefferson,H102,trumpd,12/28/2021 09:07:33.312224,125,727,21111-35-PRECINCT 102 35 DISTRICT (H102)
Jefferson,H102,westk,12/28/2021 09:07:33.312224,2,727,21111-35-PRECINCT 102 35 DISTRICT (H102)
Jefferson,H103,bidenj,12/28/2021 09:07:33.312224,725,905,21111-35-PRECINCT 103 35 DISTRICT (H103)
Jefferson,H103,jorgensenj,12/28/2021 09:07:33.312224,8,905,21111-35-PRECINCT 103 35 DISTRICT (H103)
Jefferson,H103,pierceb,12/28/2021 09:07:33.312224,0,905,21111-35-PRECINCT 103 35 DISTRICT (H103)
Jefferson,H103,trumpd,12/28/2021 09:07:33.312224,167,905,21111-35-PRECINCT 103 35 DISTRICT (H103)
Jefferson,H103,westk,12/28/2021 09:07:33.312224,5,905,21111-35-PRECINCT 103 35 DISTRICT (H103)
Jefferson,H105,bidenj,12/28/2021 09:07:33.312224,562,715,21111-35-PRECINCT 105 35 DISTRICT (H105)
Jefferson,H105,jorgensenj,12/28/2021 09:07:33.312224,6,715,21111-35-PRECINCT 105 35 DISTRICT (H105)
Jefferson,H105,pierceb,12/28/2021 09:07:33.312224,0,715,21111-35-PRECINCT 105 35 DISTRICT (H105)
Jefferson,H105,trumpd,12/28/2021 09:07:33.312224,146,715,21111-35-PRECINCT 105 35 DISTRICT (H105)
Jefferson,H105,westk,12/28/2021 09:07:33.312224,1,715,21111-35-PRECINCT 105 35 DISTRICT (H105)
Jefferson,H106,bidenj,12/28/2021 09:07:33.312224,496,642,21111-35-PRECINCT 106 35 DISTRICT (H106)
Jefferson,H106,jorgensenj,12/28/2021 09:07:33.312224,12,642,21111-35-PRECINCT 106 35 DISTRICT (H106)
Jefferson,H106,pierceb,12/28/2021 09:07:33.312224,0,642,21111-35-PRECINCT 106 35 DISTRICT (H106)
Jefferson,H106,trumpd,12/28/2021 09:07:33.312224,134,642,21111-35-PRECINCT 106 35 DISTRICT (H106)
Jefferson,H106,westk,12/28/2021 09:07:33.312224,0,642,21111-35-PRECINCT 106 35 DISTRICT (H106)
Jefferson,H109,bidenj,12/28/2021 09:07:33.312224,273,406,21111-35-PRECINCT 109 35 DISTRICT (H109)
Jefferson,H109,jorgensenj,12/28/2021 09:07:33.312224,11,406,21111-35-PRECINCT 109 35 DISTRICT (H109)
Jefferson,H109,pierceb,12/28/2021 09:07:33.312224,0,406,21111-35-PRECINCT 109 35 DISTRICT (H109)
Jefferson,H109,trumpd,12/28/2021 09:07:33.312224,121,406,21111-35-PRECINCT 109 35 DISTRICT (H109)
Jefferson,H109,westk,12/28/2021 09:07:33.312224,1,406,21111-35-PRECINCT 109 35 DISTRICT (H109)
Jefferson,H110,bidenj,12/28/2021 09:07:33.312224,501,718,21111-35-PRECINCT 110 35 DISTRICT (H110)
Jefferson,H110,jorgensenj,12/28/2021 09:07:33.312224,19,718,21111-35-PRECINCT 110 35 DISTRICT (H110)
Jefferson,H110,pierceb,12/28/2021 09:07:33.312224,3,718,21111-35-PRECINCT 110 35 DISTRICT (H110)
Jefferson,H110,trumpd,12/28/2021 09:07:33.312224,192,718,21111-35-PRECINCT 110 35 DISTRICT (H110)
Jefferson,H110,westk,12/28/2021 09:07:33.312224,3,718,21111-35-PRECINCT 110 35 DISTRICT (H110)
Jefferson,H111,bidenj,12/28/2021 09:07:33.312224,298,479,21111-35-PRECINCT 111 35 DISTRICT (H111)
Jefferson,H111,jorgensenj,12/28/2021 09:07:33.312224,16,479,21111-35-PRECINCT 111 35 DISTRICT (H111)
Jefferson,H111,pierceb,12/28/2021 09:07:33.312224,1,479,21111-35-PRECINCT 111 35 DISTRICT (H111)
Jefferson,H111,trumpd,12/28/2021 09:07:33.312224,163,479,21111-35-PRECINCT 111 35 DISTRICT (H111)
Jefferson,H111,westk,12/28/2021 09:07:33.312224,1,479,21111-35-PRECINCT 111 35 DISTRICT (H111)
Jefferson,H112,bidenj,12/28/2021 09:07:33.312224,428,713,21111-35-PRECINCT 112 35 DISTRICT (H112)
Jefferson,H112,jorgensenj,12/28/2021 09:07:33.312224,12,713,21111-35-PRECINCT 112 35 DISTRICT (H112)
Jefferson,H112,pierceb,12/28/2021 09:07:33.312224,1,713,21111-35-PRECINCT 112 35 DISTRICT (H112)
Jefferson,H112,trumpd,12/28/2021 09:07:33.312224,271,713,21111-35-PRECINCT 112 35 DISTRICT (H112)
Jefferson,H112,westk,12/28/2021 09:07:33.312224,1,713,21111-35-PRECINCT 112 35 DISTRICT (H112)
Jefferson,H113,bidenj,12/28/2021 09:07:33.312224,243,402,21111-35-PRECINCT 113 35 DISTRICT (H113)
Jefferson,H113,jorgensenj,12/28/2021 09:07:33.312224,9,402,21111-35-PRECINCT 113 35 DISTRICT (H113)
Jefferson,H113,pierceb,12/28/2021 09:07:33.312224,0,402,21111-35-PRECINCT 113 35 DISTRICT (H113)
Jefferson,H113,trumpd,12/28/2021 09:07:33.312224,150,402,21111-35-PRECINCT 113 35 DISTRICT (H113)
Jefferson,H113,westk,12/28/2021 09:07:33.312224,0,402,21111-35-PRECINCT 113 35 DISTRICT (H113)
Jefferson,H114,bidenj,12/28/2021 09:07:33.312224,8,12,21111-35-PRECINCT 114 35 DISTRICT (H114)
Jefferson,H114,jorgensenj,12/28/2021 09:07:33.312224,0,12,21111-35-PRECINCT 114 35 DISTRICT (H114)
Jefferson,H114,pierceb,12/28/2021 09:07:33.312224,0,12,21111-35-PRECINCT 114 35 DISTRICT (H114)
Jefferson,H114,trumpd,12/28/2021 09:07:33.312224,4,12,21111-35-PRECINCT 114 35 DISTRICT (H114)
Jefferson,H114,westk,12/28/2021 09:07:33.312224,0,12,21111-35-PRECINCT 114 35 DISTRICT (H114)
Jefferson,H115,bidenj,12/28/2021 09:07:33.312224,248,409,21111-35-PRECINCT 115 35 DISTRICT (H115)
Jefferson,H115,jorgensenj,12/28/2021 09:07:33.312224,8,409,21111-35-PRECINCT 115 35 DISTRICT (H115)
Jefferson,H115,pierceb,12/28/2021 09:07:33.312224,0,409,21111-35-PRECINCT 115 35 DISTRICT (H115)
Jefferson,H115,trumpd,12/28/2021 09:07:33.312224,151,409,21111-35-PRECINCT 115 35 DISTRICT (H115)
Jefferson,H115,westk,12/28/2021 09:07:33.312224,2,409,21111-35-PRECINCT 115 35 DISTRICT (H115)
Jefferson,H116,bidenj,12/28/2021 09:07:33.312224,404,663,21111-35-PRECINCT 116 35 DISTRICT (H116)
Jefferson,H116,jorgensenj,12/28/2021 09:07:33.312224,11,663,21111-35-PRECINCT 116 35 DISTRICT (H116)
Jefferson,H116,pierceb,12/28/2021 09:07:33.312224,0,663,21111-35-PRECINCT 116 35 DISTRICT (H116)
Jefferson,H116,trumpd,12/28/2021 09:07:33.312224,245,663,21111-35-PRECINCT 116 35 DISTRICT (H116)
Jefferson,H116,westk,12/28/2021 09:07:33.312224,3,663,21111-35-PRECINCT 116 35 DISTRICT (H116)
Jefferson,H117,bidenj,12/28/2021 09:07:33.312224,560,1037,21111-35-PRECINCT 117 35 DISTRICT (H117)
Jefferson,H117,jorgensenj,12/28/2021 09:07:33.312224,8,1037,21111-35-PRECINCT 117 35 DISTRICT (H117)
Jefferson,H117,pierceb,12/28/2021 09:07:33.312224,0,1037,21111-35-PRECINCT 117 35 DISTRICT (H117)
Jefferson,H117,trumpd,12/28/2021 09:07:33.312224,461,1037,21111-35-PRECINCT 117 35 DISTRICT (H117)
Jefferson,H117,westk,12/28/2021 09:07:33.312224,8,1037,21111-35-PRECINCT 117 35 DISTRICT (H117)
Jefferson,H118,bidenj,12/28/2021 09:07:33.312224,427,705,21111-35-PRECINCT 118 35 DISTRICT (H118)
Jefferson,H118,jorgensenj,12/28/2021 09:07:33.312224,9,705,21111-35-PRECINCT 118 35 DISTRICT (H118)
Jefferson,H118,pierceb,12/28/2021 09:07:33.312224,1,705,21111-35-PRECINCT 118 35 DISTRICT (H118)
Jefferson,H118,trumpd,12/28/2021 09:07:33.312224,264,705,21111-35-PRECINCT 118 35 DISTRICT (H118)
Jefferson,H118,westk,12/28/2021 09:07:33.312224,4,705,21111-35-PRECINCT 118 35 DISTRICT (H118)
Jefferson,H120,bidenj,12/28/2021 09:07:33.312224,571,1009,21111-35-PRECINCT 120 35 DISTRICT (H120)
Jefferson,H120,jorgensenj,12/28/2021 09:07:33.312224,10,1009,21111-35-PRECINCT 120 35 DISTRICT (H120)
Jefferson,H120,pierceb,12/28/2021 09:07:33.312224,3,1009,21111-35-PRECINCT 120 35 DISTRICT (H120)
Jefferson,H120,trumpd,12/28/2021 09:07:33.312224,417,1009,21111-35-PRECINCT 120 35 DISTRICT (H120)
Jefferson,H120,westk,12/28/2021 09:07:33.312224,8,1009,21111-35-PRECINCT 120 35 DISTRICT (H120)
Jefferson,H121,bidenj,12/28/2021 09:07:33.312224,231,383,21111-35-PRECINCT 121 35 DISTRICT (H121)
Jefferson,H121,jorgensenj,12/28/2021 09:07:33.312224,6,383,21111-35-PRECINCT 121 35 DISTRICT (H121)
Jefferson,H121,pierceb,12/28/2021 09:07:33.312224,2,383,21111-35-PRECINCT 121 35 DISTRICT (H121)
Jefferson,H121,trumpd,12/28/2021 09:07:33.312224,142,383,21111-35-PRECINCT 121 35 DISTRICT (H121)
Jefferson,H121,westk,12/28/2021 09:07:33.312224,2,383,21111-35-PRECINCT 121 35 DISTRICT (H121)
Jefferson,H123,bidenj,12/28/2021 09:07:33.312224,124,262,21111-35-PRECINCT 123 35 DISTRICT (H123)
Jefferson,H123,jorgensenj,12/28/2021 09:07:33.312224,6,262,21111-35-PRECINCT 123 35 DISTRICT (H123)
Jefferson,H123,pierceb,12/28/2021 09:07:33.312224,0,262,21111-35-PRECINCT 123 35 DISTRICT (H123)
Jefferson,H123,trumpd,12/28/2021 09:07:33.312224,132,262,21111-35-PRECINCT 123 35 DISTRICT (H123)
Jefferson,H123,westk,12/28/2021 09:07:33.312224,0,262,21111-35-PRECINCT 123 35 DISTRICT (H123)
Jefferson,H124,bidenj,12/28/2021 09:07:33.312224,154,197,21111-35-PRECINCT 124 35 DISTRICT (H124)
Jefferson,H124,jorgensenj,12/28/2021 09:07:33.312224,4,197,21111-35-PRECINCT 124 35 DISTRICT (H124)
Jefferson,H124,pierceb,12/28/2021 09:07:33.312224,0,197,21111-35-PRECINCT 124 35 DISTRICT (H124)
Jefferson,H124,trumpd,12/28/2021 09:07:33.312224,37,197,21111-35-PRECINCT 124 35 DISTRICT (H124)
Jefferson,H124,westk,12/28/2021 09:07:33.312224,2,197,21111-35-PRECINCT 124 35 DISTRICT (H124)
Jefferson,H125,bidenj,12/28/2021 09:07:33.312224,154,349,21111-35-PRECINCT 125 35 DISTRICT (H125)
Jefferson,H125,jorgensenj,12/28/2021 09:07:33.312224,6,349,21111-35-PRECINCT 125 35 DISTRICT (H125)
Jefferson,H125,pierceb,12/28/2021 09:07:33.312224,2,349,21111-35-PRECINCT 125 35 DISTRICT (H125)
Jefferson,H125,trumpd,12/28/2021 09:07:33.312224,187,349,21111-35-PRECINCT 125 35 DISTRICT (H125)
Jefferson,H125,westk,12/28/2021 09:07:33.312224,0,349,21111-35-PRECINCT 125 35 DISTRICT (H125)
Jefferson,H126,bidenj,12/28/2021 09:07:33.312224,212,425,21111-35-PRECINCT 126 35 DISTRICT (H126)
Jefferson,H126,jorgensenj,12/28/2021 09:07:33.312224,9,425,21111-35-PRECINCT 126 35 DISTRICT (H126)
Jefferson,H126,pierceb,12/28/2021 09:07:33.312224,0,425,21111-35-PRECINCT 126 35 DISTRICT (H126)
Jefferson,H126,trumpd,12/28/2021 09:07:33.312224,202,425,21111-35-PRECINCT 126 35 DISTRICT (H126)
Jefferson,H126,westk,12/28/2021 09:07:33.312224,2,425,21111-35-PRECINCT 126 35 DISTRICT (H126)
Jefferson,H127,bidenj,12/28/2021 09:07:33.312224,204,298,21111-35-PRECINCT 127 35 DISTRICT (H127)
Jefferson,H127,jorgensenj,12/28/2021 09:07:33.312224,3,298,21111-35-PRECINCT 127 35 DISTRICT (H127)
Jefferson,H127,pierceb,12/28/2021 09:07:33.312224,0,298,21111-35-PRECINCT 127 35 DISTRICT (H127)
Jefferson,H127,trumpd,12/28/2021 09:07:33.312224,88,298,21111-35-PRECINCT 127 35 DISTRICT (H127)
Jefferson,H127,westk,12/28/2021 09:07:33.312224,3,298,21111-35-PRECINCT 127 35 DISTRICT (H127)
Jefferson,H130,bidenj,12/28/2021 09:07:33.312224,0,0,
Jefferson,H130,jorgensenj,12/28/2021 09:07:33.312224,0,0,
Jefferson,H130,pierceb,12/28/2021 09:07:33.312224,0,0,
Jefferson,H130,trumpd,12/28/2021 09:07:33.312224,0,0,
Jefferson,H130,westk,12/28/2021 09:07:33.312224,0,0,
Jefferson,H131,bidenj,12/28/2021 09:07:33.312224,321,406,21111-35-PRECINCT 131 35 DISTRICT (H131)
Jefferson,H131,jorgensenj,12/28/2021 09:07:33.312224,4,406,21111-35-PRECINCT 131 35 DISTRICT (H131)
Jefferson,H131,pierceb,12/28/2021 09:07:33.312224,1,406,21111-35-PRECINCT 131 35 DISTRICT (H131)
Jefferson,H131,trumpd,12/28/2021 09:07:33.312224,78,406,21111-35-PRECINCT 131 35 DISTRICT (H131)
Jefferson,H131,westk,12/28/2021 09:07:33.312224,2,406,21111-35-PRECINCT 131 35 DISTRICT (H131)
Jefferson,H132,bidenj,12/28/2021 09:07:33.312224,205,239,21111-35-PRECINCT 132 35 DISTRICT (H132)
Jefferson,H132,jorgensenj,12/28/2021 09:07:33.312224,2,239,21111-35-PRECINCT 132 35 DISTRICT (H132)
Jefferson,H132,pierceb,12/28/2021 09:07:33.312224,0,239,21111-35-PRECINCT 132 35 DISTRICT (H132)
Jefferson,H132,trumpd,12/28/2021 09:07:33.312224,32,239,21111-35-PRECINCT 132 35 DISTRICT (H132)
Jefferson,H132,westk,12/28/2021 09:07:33.312224,0,239,21111-35-PRECINCT 132 35 DISTRICT (H132)
Jefferson,H133,bidenj,12/28/2021 09:07:33.312224,78,98,21111-35-PRECINCT 133 35 DISTRICT (H133)
Jefferson,H133,jorgensenj,12/28/2021 09:07:33.312224,2,98,21111-35-PRECINCT 133 35 DISTRICT (H133)
Jefferson,H133,pierceb,12/28/2021 09:07:33.312224,0,98,21111-35-PRECINCT 133 35 DISTRICT (H133)
Jefferson,H133,trumpd,12/28/2021 09:07:33.312224,18,98,21111-35-PRECINCT 133 35 DISTRICT (H133)
Jefferson,H133,westk,12/28/2021 09:07:33.312224,0,98,21111-35-PRECINCT 133 35 DISTRICT (H133)
Jefferson,H138,bidenj,12/28/2021 09:07:33.312224,658,1077,21111-35-PRECINCT 138 35 DISTRICT (H138)
Jefferson,H138,jorgensenj,12/28/2021 09:07:33.312224,16,1077,21111-35-PRECINCT 138 35 DISTRICT (H138)
Jefferson,H138,pierceb,12/28/2021 09:07:33.312224,0,1077,21111-35-PRECINCT 138 35 DISTRICT (H138)
Jefferson,H138,trumpd,12/28/2021 09:07:33.312224,397,1077,21111-35-PRECINCT 138 35 DISTRICT (H138)
Jefferson,H138,westk,12/28/2021 09:07:33.312224,6,1077,21111-35-PRECINCT 138 35 DISTRICT (H138)
Jefferson,H141,bidenj,12/28/2021 09:07:33.312224,538,761,21111-35-PRECINCT 141 35 DISTRICT (H141)
Jefferson,H141,jorgensenj,12/28/2021 09:07:33.312224,10,761,21111-35-PRECINCT 141 35 DISTRICT (H141)
Jefferson,H141,pierceb,12/28/2021 09:07:33.312224,1,761,21111-35-PRECINCT 141 35 DISTRICT (H141)
Jefferson,H141,trumpd,12/28/2021 09:07:33.312224,206,761,21111-35-PRECINCT 141 35 DISTRICT (H141)
Jefferson,H141,westk,12/28/2021 09:07:33.312224,6,761,21111-35-PRECINCT 141 35 DISTRICT (H141)
Jefferson,H144,bidenj,12/28/2021 09:07:33.312224,307,745,21111-35-PRECINCT 144 35 DISTRICT (H144)
Jefferson,H144,jorgensenj,12/28/2021 09:07:33.312224,7,745,21111-35-PRECINCT 144 35 DISTRICT (H144)
Jefferson,H144,pierceb,12/28/2021 09:07:33.312224,1,745,21111-35-PRECINCT 144 35 DISTRICT (H144)
Jefferson,H144,trumpd,12/28/2021 09:07:33.312224,423,745,21111-35-PRECINCT 144 35 DISTRICT (H144)
Jefferson,H144,westk,12/28/2021 09:07:33.312224,7,745,21111-35-PRECINCT 144 35 DISTRICT (H144)
Jefferson,H145,bidenj,12/28/2021 09:07:33.312224,194,551,21111-35-PRECINCT 145 35 DISTRICT (H145)
Jefferson,H145,jorgensenj,12/28/2021 09:07:33.312224,8,551,21111-35-PRECINCT 145 35 DISTRICT (H145)
Jefferson,H145,pierceb,12/28/2021 09:07:33.312224,0,551,21111-35-PRECINCT 145 35 DISTRICT (H145)
Jefferson,H145,trumpd,12/28/2021 09:07:33.312224,349,551,21111-35-PRECINCT 145 35 DISTRICT (H145)
Jefferson,H145,westk,12/28/2021 09:07:33.312224,0,551,21111-35-PRECINCT 145 35 DISTRICT (H145)
Jefferson,H146,bidenj,12/28/2021 09:07:33.312224,357,802,21111-35-PRECINCT 146 35 DISTRICT (H146)
Jefferson,H146,jorgensenj,12/28/2021 09:07:33.312224,8,802,21111-35-PRECINCT 146 35 DISTRICT (H146)
Jefferson,H146,pierceb,12/28/2021 09:07:33.312224,1,802,21111-35-PRECINCT 146 35 DISTRICT (H146)
Jefferson,H146,trumpd,12/28/2021 09:07:33.312224,433,802,21111-35-PRECINCT 146 35 DISTRICT (H146)
Jefferson,H146,westk,12/28/2021 09:07:33.312224,3,802,21111-35-PRECINCT 146 35 DISTRICT (H146)
Jefferson,H147,bidenj,12/28/2021 09:07:33.312224,253,562,21111-35-PRECINCT 147 35 DISTRICT (H147)
Jefferson,H147,jorgensenj,12/28/2021 09:07:33.312224,8,562,21111-35-PRECINCT 147 35 DISTRICT (H147)
Jefferson,H147,pierceb,12/28/2021 09:07:33.312224,1,562,21111-35-PRECINCT 147 35 DISTRICT (H147)
Jefferson,H147,trumpd,12/28/2021 09:07:33.312224,294,562,21111-35-PRECINCT 147 35 DISTRICT (H147)
Jefferson,H147,westk,12/28/2021 09:07:33.312224,6,562,21111-35-PRECINCT 147 35 DISTRICT (H147)
Jefferson,H148,bidenj,12/28/2021 09:07:33.312224,320,714,21111-35-PRECINCT 148 35 DISTRICT (H148)
Jefferson,H148,jorgensenj,12/28/2021 09:07:33.312224,10,714,21111-35-PRECINCT 148 35 DISTRICT (H148)
Jefferson,H148,pierceb,12/28/2021 09:07:33.312224,2,714,21111-35-PRECINCT 148 35 DISTRICT (H148)
Jefferson,H148,trumpd,12/28/2021 09:07:33.312224,380,714,21111-35-PRECINCT 148 35 DISTRICT (H148)
Jefferson,H148,westk,12/28/2021 09:07:33.312224,2,714,21111-35-PRECINCT 148 35 DISTRICT (H148)
Jefferson,H150,bidenj,12/28/2021 09:07:33.312224,0,3,21111-35-PRECINCT 150 35 DISTRICT (H150)
Jefferson,H150,jorgensenj,12/28/2021 09:07:33.312224,0,3,21111-35-PRECINCT 150 35 DISTRICT (H150)
Jefferson,H150,pierceb,12/28/2021 09:07:33.312224,0,3,21111-35-PRECINCT 150 35 DISTRICT (H150)
Jefferson,H150,trumpd,12/28/2021 09:07:33.312224,3,3,21111-35-PRECINCT 150 35 DISTRICT (H150)
Jefferson,H150,westk,12/28/2021 09:07:33.312224,0,3,21111-35-PRECINCT 150 35 DISTRICT (H150)
Jefferson,H151,bidenj,12/28/2021 09:07:33.312224,0,2,21111-35-PRECINCT 151 35 DISTRICT (H151)
Jefferson,H151,jorgensenj,12/28/2021 09:07:33.312224,0,2,21111-35-PRECINCT 151 35 DISTRICT (H151)
Jefferson,H151,pierceb,12/28/2021 09:07:33.312224,0,2,21111-35-PRECINCT 151 35 DISTRICT (H151)
Jefferson,H151,trumpd,12/28/2021 09:07:33.312224,2,2,21111-35-PRECINCT 151 35 DISTRICT (H151)
Jefferson,H151,westk,12/28/2021 09:07:33.312224,0,2,21111-35-PRECINCT 151 35 DISTRICT (H151)
Jefferson,H152,bidenj,12/28/2021 09:07:33.312224,96,128,21111-35-PRECINCT 152 35 DISTRICT (H152)
Jefferson,H152,jorgensenj,12/28/2021 09:07:33.312224,0,128,21111-35-PRECINCT 152 35 DISTRICT (H152)
Jefferson,H152,pierceb,12/28/2021 09:07:33.312224,0,128,21111-35-PRECINCT 152 35 DISTRICT (H152)
Jefferson,H152,trumpd,12/28/2021 09:07:33.312224,32,128,21111-35-PRECINCT 152 35 DISTRICT (H152)
Jefferson,H152,westk,12/28/2021 09:07:33.312224,0,128,21111-35-PRECINCT 152 35 DISTRICT (H152)
Jefferson,H153,bidenj,12/28/2021 09:07:33.312224,0,0,
Jefferson,H153,jorgensenj,12/28/2021 09:07:33.312224,0,0,
Jefferson,H153,pierceb,12/28/2021 09:07:33.312224,0,0,
Jefferson,H153,trumpd,12/28/2021 09:07:33.312224,0,0,
Jefferson,H153,westk,12/28/2021 09:07:33.312224,0,0,
Jefferson,H154,bidenj,12/28/2021 09:07:33.312224,95,201,21111-35-PRECINCT 154 35 DISTRICT (H154)
Jefferson,H154,jorgensenj,12/28/2021 09:07:33.312224,4,201,21111-35-PRECINCT 154 35 DISTRICT (H154)
Jefferson,H154,pierceb,12/28/2021 09:07:33.312224,0,201,21111-35-PRECINCT 154 35 DISTRICT (H154)
Jefferson,H154,trumpd,12/28/2021 09:07:33.312224,100,201,21111-35-PRECINCT 154 35 DISTRICT (H154)
Jefferson,H154,westk,12/28/2021 09:07:33.312224,2,201,21111-35-PRECINCT 154 35 DISTRICT (H154)
Jefferson,H155,bidenj,12/28/2021 09:07:33.312224,152,248,21111-35-PRECINCT 155 35 DISTRICT (H155)
Jefferson,H155,jorgensenj,12/28/2021 09:07:33.312224,4,248,21111-35-PRECINCT 155 35 DISTRICT (H155)
Jefferson,H155,pierceb,12/28/2021 09:07:33.312224,0,248,21111-35-PRECINCT 155 35 DISTRICT (H155)
Jefferson,H155,trumpd,12/28/2021 09:07:33.312224,90,248,21111-35-PRECINCT 155 35 DISTRICT (H155)
Jefferson,H155,westk,12/28/2021 09:07:33.312224,2,248,21111-35-PRECINCT 155 35 DISTRICT (H155)
Jefferson,H156,bidenj,12/28/2021 09:07:33.312224,0,0,
Jefferson,H156,jorgensenj,12/28/2021 09:07:33.312224,0,0,
Jefferson,H156,pierceb,12/28/2021 09:07:33.312224,0,0,
Jefferson,H156,trumpd,12/28/2021 09:07:33.312224,0,0,
Jefferson,H156,westk,12/28/2021 09:07:33.312224,0,0,
Jefferson,H157,bidenj,12/28/2021 09:07:33.312224,21,25,21111-35-PRECINCT 157 35 DISTRICT (H157)
Jefferson,H157,jorgensenj,12/28/2021 09:07:33.312224,0,25,21111-35-PRECINCT 157 35 DISTRICT (H157)
Jefferson,H157,pierceb,12/28/2021 09:07:33.312224,0,25,21111-35-PRECINCT 157 35 DISTRICT (H157)
Jefferson,H157,trumpd,12/28/2021 09:07:33.312224,4,25,21111-35-PRECINCT 157 35 DISTRICT (H157)
Jefferson,H157,westk,12/28/2021 09:07:33.312224,0,25,21111-35-PRECINCT 157 35 DISTRICT (H157)
Jefferson,H158,bidenj,12/28/2021 09:07:33.312224,0,0,
Jefferson,H158,jorgensenj,12/28/2021 09:07:33.312224,0,0,
Jefferson,H158,pierceb,12/28/2021 09:07:33.312224,0,0,
Jefferson,H158,trumpd,12/28/2021 09:07:33.312224,0,0,
Jefferson,H158,westk,12/28/2021 09:07:33.312224,0,0,
Jefferson,H159,bidenj,12/28/2021 09:07:33.312224,110,231,21111-35-PRECINCT 159 35 DISTRICT (H159)
Jefferson,H159,jorgensenj,12/28/2021 09:07:33.312224,6,231,21111-35-PRECINCT 159 35 DISTRICT (H159)
Jefferson,H159,pierceb,12/28/2021 09:07:33.312224,0,231,21111-35-PRECINCT 159 35 DISTRICT (H159)
Jefferson,H159,trumpd,12/28/2021 09:07:33.312224,114,231,21111-35-PRECINCT 159 35 DISTRICT (H159)
Jefferson,H159,westk,12/28/2021 09:07:33.312224,1,231,21111-35-PRECINCT 159 35 DISTRICT (H159)
Jefferson,H160,bidenj,12/28/2021 09:07:33.312224,655,1060,21111-35-PRECINCT 160 35 DISTRICT (H160)
Jefferson,H160,jorgensenj,12/28/2021 09:07:33.312224,19,1060,21111-35-PRECINCT 160 35 DISTRICT (H160)
Jefferson,H160,pierceb,12/28/2021 09:07:33.312224,1,1060,21111-35-PRECINCT 160 35 DISTRICT (H160)
Jefferson,H160,trumpd,12/28/2021 09:07:33.312224,380,1060,21111-35-PRECINCT 160 35 DISTRICT (H160)
Jefferson,H160,westk,12/28/2021 09:07:33.312224,5,1060,21111-35-PRECINCT 160 35 DISTRICT (H160)
Jefferson,H161,bidenj,12/28/2021 09:07:33.312224,1,2,21111-35-PRECINCT 161 35 DISTRICT (H161)
Jefferson,H161,jorgensenj,12/28/2021 09:07:33.312224,0,2,21111-35-PRECINCT 161 35 DISTRICT (H161)
Jefferson,H161,pierceb,12/28/2021 09:07:33.312224,0,2,21111-35-PRECINCT 161 35 DISTRICT (H161)
Jefferson,H161,trumpd,12/28/2021 09:07:33.312224,1,2,21111-35-PRECINCT 161 35 DISTRICT (H161)
Jefferson,H161,westk,12/28/2021 09:07:33.312224,0,2,21111-35-PRECINCT 161 35 DISTRICT (H161)
Jefferson,H162,bidenj,12/28/2021 09:07:33.312224,283,551,21111-35-PRECINCT 162 35 DISTRICT (H162)
Jefferson,H162,jorgensenj,12/28/2021 09:07:33.312224,14,551,21111-35-PRECINCT 162 35 DISTRICT (H162)
Jefferson,H162,pierceb,12/28/2021 09:07:33.312224,1,551,21111-35-PRECINCT 162 35 DISTRICT (H162)
Jefferson,H162,trumpd,12/28/2021 09:07:33.312224,253,551,21111-35-PRECINCT 162 35 DISTRICT (H162)
Jefferson,H162,westk,12/28/2021 09:07:33.312224,0,551,21111-35-PRECINCT 162 35 DISTRICT (H162)
Jefferson,I107,bidenj,12/28/2021 09:07:33.312224,429,662,21111-37-PRECINCT 107 37 DISTRICT (I107)
Jefferson,I107,jorgensenj,12/28/2021 09:07:33.312224,8,662,21111-37-PRECINCT 107 37 DISTRICT (I107)
Jefferson,I107,pierceb,12/28/2021 09:07:33.312224,2,662,21111-37-PRECINCT 107 37 DISTRICT (I107)
Jefferson,I107,trumpd,12/28/2021 09:07:33.312224,218,662,21111-37-PRECINCT 107 37 DISTRICT (I107)
Jefferson,I107,westk,12/28/2021 09:07:33.312224,5,662,21111-37-PRECINCT 107 37 DISTRICT (I107)
Jefferson,I109,bidenj,12/28/2021 09:07:33.312224,253,388,21111-37-PRECINCT 109 37 DISTRICT (I109)
Jefferson,I109,jorgensenj,12/28/2021 09:07:33.312224,10,388,21111-37-PRECINCT 109 37 DISTRICT (I109)
Jefferson,I109,pierceb,12/28/2021 09:07:33.312224,2,388,21111-37-PRECINCT 109 37 DISTRICT (I109)
Jefferson,I109,trumpd,12/28/2021 09:07:33.312224,117,388,21111-37-PRECINCT 109 37 DISTRICT (I109)
Jefferson,I109,westk,12/28/2021 09:07:33.312224,6,388,21111-37-PRECINCT 109 37 DISTRICT (I109)
Jefferson,I110,bidenj,12/28/2021 09:07:33.312224,117,187,21111-37-PRECINCT 110 37 DISTRICT (I110)
Jefferson,I110,jorgensenj,12/28/2021 09:07:33.312224,6,187,21111-37-PRECINCT 110 37 DISTRICT (I110)
Jefferson,I110,pierceb,12/28/2021 09:07:33.312224,3,187,21111-37-PRECINCT 110 37 DISTRICT (I110)
Jefferson,I110,trumpd,12/28/2021 09:07:33.312224,59,187,21111-37-PRECINCT 110 37 DISTRICT (I110)
Jefferson,I110,westk,12/28/2021 09:07:33.312224,2,187,21111-37-PRECINCT 110 37 DISTRICT (I110)
Jefferson,I111,bidenj,12/28/2021 09:07:33.312224,610,951,21111-37-PRECINCT 111 37 DISTRICT (I111)
Jefferson,I111,jorgensenj,12/28/2021 09:07:33.312224,18,951,21111-37-PRECINCT 111 37 DISTRICT (I111)
Jefferson,I111,pierceb,12/28/2021 09:07:33.312224,3,951,21111-37-PRECINCT 111 37 DISTRICT (I111)
Jefferson,I111,trumpd,12/28/2021 09:07:33.312224,313,951,21111-37-PRECINCT 111 37 DISTRICT (I111)
Jefferson,I111,westk,12/28/2021 09:07:33.312224,7,951,21111-37-PRECINCT 111 37 DISTRICT (I111)
Jefferson,I112,bidenj,12/28/2021 09:07:33.312224,456,789,21111-37-PRECINCT 112 37 DISTRICT (I112)
Jefferson,I112,jorgensenj,12/28/2021 09:07:33.312224,12,789,21111-37-PRECINCT 112 37 DISTRICT (I112)
Jefferson,I112,pierceb,12/28/2021 09:07:33.312224,2,789,21111-37-PRECINCT 112 37 DISTRICT (I112)
Jefferson,I112,trumpd,12/28/2021 09:07:33.312224,316,789,21111-37-PRECINCT 112 37 DISTRICT (I112)
Jefferson,I112,westk,12/28/2021 09:07:33.312224,3,789,21111-37-PRECINCT 112 37 DISTRICT (I112)
Jefferson,I115,bidenj,12/28/2021 09:07:33.312224,404,532,21111-37-PRECINCT 115 37 DISTRICT (I115)
Jefferson,I115,jorgensenj,12/28/2021 09:07:33.312224,4,532,21111-37-PRECINCT 115 37 DISTRICT (I115)
Jefferson,I115,pierceb,12/28/2021 09:07:33.312224,2,532,21111-37-PRECINCT 115 37 DISTRICT (I115)
Jefferson,I115,trumpd,12/28/2021 09:07:33.312224,118,532,21111-37-PRECINCT 115 37 DISTRICT (I115)
Jefferson,I115,westk,12/28/2021 09:07:33.312224,4,532,21111-37-PRECINCT 115 37 DISTRICT (I115)
Jefferson,I120,bidenj,12/28/2021 09:07:33.312224,185,348,21111-37-PRECINCT 120 37 DISTRICT (I120)
Jefferson,I120,jorgensenj,12/28/2021 09:07:33.312224,5,348,21111-37-PRECINCT 120 37 DISTRICT (I120)
Jefferson,I120,pierceb,12/28/2021 09:07:33.312224,0,348,21111-37-PRECINCT 120 37 DISTRICT (I120)
Jefferson,I120,trumpd,12/28/2021 09:07:33.312224,158,348,21111-37-PRECINCT 120 37 DISTRICT (I120)
Jefferson,I120,westk,12/28/2021 09:07:33.312224,0,348,21111-37-PRECINCT 120 37 DISTRICT (I120)
Jefferson,I122,bidenj,12/28/2021 09:07:33.312224,134,344,21111-37-PRECINCT 122 37 DISTRICT (I122)
Jefferson,I122,jorgensenj,12/28/2021 09:07:33.312224,2,344,21111-37-PRECINCT 122 37 DISTRICT (I122)
Jefferson,I122,pierceb,12/28/2021 09:07:33.312224,0,344,21111-37-PRECINCT 122 37 DISTRICT (I122)
Jefferson,I122,trumpd,12/28/2021 09:07:33.312224,207,344,21111-37-PRECINCT 122 37 DISTRICT (I122)
Jefferson,I122,westk,12/28/2021 09:07:33.312224,1,344,21111-37-PRECINCT 122 37 DISTRICT (I122)
Jefferson,I123,bidenj,12/28/2021 09:07:33.312224,492,1007,21111-37-PRECINCT 123 37 DISTRICT (I123)
Jefferson,I123,jorgensenj,12/28/2021 09:07:33.312224,12,1007,21111-37-PRECINCT 123 37 DISTRICT (I123)
Jefferson,I123,pierceb,12/28/2021 09:07:33.312224,1,1007,21111-37-PRECINCT 123 37 DISTRICT (I123)
Jefferson,I123,trumpd,12/28/2021 09:07:33.312224,498,1007,21111-37-PRECINCT 123 37 DISTRICT (I123)
Jefferson,I123,westk,12/28/2021 09:07:33.312224,4,1007,21111-37-PRECINCT 123 37 DISTRICT (I123)
Jefferson,I124,bidenj,12/28/2021 09:07:33.312224,228,472,21111-37-PRECINCT 124 37 DISTRICT (I124)
Jefferson,I124,jorgensenj,12/28/2021 09:07:33.312224,3,472,21111-37-PRECINCT 124 37 DISTRICT (I124)
Jefferson,I124,pierceb,12/28/2021 09:07:33.312224,0,472,21111-37-PRECINCT 124 37 DISTRICT (I124)
Jefferson,I124,trumpd,12/28/2021 09:07:33.312224,238,472,21111-37-PRECINCT 124 37 DISTRICT (I124)
Jefferson,I124,westk,12/28/2021 09:07:33.312224,3,472,21111-37-PRECINCT 124 37 DISTRICT (I124)
Jefferson,I125,bidenj,12/28/2021 09:07:33.312224,199,353,21111-37-PRECINCT 125 37 DISTRICT (I125)
Jefferson,I125,jorgensenj,12/28/2021 09:07:33.312224,7,353,21111-37-PRECINCT 125 37 DISTRICT (I125)
Jefferson,I125,pierceb,12/28/2021 09:07:33.312224,0,353,21111-37-PRECINCT 125 37 DISTRICT (I125)
Jefferson,I125,trumpd,12/28/2021 09:07:33.312224,145,353,21111-37-PRECINCT 125 37 DISTRICT (I125)
Jefferson,I125,westk,12/28/2021 09:07:33.312224,2,353,21111-37-PRECINCT 125 37 DISTRICT (I125)
Jefferson,I126,bidenj,12/28/2021 09:07:33.312224,204,704,21111-37-PRECINCT 126 37 DISTRICT (I126)
Jefferson,I126,jorgensenj,12/28/2021 09:07:33.312224,14,704,21111-37-PRECINCT 126 37 DISTRICT (I126)
Jefferson,I126,pierceb,12/28/2021 09:07:33.312224,0,704,21111-37-PRECINCT 126 37 DISTRICT (I126)
Jefferson,I126,trumpd,12/28/2021 09:07:33.312224,482,704,21111-37-PRECINCT 126 37 DISTRICT (I126)
Jefferson,I126,westk,12/28/2021 09:07:33.312224,4,704,21111-37-PRECINCT 126 37 DISTRICT (I126)
Jefferson,I130,bidenj,12/28/2021 09:07:33.312224,143,392,21111-37-PRECINCT 130 37 DISTRICT (I130)
Jefferson,I130,jorgensenj,12/28/2021 09:07:33.312224,4,392,21111-37-PRECINCT 130 37 DISTRICT (I130)
Jefferson,I130,pierceb,12/28/2021 09:07:33.312224,0,392,21111-37-PRECINCT 130 37 DISTRICT (I130)
Jefferson,I130,trumpd,12/28/2021 09:07:33.312224,244,392,21111-37-PRECINCT 130 37 DISTRICT (I130)
Jefferson,I130,westk,12/28/2021 09:07:33.312224,1,392,21111-37-PRECINCT 130 37 DISTRICT (I130)
Jefferson,I133,bidenj,12/28/2021 09:07:33.312224,324,1164,21111-37-PRECINCT 133 37 DISTRICT (I133)
Jefferson,I133,jorgensenj,12/28/2021 09:07:33.312224,14,1164,21111-37-PRECINCT 133 37 DISTRICT (I133)
Jefferson,I133,pierceb,12/28/2021 09:07:33.312224,0,1164,21111-37-PRECINCT 133 37 DISTRICT (I133)
Jefferson,I133,trumpd,12/28/2021 09:07:33.312224,824,1164,21111-37-PRECINCT 133 37 DISTRICT (I133)
Jefferson,I133,westk,12/28/2021 09:07:33.312224,2,1164,21111-37-PRECINCT 133 37 DISTRICT (I133)
Jefferson,I135,bidenj,12/28/2021 09:07:33.312224,125,387,21111-37-PRECINCT 135 37 DISTRICT (I135)
Jefferson,I135,jorgensenj,12/28/2021 09:07:33.312224,6,387,21111-37-PRECINCT 135 37 DISTRICT (I135)
Jefferson,I135,pierceb,12/28/2021 09:07:33.312224,2,387,21111-37-PRECINCT 135 37 DISTRICT (I135)
Jefferson,I135,trumpd,12/28/2021 09:07:33.312224,253,387,21111-37-PRECINCT 135 37 DISTRICT (I135)
Jefferson,I135,westk,12/28/2021 09:07:33.312224,1,387,21111-37-PRECINCT 135 37 DISTRICT (I135)
Jefferson,I138,bidenj,12/28/2021 09:07:33.312224,0,0,21111-37-PRECINCT 138 37 DISTRICT (I138)
Jefferson,I138,jorgensenj,12/28/2021 09:07:33.312224,0,0,21111-37-PRECINCT 138 37 DISTRICT (I138)
Jefferson,I138,pierceb,12/28/2021 09:07:33.312224,0,0,21111-37-PRECINCT 138 37 DISTRICT (I138)
Jefferson,I138,trumpd,12/28/2021 09:07:33.312224,0,0,21111-37-PRECINCT 138 37 DISTRICT (I138)
Jefferson,I138,westk,12/28/2021 09:07:33.312224,0,0,21111-37-PRECINCT 138 37 DISTRICT (I138)
Jefferson,I140,bidenj,12/28/2021 09:07:33.312224,57,86,21111-37-PRECINCT 140 37 DISTRICT (I140)
Jefferson,I140,jorgensenj,12/28/2021 09:07:33.312224,2,86,21111-37-PRECINCT 140 37 DISTRICT (I140)
Jefferson,I140,pierceb,12/28/2021 09:07:33.312224,0,86,21111-37-PRECINCT 140 37 DISTRICT (I140)
Jefferson,I140,trumpd,12/28/2021 09:07:33.312224,26,86,21111-37-PRECINCT 140 37 DISTRICT (I140)
Jefferson,I140,westk,12/28/2021 09:07:33.312224,1,86,21111-37-PRECINCT 140 37 DISTRICT (I140)
Jefferson,I141,bidenj,12/28/2021 09:07:33.312224,442,838,21111-37-PRECINCT 141 37 DISTRICT (I141)
Jefferson,I141,jorgensenj,12/28/2021 09:07:33.312224,21,838,21111-37-PRECINCT 141 37 DISTRICT (I141)
Jefferson,I141,pierceb,12/28/2021 09:07:33.312224,0,838,21111-37-PRECINCT 141 37 DISTRICT (I141)
Jefferson,I141,trumpd,12/28/2021 09:07:33.312224,373,838,21111-37-PRECINCT 141 37 DISTRICT (I141)
Jefferson,I141,westk,12/28/2021 09:07:33.312224,2,838,21111-37-PRECINCT 141 37 DISTRICT (I141)
Jefferson,I142,bidenj,12/28/2021 09:07:33.312224,0,2,21111-37-PRECINCT 142 37 DISTRICT (I142)
Jefferson,I142,jorgensenj,12/28/2021 09:07:33.312224,0,2,21111-37-PRECINCT 142 37 DISTRICT (I142)
Jefferson,I142,pierceb,12/28/2021 09:07:33.312224,0,2,21111-37-PRECINCT 142 37 DISTRICT (I142)
Jefferson,I142,trumpd,12/28/2021 09:07:33.312224,2,2,21111-37-PRECINCT 142 37 DISTRICT (I142)
Jefferson,I142,westk,12/28/2021 09:07:33.312224,0,2,21111-37-PRECINCT 142 37 DISTRICT (I142)
Jefferson,I143,bidenj,12/28/2021 09:07:33.312224,32,69,21111-37-PRECINCT 143 37 DISTRICT (I143)
Jefferson,I143,jorgensenj,12/28/2021 09:07:33.312224,1,69,21111-37-PRECINCT 143 37 DISTRICT (I143)
Jefferson,I143,pierceb,12/28/2021 09:07:33.312224,0,69,21111-37-PRECINCT 143 37 DISTRICT (I143)
Jefferson,I143,trumpd,12/28/2021 09:07:33.312224,36,69,21111-37-PRECINCT 143 37 DISTRICT (I143)
Jefferson,I143,westk,12/28/2021 09:07:33.312224,0,69,21111-37-PRECINCT 143 37 DISTRICT (I143)
Jefferson,I144,bidenj,12/28/2021 09:07:33.312224,32,89,21111-37-PRECINCT 144 37 DISTRICT (I144)
Jefferson,I144,jorgensenj,12/28/2021 09:07:33.312224,0,89,21111-37-PRECINCT 144 37 DISTRICT (I144)
Jefferson,I144,pierceb,12/28/2021 09:07:33.312224,1,89,21111-37-PRECINCT 144 37 DISTRICT (I144)
Jefferson,I144,trumpd,12/28/2021 09:07:33.312224,56,89,21111-37-PRECINCT 144 37 DISTRICT (I144)
Jefferson,I144,westk,12/28/2021 09:07:33.312224,0,89,21111-37-PRECINCT 144 37 DISTRICT (I144)
Jefferson,I145,bidenj,12/28/2021 09:07:33.312224,85,176,21111-37-PRECINCT 145 37 DISTRICT (I145)
Jefferson,I145,jorgensenj,12/28/2021 09:07:33.312224,3,176,21111-37-PRECINCT 145 37 DISTRICT (I145)
Jefferson,I145,pierceb,12/28/2021 09:07:33.312224,0,176,21111-37-PRECINCT 145 37 DISTRICT (I145)
Jefferson,I145,trumpd,12/28/2021 09:07:33.312224,85,176,21111-37-PRECINCT 145 37 DISTRICT (I145)
Jefferson,I145,westk,12/28/2021 09:07:33.312224,3,176,21111-37-PRECINCT 145 37 DISTRICT (I145)
Jefferson,I146,bidenj,12/28/2021 09:07:33.312224,325,737,21111-37-PRECINCT 146 37 DISTRICT (I146)
Jefferson,I146,jorgensenj,12/28/2021 09:07:33.312224,7,737,21111-37-PRECINCT 146 37 DISTRICT (I146)
Jefferson,I146,pierceb,12/28/2021 09:07:33.312224,2,737,21111-37-PRECINCT 146 37 DISTRICT (I146)
Jefferson,I146,trumpd,12/28/2021 09:07:33.312224,398,737,21111-37-PRECINCT 146 37 DISTRICT (I146)
Jefferson,I146,westk,12/28/2021 09:07:33.312224,5,737,21111-37-PRECINCT 146 37 DISTRICT (I146)
Jefferson,I147,bidenj,12/28/2021 09:07:33.312224,18,44,21111-37-PRECINCT 147 37 DISTRICT (I147)
Jefferson,I147,jorgensenj,12/28/2021 09:07:33.312224,1,44,21111-37-PRECINCT 147 37 DISTRICT (I147)
Jefferson,I147,pierceb,12/28/2021 09:07:33.312224,0,44,21111-37-PRECINCT 147 37 DISTRICT (I147)
Jefferson,I147,trumpd,12/28/2021 09:07:33.312224,25,44,21111-37-PRECINCT 147 37 DISTRICT (I147)
Jefferson,I147,westk,12/28/2021 09:07:33.312224,0,44,21111-37-PRECINCT 147 37 DISTRICT (I147)
Jefferson,I148,bidenj,12/28/2021 09:07:33.312224,345,610,21111-37-PRECINCT 148 37 DISTRICT (I148)
Jefferson,I148,jorgensenj,12/28/2021 09:07:33.312224,11,610,21111-37-PRECINCT 148 37 DISTRICT (I148)
Jefferson,I148,pierceb,12/28/2021 09:07:33.312224,2,610,21111-37-PRECINCT 148 37 DISTRICT (I148)
Jefferson,I148,trumpd,12/28/2021 09:07:33.312224,248,610,21111-37-PRECINCT 148 37 DISTRICT (I148)
Jefferson,I148,westk,12/28/2021 09:07:33.312224,4,610,21111-37-PRECINCT 148 37 DISTRICT (I148)
Jefferson,I149,bidenj,12/28/2021 09:07:33.312224,0,0,
Jefferson,I149,jorgensenj,12/28/2021 09:07:33.312224,0,0,
Jefferson,I149,pierceb,12/28/2021 09:07:33.312224,0,0,
Jefferson,I149,trumpd,12/28/2021 09:07:33.312224,0,0,
Jefferson,I149,westk,12/28/2021 09:07:33.312224,0,0,
Jefferson,I150,bidenj,12/28/2021 09:07:33.312224,54,82,21111-37-PRECINCT 150 37 DISTRICT (I150)
Jefferson,I150,jorgensenj,12/28/2021 09:07:33.312224,0,82,21111-37-PRECINCT 150 37 DISTRICT (I150)
Jefferson,I150,pierceb,12/28/2021 09:07:33.312224,0,82,21111-37-PRECINCT 150 37 DISTRICT (I150)
Jefferson,I150,trumpd,12/28/2021 09:07:33.312224,28,82,21111-37-PRECINCT 150 37 DISTRICT (I150)
Jefferson,I150,westk,12/28/2021 09:07:33.312224,0,82,21111-37-PRECINCT 150 37 DISTRICT (I150)
Jefferson,I151,bidenj,12/28/2021 09:07:33.312224,451,846,21111-37-PRECINCT 151 37 DISTRICT (I151)
Jefferson,I151,jorgensenj,12/28/2021 09:07:33.312224,10,846,21111-37-PRECINCT 151 37 DISTRICT (I151)
Jefferson,I151,pierceb,12/28/2021 09:07:33.312224,3,846,21111-37-PRECINCT 151 37 DISTRICT (I151)
Jefferson,I151,trumpd,12/28/2021 09:07:33.312224,373,846,21111-37-PRECINCT 151 37 DISTRICT (I151)
Jefferson,I151,westk,12/28/2021 09:07:33.312224,9,846,21111-37-PRECINCT 151 37 DISTRICT (I151)
Jefferson,I152,bidenj,12/28/2021 09:07:33.312224,434,969,21111-37-PRECINCT 152 37 DISTRICT (I152)
Jefferson,I152,jorgensenj,12/28/2021 09:07:33.312224,13,969,21111-37-PRECINCT 152 37 DISTRICT (I152)
Jefferson,I152,pierceb,12/28/2021 09:07:33.312224,3,969,21111-37-PRECINCT 152 37 DISTRICT (I152)
Jefferson,I152,trumpd,12/28/2021 09:07:33.312224,517,969,21111-37-PRECINCT 152 37 DISTRICT (I152)
Jefferson,I152,westk,12/28/2021 09:07:33.312224,2,969,21111-37-PRECINCT 152 37 DISTRICT (I152)
Jefferson,I153,bidenj,12/28/2021 09:07:33.312224,625,1309,21111-37-PRECINCT 153 37 DISTRICT (I153)
Jefferson,I153,jorgensenj,12/28/2021 09:07:33.312224,23,1309,21111-37-PRECINCT 153 37 DISTRICT (I153)
Jefferson,I153,pierceb,12/28/2021 09:07:33.312224,1,1309,21111-37-PRECINCT 153 37 DISTRICT (I153)
Jefferson,I153,trumpd,12/28/2021 09:07:33.312224,655,1309,21111-37-PRECINCT 153 37 DISTRICT (I153)
Jefferson,I153,westk,12/28/2021 09:07:33.312224,5,1309,21111-37-PRECINCT 153 37 DISTRICT (I153)
Jefferson,I154,bidenj,12/28/2021 09:07:33.312224,721,1298,21111-37-PRECINCT 154 37 DISTRICT (I154)
Jefferson,I154,jorgensenj,12/28/2021 09:07:33.312224,20,1298,21111-37-PRECINCT 154 37 DISTRICT (I154)
Jefferson,I154,pierceb,12/28/2021 09:07:33.312224,6,1298,21111-37-PRECINCT 154 37 DISTRICT (I154)
Jefferson,I154,trumpd,12/28/2021 09:07:33.312224,538,1298,21111-37-PRECINCT 154 37 DISTRICT (I154)
Jefferson,I154,westk,12/28/2021 09:07:33.312224,13,1298,21111-37-PRECINCT 154 37 DISTRICT (I154)
Jefferson,I155,bidenj,12/28/2021 09:07:33.312224,9,44,21111-37-PRECINCT 155 37 DISTRICT (I155)
Jefferson,I155,jorgensenj,12/28/2021 09:07:33.312224,0,44,21111-37-PRECINCT 155 37 DISTRICT (I155)
Jefferson,I155,pierceb,12/28/2021 09:07:33.312224,0,44,21111-37-PRECINCT 155 37 DISTRICT (I155)
Jefferson,I155,trumpd,12/28/2021 09:07:33.312224,35,44,21111-37-PRECINCT 155 37 DISTRICT (I155)
Jefferson,I155,westk,12/28/2021 09:07:33.312224,0,44,21111-37-PRECINCT 155 37 DISTRICT (I155)
Jefferson,I156,bidenj,12/28/2021 09:07:33.312224,143,325,21111-37-PRECINCT 156 37 DISTRICT (I156)
Jefferson,I156,jorgensenj,12/28/2021 09:07:33.312224,3,325,21111-37-PRECINCT 156 37 DISTRICT (I156)
Jefferson,I156,pierceb,12/28/2021 09:07:33.312224,1,325,21111-37-PRECINCT 156 37 DISTRICT (I156)
Jefferson,I156,trumpd,12/28/2021 09:07:33.312224,175,325,21111-37-PRECINCT 156 37 DISTRICT (I156)
Jefferson,I156,westk,12/28/2021 09:07:33.312224,3,325,21111-37-PRECINCT 156 37 DISTRICT (I156)
Jefferson,J101,bidenj,12/28/2021 09:07:33.312224,408,586,21111-38-PRECINCT 101 38 DISTRICT (J101)
Jefferson,J101,jorgensenj,12/28/2021 09:07:33.312224,10,586,21111-38-PRECINCT 101 38 DISTRICT (J101)
Jefferson,J101,pierceb,12/28/2021 09:07:33.312224,4,586,21111-38-PRECINCT 101 38 DISTRICT (J101)
Jefferson,J101,trumpd,12/28/2021 09:07:33.312224,161,586,21111-38-PRECINCT 101 38 DISTRICT (J101)
Jefferson,J101,westk,12/28/2021 09:07:33.312224,3,586,21111-38-PRECINCT 101 38 DISTRICT (J101)
Jefferson,J104,bidenj,12/28/2021 09:07:33.312224,585,831,21111-38-PRECINCT 104 38 DISTRICT (J104)
Jefferson,J104,jorgensenj,12/28/2021 09:07:33.312224,7,831,21111-38-PRECINCT 104 38 DISTRICT (J104)
Jefferson,J104,pierceb,12/28/2021 09:07:33.312224,4,831,21111-38-PRECINCT 104 38 DISTRICT (J104)
Jefferson,J104,trumpd,12/28/2021 09:07:33.312224,225,831,21111-38-PRECINCT 104 38 DISTRICT (J104)
Jefferson,J104,westk,12/28/2021 09:07:33.312224,10,831,21111-38-PRECINCT 104 38 DISTRICT (J104)
Jefferson,J105,bidenj,12/28/2021 09:07:33.312224,239,420,21111-38-PRECINCT 105 38 DISTRICT (J105)
Jefferson,J105,jorgensenj,12/28/2021 09:07:33.312224,3,420,21111-38-PRECINCT 105 38 DISTRICT (J105)
Jefferson,J105,pierceb,12/28/2021 09:07:33.312224,0,420,21111-38-PRECINCT 105 38 DISTRICT (J105)
Jefferson,J105,trumpd,12/28/2021 09:07:33.312224,177,420,21111-38-PRECINCT 105 38 DISTRICT (J105)
Jefferson,J105,westk,12/28/2021 09:07:33.312224,1,420,21111-38-PRECINCT 105 38 DISTRICT (J105)
Jefferson,J107,bidenj,12/28/2021 09:07:33.312224,342,506,21111-38-PRECINCT 107 38 DISTRICT (J107)
Jefferson,J107,jorgensenj,12/28/2021 09:07:33.312224,5,506,21111-38-PRECINCT 107 38 DISTRICT (J107)
Jefferson,J107,pierceb,12/28/2021 09:07:33.312224,1,506,21111-38-PRECINCT 107 38 DISTRICT (J107)
Jefferson,J107,trumpd,12/28/2021 09:07:33.312224,152,506,21111-38-PRECINCT 107 38 DISTRICT (J107)
Jefferson,J107,westk,12/28/2021 09:07:33.312224,6,506,21111-38-PRECINCT 107 38 DISTRICT (J107)
Jefferson,J108,bidenj,12/28/2021 09:07:33.312224,499,844,21111-38-PRECINCT 108 38 DISTRICT (J108)
Jefferson,J108,jorgensenj,12/28/2021 09:07:33.312224,14,844,21111-38-PRECINCT 108 38 DISTRICT (J108)
Jefferson,J108,pierceb,12/28/2021 09:07:33.312224,4,844,21111-38-PRECINCT 108 38 DISTRICT (J108)
Jefferson,J108,trumpd,12/28/2021 09:07:33.312224,321,844,21111-38-PRECINCT 108 38 DISTRICT (J108)
Jefferson,J108,westk,12/28/2021 09:07:33.312224,6,844,21111-38-PRECINCT 108 38 DISTRICT (J108)
Jefferson,J111,bidenj,12/28/2021 09:07:33.312224,361,569,21111-38-PRECINCT 111 38 DISTRICT (J111)
Jefferson,J111,jorgensenj,12/28/2021 09:07:33.312224,6,569,21111-38-PRECINCT 111 38 DISTRICT (J111)
Jefferson,J111,pierceb,12/28/2021 09:07:33.312224,1,569,21111-38-PRECINCT 111 38 DISTRICT (J111)
Jefferson,J111,trumpd,12/28/2021 09:07:33.312224,196,569,21111-38-PRECINCT 111 38 DISTRICT (J111)
Jefferson,J111,westk,12/28/2021 09:07:33.312224,5,569,21111-38-PRECINCT 111 38 DISTRICT (J111)
Jefferson,J113,bidenj,12/28/2021 09:07:33.312224,477,861,21111-38-PRECINCT 113 38 DISTRICT (J113)
Jefferson,J113,jorgensenj,12/28/2021 09:07:33.312224,10,861,21111-38-PRECINCT 113 38 DISTRICT (J113)
Jefferson,J113,pierceb,12/28/2021 09:07:33.312224,2,861,21111-38-PRECINCT 113 38 DISTRICT (J113)
Jefferson,J113,trumpd,12/28/2021 09:07:33.312224,366,861,21111-38-PRECINCT 113 38 DISTRICT (J113)
Jefferson,J113,westk,12/28/2021 09:07:33.312224,6,861,21111-38-PRECINCT 113 38 DISTRICT (J113)
Jefferson,J114,bidenj,12/28/2021 09:07:33.312224,564,975,21111-38-PRECINCT 114 38 DISTRICT (J114)
Jefferson,J114,jorgensenj,12/28/2021 09:07:33.312224,12,975,21111-38-PRECINCT 114 38 DISTRICT (J114)
Jefferson,J114,pierceb,12/28/2021 09:07:33.312224,1,975,21111-38-PRECINCT 114 38 DISTRICT (J114)
Jefferson,J114,trumpd,12/28/2021 09:07:33.312224,395,975,21111-38-PRECINCT 114 38 DISTRICT (J114)
Jefferson,J114,westk,12/28/2021 09:07:33.312224,3,975,21111-38-PRECINCT 114 38 DISTRICT (J114)
Jefferson,J117,bidenj,12/28/2021 09:07:33.312224,225,443,21111-38-PRECINCT 117 38 DISTRICT (J117)
Jefferson,J117,jorgensenj,12/28/2021 09:07:33.312224,2,443,21111-38-PRECINCT 117 38 DISTRICT (J117)
Jefferson,J117,pierceb,12/28/2021 09:07:33.312224,0,443,21111-38-PRECINCT 117 38 DISTRICT (J117)
Jefferson,J117,trumpd,12/28/2021 09:07:33.312224,213,443,21111-38-PRECINCT 117 38 DISTRICT (J117)
Jefferson,J117,westk,12/28/2021 09:07:33.312224,3,443,21111-38-PRECINCT 117 38 DISTRICT (J117)
Jefferson,J119,bidenj,12/28/2021 09:07:33.312224,293,584,21111-38-PRECINCT 119 38 DISTRICT (J119)
Jefferson,J119,jorgensenj,12/28/2021 09:07:33.312224,5,584,21111-38-PRECINCT 119 38 DISTRICT (J119)
Jefferson,J119,pierceb,12/28/2021 09:07:33.312224,0,584,21111-38-PRECINCT 119 38 DISTRICT (J119)
Jefferson,J119,trumpd,12/28/2021 09:07:33.312224,284,584,21111-38-PRECINCT 119 38 DISTRICT (J119)
Jefferson,J119,westk,12/28/2021 09:07:33.312224,2,584,21111-38-PRECINCT 119 38 DISTRICT (J119)
Jefferson,J120,bidenj,12/28/2021 09:07:33.312224,358,719,21111-38-PRECINCT 120 38 DISTRICT (J120)
Jefferson,J120,jorgensenj,12/28/2021 09:07:33.312224,11,719,21111-38-PRECINCT 120 38 DISTRICT (J120)
Jefferson,J120,pierceb,12/28/2021 09:07:33.312224,3,719,21111-38-PRECINCT 120 38 DISTRICT (J120)
Jefferson,J120,trumpd,12/28/2021 09:07:33.312224,346,719,21111-38-PRECINCT 120 38 DISTRICT (J120)
Jefferson,J120,westk,12/28/2021 09:07:33.312224,1,719,21111-38-PRECINCT 120 38 DISTRICT (J120)
Jefferson,J122,bidenj,12/28/2021 09:07:33.312224,318,617,21111-38-PRECINCT 122 38 DISTRICT (J122)
Jefferson,J122,jorgensenj,12/28/2021 09:07:33.312224,3,617,21111-38-PRECINCT 122 38 DISTRICT (J122)
Jefferson,J122,pierceb,12/28/2021 09:07:33.312224,1,617,21111-38-PRECINCT 122 38 DISTRICT (J122)
Jefferson,J122,trumpd,12/28/2021 09:07:33.312224,294,617,21111-38-PRECINCT 122 38 DISTRICT (J122)
Jefferson,J122,westk,12/28/2021 09:07:33.312224,1,617,21111-38-PRECINCT 122 38 DISTRICT (J122)
Jefferson,J123,bidenj,12/28/2021 09:07:33.312224,200,410,21111-38-PRECINCT 123 38 DISTRICT (J123)
Jefferson,J123,jorgensenj,12/28/2021 09:07:33.312224,14,410,21111-38-PRECINCT 123 38 DISTRICT (J123)
Jefferson,J123,pierceb,12/28/2021 09:07:33.312224,0,410,21111-38-PRECINCT 123 38 DISTRICT (J123)
Jefferson,J123,trumpd,12/28/2021 09:07:33.312224,195,410,21111-38-PRECINCT 123 38 DISTRICT (J123)
Jefferson,J123,westk,12/28/2021 09:07:33.312224,1,410,21111-38-PRECINCT 123 38 DISTRICT (J123)
Jefferson,J130,bidenj,12/28/2021 09:07:33.312224,127,204,21111-38-PRECINCT 130 38 DISTRICT (J130)
Jefferson,J130,jorgensenj,12/28/2021 09:07:33.312224,3,204,21111-38-PRECINCT 130 38 DISTRICT (J130)
Jefferson,J130,pierceb,12/28/2021 09:07:33.312224,1,204,21111-38-PRECINCT 130 38 DISTRICT (J130)
Jefferson,J130,trumpd,12/28/2021 09:07:33.312224,72,204,21111-38-PRECINCT 130 38 DISTRICT (J130)
Jefferson,J130,westk,12/28/2021 09:07:33.312224,1,204,21111-38-PRECINCT 130 38 DISTRICT (J130)
Jefferson,J135,bidenj,12/28/2021 09:07:33.312224,366,819,21111-38-PRECINCT 135 38 DISTRICT (J135)
Jefferson,J135,jorgensenj,12/28/2021 09:07:33.312224,11,819,21111-38-PRECINCT 135 38 DISTRICT (J135)
Jefferson,J135,pierceb,12/28/2021 09:07:33.312224,1,819,21111-38-PRECINCT 135 38 DISTRICT (J135)
Jefferson,J135,trumpd,12/28/2021 09:07:33.312224,435,819,21111-38-PRECINCT 135 38 DISTRICT (J135)
Jefferson,J135,westk,12/28/2021 09:07:33.312224,6,819,21111-38-PRECINCT 135 38 DISTRICT (J135)
Jefferson,J137,bidenj,12/28/2021 09:07:33.312224,266,662,21111-38-PRECINCT 137 38 DISTRICT (J137)
Jefferson,J137,jorgensenj,12/28/2021 09:07:33.312224,6,662,21111-38-PRECINCT 137 38 DISTRICT (J137)
Jefferson,J137,pierceb,12/28/2021 09:07:33.312224,1,662,21111-38-PRECINCT 137 38 DISTRICT (J137)
Jefferson,J137,trumpd,12/28/2021 09:07:33.312224,386,662,21111-38-PRECINCT 137 38 DISTRICT (J137)
Jefferson,J137,westk,12/28/2021 09:07:33.312224,3,662,21111-38-PRECINCT 137 38 DISTRICT (J137)
Jefferson,J138,bidenj,12/28/2021 09:07:33.312224,97,239,21111-38-PRECINCT 138 38 DISTRICT (J138)
Jefferson,J138,jorgensenj,12/28/2021 09:07:33.312224,4,239,21111-38-PRECINCT 138 38 DISTRICT (J138)
Jefferson,J138,pierceb,12/28/2021 09:07:33.312224,0,239,21111-38-PRECINCT 138 38 DISTRICT (J138)
Jefferson,J138,trumpd,12/28/2021 09:07:33.312224,137,239,21111-38-PRECINCT 138 38 DISTRICT (J138)
Jefferson,J138,westk,12/28/2021 09:07:33.312224,1,239,21111-38-PRECINCT 138 38 DISTRICT (J138)
Jefferson,J140,bidenj,12/28/2021 09:07:33.312224,161,245,21111-38-PRECINCT 140 38 DISTRICT (J140)
Jefferson,J140,jorgensenj,12/28/2021 09:07:33.312224,7,245,21111-38-PRECINCT 140 38 DISTRICT (J140)
Jefferson,J140,pierceb,12/28/2021 09:07:33.312224,0,245,21111-38-PRECINCT 140 38 DISTRICT (J140)
Jefferson,J140,trumpd,12/28/2021 09:07:33.312224,77,245,21111-38-PRECINCT 140 38 DISTRICT (J140)
Jefferson,J140,westk,12/28/2021 09:07:33.312224,0,245,21111-38-PRECINCT 140 38 DISTRICT (J140)
Jefferson,J141,bidenj,12/28/2021 09:07:33.312224,178,506,21111-38-PRECINCT 141 38 DISTRICT (J141)
Jefferson,J141,jorgensenj,12/28/2021 09:07:33.312224,8,506,21111-38-PRECINCT 141 38 DISTRICT (J141)
Jefferson,J141,pierceb,12/28/2021 09:07:33.312224,0,506,21111-38-PRECINCT 141 38 DISTRICT (J141)
Jefferson,J141,trumpd,12/28/2021 09:07:33.312224,319,506,21111-38-PRECINCT 141 38 DISTRICT (J141)
Jefferson,J141,westk,12/28/2021 09:07:33.312224,1,506,21111-38-PRECINCT 141 38 DISTRICT (J141)
Jefferson,J142,bidenj,12/28/2021 09:07:33.312224,3,3,21111-38-PRECINCT 142 38 DISTRICT (J142)
Jefferson,J142,jorgensenj,12/28/2021 09:07:33.312224,0,3,21111-38-PRECINCT 142 38 DISTRICT (J142)
Jefferson,J142,pierceb,12/28/2021 09:07:33.312224,0,3,21111-38-PRECINCT 142 38 DISTRICT (J142)
Jefferson,J142,trumpd,12/28/2021 09:07:33.312224,0,3,21111-38-PRECINCT 142 38 DISTRICT (J142)
Jefferson,J142,westk,12/28/2021 09:07:33.312224,0,3,21111-38-PRECINCT 142 38 DISTRICT (J142)
Jefferson,J143,bidenj,12/28/2021 09:07:33.312224,30,81,21111-38-PRECINCT 143 38 DISTRICT (J143)
Jefferson,J143,jorgensenj,12/28/2021 09:07:33.312224,0,81,21111-38-PRECINCT 143 38 DISTRICT (J143)
Jefferson,J143,pierceb,12/28/2021 09:07:33.312224,0,81,21111-38-PRECINCT 143 38 DISTRICT (J143)
Jefferson,J143,trumpd,12/28/2021 09:07:33.312224,51,81,21111-38-PRECINCT 143 38 DISTRICT (J143)
Jefferson,J143,westk,12/28/2021 09:07:33.312224,0,81,21111-38-PRECINCT 143 38 DISTRICT (J143)
Jefferson,J144,bidenj,12/28/2021 09:07:33.312224,232,637,21111-38-PRECINCT 144 38 DISTRICT (J144)
Jefferson,J144,jorgensenj,12/28/2021 09:07:33.312224,6,637,21111-38-PRECINCT 144 38 DISTRICT (J144)
Jefferson,J144,pierceb,12/28/2021 09:07:33.312224,2,637,21111-38-PRECINCT 144 38 DISTRICT (J144)
Jefferson,J144,trumpd,12/28/2021 09:07:33.312224,395,637,21111-38-PRECINCT 144 38 DISTRICT (J144)
Jefferson,J144,westk,12/28/2021 09:07:33.312224,2,637,21111-38-PRECINCT 144 38 DISTRICT (J144)
Jefferson,J145,bidenj,12/28/2021 09:07:33.312224,291,800,21111-38-PRECINCT 145 38 DISTRICT (J145)
Jefferson,J145,jorgensenj,12/28/2021 09:07:33.312224,4,800,21111-38-PRECINCT 145 38 DISTRICT (J145)
Jefferson,J145,pierceb,12/28/2021 09:07:33.312224,0,800,21111-38-PRECINCT 145 38 DISTRICT (J145)
Jefferson,J145,trumpd,12/28/2021 09:07:33.312224,502,800,21111-38-PRECINCT 145 38 DISTRICT (J145)
Jefferson,J145,westk,12/28/2021 09:07:33.312224,3,800,21111-38-PRECINCT 145 38 DISTRICT (J145)
Jefferson,J146,bidenj,12/28/2021 09:07:33.312224,0,0,
Jefferson,J146,jorgensenj,12/28/2021 09:07:33.312224,0,0,
Jefferson,J146,pierceb,12/28/2021 09:07:33.312224,0,0,
Jefferson,J146,trumpd,12/28/2021 09:07:33.312224,0,0,
Jefferson,J146,westk,12/28/2021 09:07:33.312224,0,0,
Jefferson,J147,bidenj,12/28/2021 09:07:33.312224,389,629,21111-38-PRECINCT 147 38 DISTRICT (J147)
Jefferson,J147,jorgensenj,12/28/2021 09:07:33.312224,15,629,21111-38-PRECINCT 147 38 DISTRICT (J147)
Jefferson,J147,pierceb,12/28/2021 09:07:33.312224,5,629,21111-38-PRECINCT 147 38 DISTRICT (J147)
Jefferson,J147,trumpd,12/28/2021 09:07:33.312224,218,629,21111-38-PRECINCT 147 38 DISTRICT (J147)
Jefferson,J147,westk,12/28/2021 09:07:33.312224,2,629,21111-38-PRECINCT 147 38 DISTRICT (J147)
Jefferson,J148,bidenj,12/28/2021 09:07:33.312224,447,733,21111-38-PRECINCT 148 38 DISTRICT (J148)
Jefferson,J148,jorgensenj,12/28/2021 09:07:33.312224,8,733,21111-38-PRECINCT 148 38 DISTRICT (J148)
Jefferson,J148,pierceb,12/28/2021 09:07:33.312224,2,733,21111-38-PRECINCT 148 38 DISTRICT (J148)
Jefferson,J148,trumpd,12/28/2021 09:07:33.312224,270,733,21111-38-PRECINCT 148 38 DISTRICT (J148)
Jefferson,J148,westk,12/28/2021 09:07:33.312224,6,733,21111-38-PRECINCT 148 38 DISTRICT (J148)
Jefferson,J149,bidenj,12/28/2021 09:07:33.312224,391,594,21111-38-PRECINCT 149 38 DISTRICT (J149)
Jefferson,J149,jorgensenj,12/28/2021 09:07:33.312224,5,594,21111-38-PRECINCT 149 38 DISTRICT (J149)
Jefferson,J149,pierceb,12/28/2021 09:07:33.312224,4,594,21111-38-PRECINCT 149 38 DISTRICT (J149)
Jefferson,J149,trumpd,12/28/2021 09:07:33.312224,192,594,21111-38-PRECINCT 149 38 DISTRICT (J149)
Jefferson,J149,westk,12/28/2021 09:07:33.312224,2,594,21111-38-PRECINCT 149 38 DISTRICT (J149)
Jefferson,J150,bidenj,12/28/2021 09:07:33.312224,265,443,21111-38-PRECINCT 150 38 DISTRICT (J150)
Jefferson,J150,jorgensenj,12/28/2021 09:07:33.312224,3,443,21111-38-PRECINCT 150 38 DISTRICT (J150)
Jefferson,J150,pierceb,12/28/2021 09:07:33.312224,0,443,21111-38-PRECINCT 150 38 DISTRICT (J150)
Jefferson,J150,trumpd,12/28/2021 09:07:33.312224,174,443,21111-38-PRECINCT 150 38 DISTRICT (J150)
Jefferson,J150,westk,12/28/2021 09:07:33.312224,1,443,21111-38-PRECINCT 150 38 DISTRICT (J150)
Jefferson,J151,bidenj,12/28/2021 09:07:33.312224,11,18,21111-38-PRECINCT 151 38 DISTRICT (J151)
Jefferson,J151,jorgensenj,12/28/2021 09:07:33.312224,0,18,21111-38-PRECINCT 151 38 DISTRICT (J151)
Jefferson,J151,pierceb,12/28/2021 09:07:33.312224,0,18,21111-38-PRECINCT 151 38 DISTRICT (J151)
Jefferson,J151,trumpd,12/28/2021 09:07:33.312224,7,18,21111-38-PRECINCT 151 38 DISTRICT (J151)
Jefferson,J151,westk,12/28/2021 09:07:33.312224,0,18,21111-38-PRECINCT 151 38 DISTRICT (J151)
Jefferson,J152,bidenj,12/28/2021 09:07:33.312224,158,516,21111-38-PRECINCT 152 38 DISTRICT (J152)
Jefferson,J152,jorgensenj,12/28/2021 09:07:33.312224,2,516,21111-38-PRECINCT 152 38 DISTRICT (J152)
Jefferson,J152,pierceb,12/28/2021 09:07:33.312224,0,516,21111-38-PRECINCT 152 38 DISTRICT (J152)
Jefferson,J152,trumpd,12/28/2021 09:07:33.312224,353,516,21111-38-PRECINCT 152 38 DISTRICT (J152)
Jefferson,J152,westk,12/28/2021 09:07:33.312224,3,516,21111-38-PRECINCT 152 38 DISTRICT (J152)
Jefferson,J153,bidenj,12/28/2021 09:07:33.312224,70,240,21111-38-PRECINCT 153 38 DISTRICT (J153)
Jefferson,J153,jorgensenj,12/28/2021 09:07:33.312224,4,240,21111-38-PRECINCT 153 38 DISTRICT (J153)
Jefferson,J153,pierceb,12/28/2021 09:07:33.312224,0,240,21111-38-PRECINCT 153 38 DISTRICT (J153)
Jefferson,J153,trumpd,12/28/2021 09:07:33.312224,165,240,21111-38-PRECINCT 153 38 DISTRICT (J153)
Jefferson,J153,westk,12/28/2021 09:07:33.312224,1,240,21111-38-PRECINCT 153 38 DISTRICT (J153)
Jefferson,J154,bidenj,12/28/2021 09:07:33.312224,0,0,
Jefferson,J154,jorgensenj,12/28/2021 09:07:33.312224,0,0,
Jefferson,J154,pierceb,12/28/2021 09:07:33.312224,0,0,
Jefferson,J154,trumpd,12/28/2021 09:07:33.312224,0,0,
Jefferson,J154,westk,12/28/2021 09:07:33.312224,0,0,
Jefferson,J155,bidenj,12/28/2021 09:07:33.312224,64,259,21111-38-PRECINCT 155 38 DISTRICT (J155)
Jefferson,J155,jorgensenj,12/28/2021 09:07:33.312224,5,259,21111-38-PRECINCT 155 38 DISTRICT (J155)
Jefferson,J155,pierceb,12/28/2021 09:07:33.312224,0,259,21111-38-PRECINCT 155 38 DISTRICT (J155)
Jefferson,J155,trumpd,12/28/2021 09:07:33.312224,190,259,21111-38-PRECINCT 155 38 DISTRICT (J155)
Jefferson,J155,westk,12/28/2021 09:07:33.312224,0,259,21111-38-PRECINCT 155 38 DISTRICT (J155)
Jefferson,K104,bidenj,12/28/2021 09:07:33.312224,258,320,21111-40-PRECINCT 104 40 DISTRICT (K104)
Jefferson,K104,jorgensenj,12/28/2021 09:07:33.312224,5,320,21111-40-PRECINCT 104 40 DISTRICT (K104)
Jefferson,K104,pierceb,12/28/2021 09:07:33.312224,0,320,21111-40-PRECINCT 104 40 DISTRICT (K104)
Jefferson,K104,trumpd,12/28/2021 09:07:33.312224,56,320,21111-40-PRECINCT 104 40 DISTRICT (K104)
Jefferson,K104,westk,12/28/2021 09:07:33.312224,1,320,21111-40-PRECINCT 104 40 DISTRICT (K104)
Jefferson,K105,bidenj,12/28/2021 09:07:33.312224,621,703,21111-40-PRECINCT 105 40 DISTRICT (K105)
Jefferson,K105,jorgensenj,12/28/2021 09:07:33.312224,9,703,21111-40-PRECINCT 105 40 DISTRICT (K105)
Jefferson,K105,pierceb,12/28/2021 09:07:33.312224,0,703,21111-40-PRECINCT 105 40 DISTRICT (K105)
Jefferson,K105,trumpd,12/28/2021 09:07:33.312224,70,703,21111-40-PRECINCT 105 40 DISTRICT (K105)
Jefferson,K105,westk,12/28/2021 09:07:33.312224,3,703,21111-40-PRECINCT 105 40 DISTRICT (K105)
Jefferson,K110,bidenj,12/28/2021 09:07:33.312224,295,385,21111-40-PRECINCT 110 40 DISTRICT (K110)
Jefferson,K110,jorgensenj,12/28/2021 09:07:33.312224,3,385,21111-40-PRECINCT 110 40 DISTRICT (K110)
Jefferson,K110,pierceb,12/28/2021 09:07:33.312224,0,385,21111-40-PRECINCT 110 40 DISTRICT (K110)
Jefferson,K110,trumpd,12/28/2021 09:07:33.312224,83,385,21111-40-PRECINCT 110 40 DISTRICT (K110)
Jefferson,K110,westk,12/28/2021 09:07:33.312224,4,385,21111-40-PRECINCT 110 40 DISTRICT (K110)
Jefferson,K111,bidenj,12/28/2021 09:07:33.312224,187,263,21111-40-PRECINCT 111 40 DISTRICT (K111)
Jefferson,K111,jorgensenj,12/28/2021 09:07:33.312224,4,263,21111-40-PRECINCT 111 40 DISTRICT (K111)
Jefferson,K111,pierceb,12/28/2021 09:07:33.312224,1,263,21111-40-PRECINCT 111 40 DISTRICT (K111)
Jefferson,K111,trumpd,12/28/2021 09:07:33.312224,66,263,21111-40-PRECINCT 111 40 DISTRICT (K111)
Jefferson,K111,westk,12/28/2021 09:07:33.312224,5,263,21111-40-PRECINCT 111 40 DISTRICT (K111)
Jefferson,K112,bidenj,12/28/2021 09:07:33.312224,309,400,21111-40-PRECINCT 112 40 DISTRICT (K112)
Jefferson,K112,jorgensenj,12/28/2021 09:07:33.312224,7,400,21111-40-PRECINCT 112 40 DISTRICT (K112)
Jefferson,K112,pierceb,12/28/2021 09:07:33.312224,0,400,21111-40-PRECINCT 112 40 DISTRICT (K112)
Jefferson,K112,trumpd,12/28/2021 09:07:33.312224,82,400,21111-40-PRECINCT 112 40 DISTRICT (K112)
Jefferson,K112,westk,12/28/2021 09:07:33.312224,2,400,21111-40-PRECINCT 112 40 DISTRICT (K112)
Jefferson,K113,bidenj,12/28/2021 09:07:33.312224,164,228,21111-40-PRECINCT 113 40 DISTRICT (K113)
Jefferson,K113,jorgensenj,12/28/2021 09:07:33.312224,6,228,21111-40-PRECINCT 113 40 DISTRICT (K113)
Jefferson,K113,pierceb,12/28/2021 09:07:33.312224,0,228,21111-40-PRECINCT 113 40 DISTRICT (K113)
Jefferson,K113,trumpd,12/28/2021 09:07:33.312224,55,228,21111-40-PRECINCT 113 40 DISTRICT (K113)
Jefferson,K113,westk,12/28/2021 09:07:33.312224,3,228,21111-40-PRECINCT 113 40 DISTRICT (K113)
Jefferson,K114,bidenj,12/28/2021 09:07:33.312224,463,616,21111-40-PRECINCT 114 40 DISTRICT (K114)
Jefferson,K114,jorgensenj,12/28/2021 09:07:33.312224,17,616,21111-40-PRECINCT 114 40 DISTRICT (K114)
Jefferson,K114,pierceb,12/28/2021 09:07:33.312224,2,616,21111-40-PRECINCT 114 40 DISTRICT (K114)
Jefferson,K114,trumpd,12/28/2021 09:07:33.312224,126,616,21111-40-PRECINCT 114 40 DISTRICT (K114)
Jefferson,K114,westk,12/28/2021 09:07:33.312224,8,616,21111-40-PRECINCT 114 40 DISTRICT (K114)
Jefferson,K116,bidenj,12/28/2021 09:07:33.312224,46,76,21111-40-PRECINCT 116 40 DISTRICT (K116)
Jefferson,K116,jorgensenj,12/28/2021 09:07:33.312224,0,76,21111-40-PRECINCT 116 40 DISTRICT (K116)
Jefferson,K116,pierceb,12/28/2021 09:07:33.312224,0,76,21111-40-PRECINCT 116 40 DISTRICT (K116)
Jefferson,K116,trumpd,12/28/2021 09:07:33.312224,30,76,21111-40-PRECINCT 116 40 DISTRICT (K116)
Jefferson,K116,westk,12/28/2021 09:07:33.312224,0,76,21111-40-PRECINCT 116 40 DISTRICT (K116)
Jefferson,K117,bidenj,12/28/2021 09:07:33.312224,398,580,21111-40-PRECINCT 117 40 DISTRICT (K117)
Jefferson,K117,jorgensenj,12/28/2021 09:07:33.312224,6,580,21111-40-PRECINCT 117 40 DISTRICT (K117)
Jefferson,K117,pierceb,12/28/2021 09:07:33.312224,0,580,21111-40-PRECINCT 117 40 DISTRICT (K117)
Jefferson,K117,trumpd,12/28/2021 09:07:33.312224,173,580,21111-40-PRECINCT 117 40 DISTRICT (K117)
Jefferson,K117,westk,12/28/2021 09:07:33.312224,3,580,21111-40-PRECINCT 117 40 DISTRICT (K117)
Jefferson,K118,bidenj,12/28/2021 09:07:33.312224,406,460,21111-40-PRECINCT 118 40 DISTRICT (K118)
Jefferson,K118,jorgensenj,12/28/2021 09:07:33.312224,2,460,21111-40-PRECINCT 118 40 DISTRICT (K118)
Jefferson,K118,pierceb,12/28/2021 09:07:33.312224,2,460,21111-40-PRECINCT 118 40 DISTRICT (K118)
Jefferson,K118,trumpd,12/28/2021 09:07:33.312224,43,460,21111-40-PRECINCT 118 40 DISTRICT (K118)
Jefferson,K118,westk,12/28/2021 09:07:33.312224,7,460,21111-40-PRECINCT 118 40 DISTRICT (K118)
Jefferson,K119,bidenj,12/28/2021 09:07:33.312224,332,585,21111-40-PRECINCT 119 40 DISTRICT (K119)
Jefferson,K119,jorgensenj,12/28/2021 09:07:33.312224,4,585,21111-40-PRECINCT 119 40 DISTRICT (K119)
Jefferson,K119,pierceb,12/28/2021 09:07:33.312224,2,585,21111-40-PRECINCT 119 40 DISTRICT (K119)
Jefferson,K119,trumpd,12/28/2021 09:07:33.312224,239,585,21111-40-PRECINCT 119 40 DISTRICT (K119)
Jefferson,K119,westk,12/28/2021 09:07:33.312224,8,585,21111-40-PRECINCT 119 40 DISTRICT (K119)
Jefferson,K122,bidenj,12/28/2021 09:07:33.312224,624,741,21111-40-PRECINCT 122 40 DISTRICT (K122)
Jefferson,K122,jorgensenj,12/28/2021 09:07:33.312224,2,741,21111-40-PRECINCT 122 40 DISTRICT (K122)
Jefferson,K122,pierceb,12/28/2021 09:07:33.312224,1,741,21111-40-PRECINCT 122 40 DISTRICT (K122)
Jefferson,K122,trumpd,12/28/2021 09:07:33.312224,108,741,21111-40-PRECINCT 122 40 DISTRICT (K122)
Jefferson,K122,westk,12/28/2021 09:07:33.312224,6,741,21111-40-PRECINCT 122 40 DISTRICT (K122)
Jefferson,K123,bidenj,12/28/2021 09:07:33.312224,737,859,21111-40-PRECINCT 123 40 DISTRICT (K123)
Jefferson,K123,jorgensenj,12/28/2021 09:07:33.312224,4,859,21111-40-PRECINCT 123 40 DISTRICT (K123)
Jefferson,K123,pierceb,12/28/2021 09:07:33.312224,2,859,21111-40-PRECINCT 123 40 DISTRICT (K123)
Jefferson,K123,trumpd,12/28/2021 09:07:33.312224,112,859,21111-40-PRECINCT 123 40 DISTRICT (K123)
Jefferson,K123,westk,12/28/2021 09:07:33.312224,4,859,21111-40-PRECINCT 123 40 DISTRICT (K123)
Jefferson,K125,bidenj,12/28/2021 09:07:33.312224,132,190,21111-40-PRECINCT 125 40 DISTRICT (K125)
Jefferson,K125,jorgensenj,12/28/2021 09:07:33.312224,1,190,21111-40-PRECINCT 125 40 DISTRICT (K125)
Jefferson,K125,pierceb,12/28/2021 09:07:33.312224,2,190,21111-40-PRECINCT 125 40 DISTRICT (K125)
Jefferson,K125,trumpd,12/28/2021 09:07:33.312224,55,190,21111-40-PRECINCT 125 40 DISTRICT (K125)
Jefferson,K125,westk,12/28/2021 09:07:33.312224,0,190,21111-40-PRECINCT 125 40 DISTRICT (K125)
Jefferson,K126,bidenj,12/28/2021 09:07:33.312224,224,314,21111-40-PRECINCT 126 40 DISTRICT (K126)
Jefferson,K126,jorgensenj,12/28/2021 09:07:33.312224,4,314,21111-40-PRECINCT 126 40 DISTRICT (K126)
Jefferson,K126,pierceb,12/28/2021 09:07:33.312224,0,314,21111-40-PRECINCT 126 40 DISTRICT (K126)
Jefferson,K126,trumpd,12/28/2021 09:07:33.312224,86,314,21111-40-PRECINCT 126 40 DISTRICT (K126)
Jefferson,K126,westk,12/28/2021 09:07:33.312224,0,314,21111-40-PRECINCT 126 40 DISTRICT (K126)
Jefferson,K127,bidenj,12/28/2021 09:07:33.312224,449,810,21111-40-PRECINCT 127 40 DISTRICT (K127)
Jefferson,K127,jorgensenj,12/28/2021 09:07:33.312224,10,810,21111-40-PRECINCT 127 40 DISTRICT (K127)
Jefferson,K127,pierceb,12/28/2021 09:07:33.312224,2,810,21111-40-PRECINCT 127 40 DISTRICT (K127)
Jefferson,K127,trumpd,12/28/2021 09:07:33.312224,349,810,21111-40-PRECINCT 127 40 DISTRICT (K127)
Jefferson,K127,westk,12/28/2021 09:07:33.312224,0,810,21111-40-PRECINCT 127 40 DISTRICT (K127)
Jefferson,K128,bidenj,12/28/2021 09:07:33.312224,235,543,21111-40-PRECINCT 128 40 DISTRICT (K128)
Jefferson,K128,jorgensenj,12/28/2021 09:07:33.312224,9,543,21111-40-PRECINCT 128 40 DISTRICT (K128)
Jefferson,K128,pierceb,12/28/2021 09:07:33.312224,2,543,21111-40-PRECINCT 128 40 DISTRICT (K128)
Jefferson,K128,trumpd,12/28/2021 09:07:33.312224,293,543,21111-40-PRECINCT 128 40 DISTRICT (K128)
Jefferson,K128,westk,12/28/2021 09:07:33.312224,4,543,21111-40-PRECINCT 128 40 DISTRICT (K128)
Jefferson,K129,bidenj,12/28/2021 09:07:33.312224,434,574,21111-40-PRECINCT 129 40 DISTRICT (K129)
Jefferson,K129,jorgensenj,12/28/2021 09:07:33.312224,12,574,21111-40-PRECINCT 129 40 DISTRICT (K129)
Jefferson,K129,pierceb,12/28/2021 09:07:33.312224,0,574,21111-40-PRECINCT 129 40 DISTRICT (K129)
Jefferson,K129,trumpd,12/28/2021 09:07:33.312224,124,574,21111-40-PRECINCT 129 40 DISTRICT (K129)
Jefferson,K129,westk,12/28/2021 09:07:33.312224,4,574,21111-40-PRECINCT 129 40 DISTRICT (K129)
Jefferson,K130,bidenj,12/28/2021 09:07:33.312224,405,475,21111-40-PRECINCT 130 40 DISTRICT (K130)
Jefferson,K130,jorgensenj,12/28/2021 09:07:33.312224,2,475,21111-40-PRECINCT 130 40 DISTRICT (K130)
Jefferson,K130,pierceb,12/28/2021 09:07:33.312224,1,475,21111-40-PRECINCT 130 40 DISTRICT (K130)
Jefferson,K130,trumpd,12/28/2021 09:07:33.312224,67,475,21111-40-PRECINCT 130 40 DISTRICT (K130)
Jefferson,K130,westk,12/28/2021 09:07:33.312224,0,475,21111-40-PRECINCT 130 40 DISTRICT (K130)
Jefferson,K131,bidenj,12/28/2021 09:07:33.312224,374,517,21111-40-PRECINCT 131 40 DISTRICT (K131)
Jefferson,K131,jorgensenj,12/28/2021 09:07:33.312224,6,517,21111-40-PRECINCT 131 40 DISTRICT (K131)
Jefferson,K131,pierceb,12/28/2021 09:07:33.312224,1,517,21111-40-PRECINCT 131 40 DISTRICT (K131)
Jefferson,K131,trumpd,12/28/2021 09:07:33.312224,133,517,21111-40-PRECINCT 131 40 DISTRICT (K131)
Jefferson,K131,westk,12/28/2021 09:07:33.312224,3,517,21111-40-PRECINCT 131 40 DISTRICT (K131)
Jefferson,K132,bidenj,12/28/2021 09:07:33.312224,136,267,21111-40-PRECINCT 132 40 DISTRICT (K132)
Jefferson,K132,jorgensenj,12/28/2021 09:07:33.312224,1,267,21111-40-PRECINCT 132 40 DISTRICT (K132)
Jefferson,K132,pierceb,12/28/2021 09:07:33.312224,0,267,21111-40-PRECINCT 132 40 DISTRICT (K132)
Jefferson,K132,trumpd,12/28/2021 09:07:33.312224,129,267,21111-40-PRECINCT 132 40 DISTRICT (K132)
Jefferson,K132,westk,12/28/2021 09:07:33.312224,1,267,21111-40-PRECINCT 132 40 DISTRICT (K132)
Jefferson,K133,bidenj,12/28/2021 09:07:33.312224,411,559,21111-40-PRECINCT 133 40 DISTRICT (K133)
Jefferson,K133,jorgensenj,12/28/2021 09:07:33.312224,9,559,21111-40-PRECINCT 133 40 DISTRICT (K133)
Jefferson,K133,pierceb,12/28/2021 09:07:33.312224,2,559,21111-40-PRECINCT 133 40 DISTRICT (K133)
Jefferson,K133,trumpd,12/28/2021 09:07:33.312224,134,559,21111-40-PRECINCT 133 40 DISTRICT (K133)
Jefferson,K133,westk,12/28/2021 09:07:33.312224,3,559,21111-40-PRECINCT 133 40 DISTRICT (K133)
Jefferson,K134,bidenj,12/28/2021 09:07:33.312224,318,470,21111-40-PRECINCT 134 40 DISTRICT (K134)
Jefferson,K134,jorgensenj,12/28/2021 09:07:33.312224,6,470,21111-40-PRECINCT 134 40 DISTRICT (K134)
Jefferson,K134,pierceb,12/28/2021 09:07:33.312224,1,470,21111-40-PRECINCT 134 40 DISTRICT (K134)
Jefferson,K134,trumpd,12/28/2021 09:07:33.312224,143,470,21111-40-PRECINCT 134 40 DISTRICT (K134)
Jefferson,K134,westk,12/28/2021 09:07:33.312224,2,470,21111-40-PRECINCT 134 40 DISTRICT (K134)
Jefferson,K135,bidenj,12/28/2021 09:07:33.312224,21,24,21111-40-PRECINCT 135 40 DISTRICT (K135)
Jefferson,K135,jorgensenj,12/28/2021 09:07:33.312224,0,24,21111-40-PRECINCT 135 40 DISTRICT (K135)
Jefferson,K135,pierceb,12/28/2021 09:07:33.312224,0,24,21111-40-PRECINCT 135 40 DISTRICT (K135)
Jefferson,K135,trumpd,12/28/2021 09:07:33.312224,3,24,21111-40-PRECINCT 135 40 DISTRICT (K135)
Jefferson,K135,westk,12/28/2021 09:07:33.312224,0,24,21111-40-PRECINCT 135 40 DISTRICT (K135)
Jefferson,K136,bidenj,12/28/2021 09:07:33.312224,80,118,21111-40-PRECINCT 136 40 DISTRICT (K136)
Jefferson,K136,jorgensenj,12/28/2021 09:07:33.312224,0,118,21111-40-PRECINCT 136 40 DISTRICT (K136)
Jefferson,K136,pierceb,12/28/2021 09:07:33.312224,0,118,21111-40-PRECINCT 136 40 DISTRICT (K136)
Jefferson,K136,trumpd,12/28/2021 09:07:33.312224,37,118,21111-40-PRECINCT 136 40 DISTRICT (K136)
Jefferson,K136,westk,12/28/2021 09:07:33.312224,1,118,21111-40-PRECINCT 136 40 DISTRICT (K136)
Jefferson,K137,bidenj,12/28/2021 09:07:33.312224,253,269,21111-40-PRECINCT 137 40 DISTRICT (K137)
Jefferson,K137,jorgensenj,12/28/2021 09:07:33.312224,0,269,21111-40-PRECINCT 137 40 DISTRICT (K137)
Jefferson,K137,pierceb,12/28/2021 09:07:33.312224,0,269,21111-40-PRECINCT 137 40 DISTRICT (K137)
Jefferson,K137,trumpd,12/28/2021 09:07:33.312224,15,269,21111-40-PRECINCT 137 40 DISTRICT (K137)
Jefferson,K137,westk,12/28/2021 09:07:33.312224,1,269,21111-40-PRECINCT 137 40 DISTRICT (K137)
Jefferson,K138,bidenj,12/28/2021 09:07:33.312224,69,139,21111-40-PRECINCT 138 40 DISTRICT (K138)
Jefferson,K138,jorgensenj,12/28/2021 09:07:33.312224,3,139,21111-40-PRECINCT 138 40 DISTRICT (K138)
Jefferson,K138,pierceb,12/28/2021 09:07:33.312224,0,139,21111-40-PRECINCT 138 40 DISTRICT (K138)
Jefferson,K138,trumpd,12/28/2021 09:07:33.312224,65,139,21111-40-PRECINCT 138 40 DISTRICT (K138)
Jefferson,K138,westk,12/28/2021 09:07:33.312224,2,139,21111-40-PRECINCT 138 40 DISTRICT (K138)
Jefferson,K139,bidenj,12/28/2021 09:07:33.312224,0,0,
Jefferson,K139,jorgensenj,12/28/2021 09:07:33.312224,0,0,
Jefferson,K139,pierceb,12/28/2021 09:07:33.312224,0,0,
Jefferson,K139,trumpd,12/28/2021 09:07:33.312224,0,0,
Jefferson,K139,westk,12/28/2021 09:07:33.312224,0,0,
Jefferson,K140,bidenj,12/28/2021 09:07:33.312224,192,234,21111-40-PRECINCT 140 40 DISTRICT (K140)
Jefferson,K140,jorgensenj,12/28/2021 09:07:33.312224,4,234,21111-40-PRECINCT 140 40 DISTRICT (K140)
Jefferson,K140,pierceb,12/28/2021 09:07:33.312224,1,234,21111-40-PRECINCT 140 40 DISTRICT (K140)
Jefferson,K140,trumpd,12/28/2021 09:07:33.312224,36,234,21111-40-PRECINCT 140 40 DISTRICT (K140)
Jefferson,K140,westk,12/28/2021 09:07:33.312224,1,234,21111-40-PRECINCT 140 40 DISTRICT (K140)
Jefferson,K141,bidenj,12/28/2021 09:07:33.312224,131,191,21111-40-PRECINCT 141 40 DISTRICT (K141)
Jefferson,K141,jorgensenj,12/28/2021 09:07:33.312224,1,191,21111-40-PRECINCT 141 40 DISTRICT (K141)
Jefferson,K141,pierceb,12/28/2021 09:07:33.312224,0,191,21111-40-PRECINCT 141 40 DISTRICT (K141)
Jefferson,K141,trumpd,12/28/2021 09:07:33.312224,59,191,21111-40-PRECINCT 141 40 DISTRICT (K141)
Jefferson,K141,westk,12/28/2021 09:07:33.312224,0,191,21111-40-PRECINCT 141 40 DISTRICT (K141)
Jefferson,K142,bidenj,12/28/2021 09:07:33.312224,0,0,
Jefferson,K142,jorgensenj,12/28/2021 09:07:33.312224,0,0,
Jefferson,K142,pierceb,12/28/2021 09:07:33.312224,0,0,
Jefferson,K142,trumpd,12/28/2021 09:07:33.312224,0,0,
Jefferson,K142,westk,12/28/2021 09:07:33.312224,0,0,
Jefferson,K143,bidenj,12/28/2021 09:07:33.312224,0,0,
Jefferson,K143,jorgensenj,12/28/2021 09:07:33.312224,0,0,
Jefferson,K143,pierceb,12/28/2021 09:07:33.312224,0,0,
Jefferson,K143,trumpd,12/28/2021 09:07:33.312224,0,0,
Jefferson,K143,westk,12/28/2021 09:07:33.312224,0,0,
Jefferson,K144,bidenj,12/28/2021 09:07:33.312224,354,616,21111-40-PRECINCT 144 40 DISTRICT (K144)
Jefferson,K144,jorgensenj,12/28/2021 09:07:33.312224,5,616,21111-40-PRECINCT 144 40 DISTRICT (K144)
Jefferson,K144,pierceb,12/28/2021 09:07:33.312224,1,616,21111-40-PRECINCT 144 40 DISTRICT (K144)
Jefferson,K144,trumpd,12/28/2021 09:07:33.312224,255,616,21111-40-PRECINCT 144 40 DISTRICT (K144)
Jefferson,K144,westk,12/28/2021 09:07:33.312224,1,616,21111-40-PRECINCT 144 40 DISTRICT (K144)
Jefferson,K145,bidenj,12/28/2021 09:07:33.312224,492,895,21111-40-PRECINCT 145 40 DISTRICT (K145)
Jefferson,K145,jorgensenj,12/28/2021 09:07:33.312224,9,895,21111-40-PRECINCT 145 40 DISTRICT (K145)
Jefferson,K145,pierceb,12/28/2021 09:07:33.312224,1,895,21111-40-PRECINCT 145 40 DISTRICT (K145)
Jefferson,K145,trumpd,12/28/2021 09:07:33.312224,390,895,21111-40-PRECINCT 145 40 DISTRICT (K145)
Jefferson,K145,westk,12/28/2021 09:07:33.312224,3,895,21111-40-PRECINCT 145 40 DISTRICT (K145)
Jefferson,K146,bidenj,12/28/2021 09:07:33.312224,428,904,21111-40-PRECINCT 146 40 DISTRICT (K146)
Jefferson,K146,jorgensenj,12/28/2021 09:07:33.312224,13,904,21111-40-PRECINCT 146 40 DISTRICT (K146)
Jefferson,K146,pierceb,12/28/2021 09:07:33.312224,0,904,21111-40-PRECINCT 146 40 DISTRICT (K146)
Jefferson,K146,trumpd,12/28/2021 09:07:33.312224,457,904,21111-40-PRECINCT 146 40 DISTRICT (K146)
Jefferson,K146,westk,12/28/2021 09:07:33.312224,6,904,21111-40-PRECINCT 146 40 DISTRICT (K146)
Jefferson,K147,bidenj,12/28/2021 09:07:33.312224,616,1096,21111-40-PRECINCT 147 40 DISTRICT (K147)
Jefferson,K147,jorgensenj,12/28/2021 09:07:33.312224,11,1096,21111-40-PRECINCT 147 40 DISTRICT (K147)
Jefferson,K147,pierceb,12/28/2021 09:07:33.312224,4,1096,21111-40-PRECINCT 147 40 DISTRICT (K147)
Jefferson,K147,trumpd,12/28/2021 09:07:33.312224,457,1096,21111-40-PRECINCT 147 40 DISTRICT (K147)
Jefferson,K147,westk,12/28/2021 09:07:33.312224,8,1096,21111-40-PRECINCT 147 40 DISTRICT (K147)
Jefferson,K148,bidenj,12/28/2021 09:07:33.312224,284,512,21111-40-PRECINCT 148 40 DISTRICT (K148)
Jefferson,K148,jorgensenj,12/28/2021 09:07:33.312224,8,512,21111-40-PRECINCT 148 40 DISTRICT (K148)
Jefferson,K148,pierceb,12/28/2021 09:07:33.312224,0,512,21111-40-PRECINCT 148 40 DISTRICT (K148)
Jefferson,K148,trumpd,12/28/2021 09:07:33.312224,217,512,21111-40-PRECINCT 148 40 DISTRICT (K148)
Jefferson,K148,westk,12/28/2021 09:07:33.312224,3,512,21111-40-PRECINCT 148 40 DISTRICT (K148)
Jefferson,K149,bidenj,12/28/2021 09:07:33.312224,0,3,21111-40-PRECINCT 149 40 DISTRICT (K149)
Jefferson,K149,jorgensenj,12/28/2021 09:07:33.312224,0,3,21111-40-PRECINCT 149 40 DISTRICT (K149)
Jefferson,K149,pierceb,12/28/2021 09:07:33.312224,0,3,21111-40-PRECINCT 149 40 DISTRICT (K149)
Jefferson,K149,trumpd,12/28/2021 09:07:33.312224,3,3,21111-40-PRECINCT 149 40 DISTRICT (K149)
Jefferson,K149,westk,12/28/2021 09:07:33.312224,0,3,21111-40-PRECINCT 149 40 DISTRICT (K149)
Jefferson,K150,bidenj,12/28/2021 09:07:33.312224,0,0,
Jefferson,K150,jorgensenj,12/28/2021 09:07:33.312224,0,0,
Jefferson,K150,pierceb,12/28/2021 09:07:33.312224,0,0,
Jefferson,K150,trumpd,12/28/2021 09:07:33.312224,0,0,
Jefferson,K150,westk,12/28/2021 09:07:33.312224,0,0,
Jefferson,K151,bidenj,12/28/2021 09:07:33.312224,0,0,
Jefferson,K151,jorgensenj,12/28/2021 09:07:33.312224,0,0,
Jefferson,K151,pierceb,12/28/2021 09:07:33.312224,0,0,
Jefferson,K151,trumpd,12/28/2021 09:07:33.312224,0,0,
Jefferson,K151,westk,12/28/2021 09:07:33.312224,0,0,
Jefferson,L104,bidenj,12/28/2021 09:07:33.312224,582,618,21111-41-PRECINCT 104 41 DISTRICT (L104)
Jefferson,L104,jorgensenj,12/28/2021 09:07:33.312224,4,618,21111-41-PRECINCT 104 41 DISTRICT (L104)
Jefferson,L104,pierceb,12/28/2021 09:07:33.312224,2,618,21111-41-PRECINCT 104 41 DISTRICT (L104)
Jefferson,L104,trumpd,12/28/2021 09:07:33.312224,25,618,21111-41-PRECINCT 104 41 DISTRICT (L104)
Jefferson,L104,westk,12/28/2021 09:07:33.312224,5,618,21111-41-PRECINCT 104 41 DISTRICT (L104)
Jefferson,L108,bidenj,12/28/2021 09:07:33.312224,313,342,21111-41-PRECINCT 108 41 DISTRICT (L108)
Jefferson,L108,jorgensenj,12/28/2021 09:07:33.312224,3,342,21111-41-PRECINCT 108 41 DISTRICT (L108)
Jefferson,L108,pierceb,12/28/2021 09:07:33.312224,0,342,21111-41-PRECINCT 108 41 DISTRICT (L108)
Jefferson,L108,trumpd,12/28/2021 09:07:33.312224,22,342,21111-41-PRECINCT 108 41 DISTRICT (L108)
Jefferson,L108,westk,12/28/2021 09:07:33.312224,4,342,21111-41-PRECINCT 108 41 DISTRICT (L108)
Jefferson,L110,bidenj,12/28/2021 09:07:33.312224,65,93,21111-41-PRECINCT 110 41 DISTRICT (L110)
Jefferson,L110,jorgensenj,12/28/2021 09:07:33.312224,0,93,21111-41-PRECINCT 110 41 DISTRICT (L110)
Jefferson,L110,pierceb,12/28/2021 09:07:33.312224,0,93,21111-41-PRECINCT 110 41 DISTRICT (L110)
Jefferson,L110,trumpd,12/28/2021 09:07:33.312224,28,93,21111-41-PRECINCT 110 41 DISTRICT (L110)
Jefferson,L110,westk,12/28/2021 09:07:33.312224,0,93,21111-41-PRECINCT 110 41 DISTRICT (L110)
Jefferson,L111,bidenj,12/28/2021 09:07:33.312224,322,348,21111-41-PRECINCT 111 41 DISTRICT (L111)
Jefferson,L111,jorgensenj,12/28/2021 09:07:33.312224,3,348,21111-41-PRECINCT 111 41 DISTRICT (L111)
Jefferson,L111,pierceb,12/28/2021 09:07:33.312224,0,348,21111-41-PRECINCT 111 41 DISTRICT (L111)
Jefferson,L111,trumpd,12/28/2021 09:07:33.312224,22,348,21111-41-PRECINCT 111 41 DISTRICT (L111)
Jefferson,L111,westk,12/28/2021 09:07:33.312224,1,348,21111-41-PRECINCT 111 41 DISTRICT (L111)
Jefferson,L112,bidenj,12/28/2021 09:07:33.312224,361,390,21111-41-PRECINCT 112 41 DISTRICT (L112)
Jefferson,L112,jorgensenj,12/28/2021 09:07:33.312224,1,390,21111-41-PRECINCT 112 41 DISTRICT (L112)
Jefferson,L112,pierceb,12/28/2021 09:07:33.312224,0,390,21111-41-PRECINCT 112 41 DISTRICT (L112)
Jefferson,L112,trumpd,12/28/2021 09:07:33.312224,25,390,21111-41-PRECINCT 112 41 DISTRICT (L112)
Jefferson,L112,westk,12/28/2021 09:07:33.312224,3,390,21111-41-PRECINCT 112 41 DISTRICT (L112)
Jefferson,L113,bidenj,12/28/2021 09:07:33.312224,707,783,21111-41-PRECINCT 113 41 DISTRICT (L113)
Jefferson,L113,jorgensenj,12/28/2021 09:07:33.312224,10,783,21111-41-PRECINCT 113 41 DISTRICT (L113)
Jefferson,L113,pierceb,12/28/2021 09:07:33.312224,1,783,21111-41-PRECINCT 113 41 DISTRICT (L113)
Jefferson,L113,trumpd,12/28/2021 09:07:33.312224,57,783,21111-41-PRECINCT 113 41 DISTRICT (L113)
Jefferson,L113,westk,12/28/2021 09:07:33.312224,8,783,21111-41-PRECINCT 113 41 DISTRICT (L113)
Jefferson,L115,bidenj,12/28/2021 09:07:33.312224,78,98,21111-41-PRECINCT 115 41 DISTRICT (L115)
Jefferson,L115,jorgensenj,12/28/2021 09:07:33.312224,5,98,21111-41-PRECINCT 115 41 DISTRICT (L115)
Jefferson,L115,pierceb,12/28/2021 09:07:33.312224,0,98,21111-41-PRECINCT 115 41 DISTRICT (L115)
Jefferson,L115,trumpd,12/28/2021 09:07:33.312224,14,98,21111-41-PRECINCT 115 41 DISTRICT (L115)
Jefferson,L115,westk,12/28/2021 09:07:33.312224,1,98,21111-41-PRECINCT 115 41 DISTRICT (L115)
Jefferson,L117,bidenj,12/28/2021 09:07:33.312224,562,779,21111-41-PRECINCT 117 41 DISTRICT (L117)
Jefferson,L117,jorgensenj,12/28/2021 09:07:33.312224,17,779,21111-41-PRECINCT 117 41 DISTRICT (L117)
Jefferson,L117,pierceb,12/28/2021 09:07:33.312224,1,779,21111-41-PRECINCT 117 41 DISTRICT (L117)
Jefferson,L117,trumpd,12/28/2021 09:07:33.312224,195,779,21111-41-PRECINCT 117 41 DISTRICT (L117)
Jefferson,L117,westk,12/28/2021 09:07:33.312224,4,779,21111-41-PRECINCT 117 41 DISTRICT (L117)
Jefferson,L118,bidenj,12/28/2021 09:07:33.312224,765,1140,21111-41-PRECINCT 118 41 DISTRICT (L118)
Jefferson,L118,jorgensenj,12/28/2021 09:07:33.312224,12,1140,21111-41-PRECINCT 118 41 DISTRICT (L118)
Jefferson,L118,pierceb,12/28/2021 09:07:33.312224,4,1140,21111-41-PRECINCT 118 41 DISTRICT (L118)
Jefferson,L118,trumpd,12/28/2021 09:07:33.312224,358,1140,21111-41-PRECINCT 118 41 DISTRICT (L118)
Jefferson,L118,westk,12/28/2021 09:07:33.312224,1,1140,21111-41-PRECINCT 118 41 DISTRICT (L118)
Jefferson,L119,bidenj,12/28/2021 09:07:33.312224,603,815,21111-41-PRECINCT 119 41 DISTRICT (L119)
Jefferson,L119,jorgensenj,12/28/2021 09:07:33.312224,21,815,21111-41-PRECINCT 119 41 DISTRICT (L119)
Jefferson,L119,pierceb,12/28/2021 09:07:33.312224,2,815,21111-41-PRECINCT 119 41 DISTRICT (L119)
Jefferson,L119,trumpd,12/28/2021 09:07:33.312224,185,815,21111-41-PRECINCT 119 41 DISTRICT (L119)
Jefferson,L119,westk,12/28/2021 09:07:33.312224,4,815,21111-41-PRECINCT 119 41 DISTRICT (L119)
Jefferson,L134,bidenj,12/28/2021 09:07:33.312224,390,644,21111-41-PRECINCT 134 41 DISTRICT (L134)
Jefferson,L134,jorgensenj,12/28/2021 09:07:33.312224,20,644,21111-41-PRECINCT 134 41 DISTRICT (L134)
Jefferson,L134,pierceb,12/28/2021 09:07:33.312224,1,644,21111-41-PRECINCT 134 41 DISTRICT (L134)
Jefferson,L134,trumpd,12/28/2021 09:07:33.312224,232,644,21111-41-PRECINCT 134 41 DISTRICT (L134)
Jefferson,L134,westk,12/28/2021 09:07:33.312224,1,644,21111-41-PRECINCT 134 41 DISTRICT (L134)
Jefferson,L135,bidenj,12/28/2021 09:07:33.312224,365,575,21111-41-PRECINCT 135 41 DISTRICT (L135)
Jefferson,L135,jorgensenj,12/28/2021 09:07:33.312224,2,575,21111-41-PRECINCT 135 41 DISTRICT (L135)
Jefferson,L135,pierceb,12/28/2021 09:07:33.312224,1,575,21111-41-PRECINCT 135 41 DISTRICT (L135)
Jefferson,L135,trumpd,12/28/2021 09:07:33.312224,207,575,21111-41-PRECINCT 135 41 DISTRICT (L135)
Jefferson,L135,westk,12/28/2021 09:07:33.312224,0,575,21111-41-PRECINCT 135 41 DISTRICT (L135)
Jefferson,L136,bidenj,12/28/2021 09:07:33.312224,574,820,21111-41-PRECINCT 136 41 DISTRICT (L136)
Jefferson,L136,jorgensenj,12/28/2021 09:07:33.312224,15,820,21111-41-PRECINCT 136 41 DISTRICT (L136)
Jefferson,L136,pierceb,12/28/2021 09:07:33.312224,0,820,21111-41-PRECINCT 136 41 DISTRICT (L136)
Jefferson,L136,trumpd,12/28/2021 09:07:33.312224,225,820,21111-41-PRECINCT 136 41 DISTRICT (L136)
Jefferson,L136,westk,12/28/2021 09:07:33.312224,6,820,21111-41-PRECINCT 136 41 DISTRICT (L136)
Jefferson,L138,bidenj,12/28/2021 09:07:33.312224,303,476,21111-41-PRECINCT 138 41 DISTRICT (L138)
Jefferson,L138,jorgensenj,12/28/2021 09:07:33.312224,9,476,21111-41-PRECINCT 138 41 DISTRICT (L138)
Jefferson,L138,pierceb,12/28/2021 09:07:33.312224,0,476,21111-41-PRECINCT 138 41 DISTRICT (L138)
Jefferson,L138,trumpd,12/28/2021 09:07:33.312224,163,476,21111-41-PRECINCT 138 41 DISTRICT (L138)
Jefferson,L138,westk,12/28/2021 09:07:33.312224,1,476,21111-41-PRECINCT 138 41 DISTRICT (L138)
Jefferson,L139,bidenj,12/28/2021 09:07:33.312224,690,1168,21111-41-PRECINCT 139 41 DISTRICT (L139)
Jefferson,L139,jorgensenj,12/28/2021 09:07:33.312224,13,1168,21111-41-PRECINCT 139 41 DISTRICT (L139)
Jefferson,L139,pierceb,12/28/2021 09:07:33.312224,3,1168,21111-41-PRECINCT 139 41 DISTRICT (L139)
Jefferson,L139,trumpd,12/28/2021 09:07:33.312224,459,1168,21111-41-PRECINCT 139 41 DISTRICT (L139)
Jefferson,L139,westk,12/28/2021 09:07:33.312224,3,1168,21111-41-PRECINCT 139 41 DISTRICT (L139)
Jefferson,L140,bidenj,12/28/2021 09:07:33.312224,242,250,21111-41-PRECINCT 140 41 DISTRICT (L140)
Jefferson,L140,jorgensenj,12/28/2021 09:07:33.312224,2,250,21111-41-PRECINCT 140 41 DISTRICT (L140)
Jefferson,L140,pierceb,12/28/2021 09:07:33.312224,0,250,21111-41-PRECINCT 140 41 DISTRICT (L140)
Jefferson,L140,trumpd,12/28/2021 09:07:33.312224,5,250,21111-41-PRECINCT 140 41 DISTRICT (L140)
Jefferson,L140,westk,12/28/2021 09:07:33.312224,1,250,21111-41-PRECINCT 140 41 DISTRICT (L140)
Jefferson,L141,bidenj,12/28/2021 09:07:33.312224,389,472,21111-41-PRECINCT 141 41 DISTRICT (L141)
Jefferson,L141,jorgensenj,12/28/2021 09:07:33.312224,6,472,21111-41-PRECINCT 141 41 DISTRICT (L141)
Jefferson,L141,pierceb,12/28/2021 09:07:33.312224,0,472,21111-41-PRECINCT 141 41 DISTRICT (L141)
Jefferson,L141,trumpd,12/28/2021 09:07:33.312224,72,472,21111-41-PRECINCT 141 41 DISTRICT (L141)
Jefferson,L141,westk,12/28/2021 09:07:33.312224,5,472,21111-41-PRECINCT 141 41 DISTRICT (L141)
Jefferson,L142,bidenj,12/28/2021 09:07:33.312224,290,367,21111-41-PRECINCT 142 41 DISTRICT (L142)
Jefferson,L142,jorgensenj,12/28/2021 09:07:33.312224,3,367,21111-41-PRECINCT 142 41 DISTRICT (L142)
Jefferson,L142,pierceb,12/28/2021 09:07:33.312224,3,367,21111-41-PRECINCT 142 41 DISTRICT (L142)
Jefferson,L142,trumpd,12/28/2021 09:07:33.312224,68,367,21111-41-PRECINCT 142 41 DISTRICT (L142)
Jefferson,L142,westk,12/28/2021 09:07:33.312224,3,367,21111-41-PRECINCT 142 41 DISTRICT (L142)
Jefferson,L143,bidenj,12/28/2021 09:07:33.312224,259,299,21111-41-PRECINCT 143 41 DISTRICT (L143)
Jefferson,L143,jorgensenj,12/28/2021 09:07:33.312224,3,299,21111-41-PRECINCT 143 41 DISTRICT (L143)
Jefferson,L143,pierceb,12/28/2021 09:07:33.312224,0,299,21111-41-PRECINCT 143 41 DISTRICT (L143)
Jefferson,L143,trumpd,12/28/2021 09:07:33.312224,35,299,21111-41-PRECINCT 143 41 DISTRICT (L143)
Jefferson,L143,westk,12/28/2021 09:07:33.312224,2,299,21111-41-PRECINCT 143 41 DISTRICT (L143)
Jefferson,L144,bidenj,12/28/2021 09:07:33.312224,235,246,21111-41-PRECINCT 144 41 DISTRICT (L144)
Jefferson,L144,jorgensenj,12/28/2021 09:07:33.312224,0,246,21111-41-PRECINCT 144 41 DISTRICT (L144)
Jefferson,L144,pierceb,12/28/2021 09:07:33.312224,0,246,21111-41-PRECINCT 144 41 DISTRICT (L144)
Jefferson,L144,trumpd,12/28/2021 09:07:33.312224,8,246,21111-41-PRECINCT 144 41 DISTRICT (L144)
Jefferson,L144,westk,12/28/2021 09:07:33.312224,3,246,21111-41-PRECINCT 144 41 DISTRICT (L144)
Jefferson,L145,bidenj,12/28/2021 09:07:33.312224,440,460,21111-41-PRECINCT 145 41 DISTRICT (L145)
Jefferson,L145,jorgensenj,12/28/2021 09:07:33.312224,0,460,21111-41-PRECINCT 145 41 DISTRICT (L145)
Jefferson,L145,pierceb,12/28/2021 09:07:33.312224,3,460,21111-41-PRECINCT 145 41 DISTRICT (L145)
Jefferson,L145,trumpd,12/28/2021 09:07:33.312224,11,460,21111-41-PRECINCT 145 41 DISTRICT (L145)
Jefferson,L145,westk,12/28/2021 09:07:33.312224,6,460,21111-41-PRECINCT 145 41 DISTRICT (L145)
Jefferson,L146,bidenj,12/28/2021 09:07:33.312224,535,820,21111-41-PRECINCT 146 41 DISTRICT (L146)
Jefferson,L146,jorgensenj,12/28/2021 09:07:33.312224,13,820,21111-41-PRECINCT 146 41 DISTRICT (L146)
Jefferson,L146,pierceb,12/28/2021 09:07:33.312224,0,820,21111-41-PRECINCT 146 41 DISTRICT (L146)
Jefferson,L146,trumpd,12/28/2021 09:07:33.312224,272,820,21111-41-PRECINCT 146 41 DISTRICT (L146)
Jefferson,L146,westk,12/28/2021 09:07:33.312224,0,820,21111-41-PRECINCT 146 41 DISTRICT (L146)
Jefferson,L147,bidenj,12/28/2021 09:07:33.312224,490,519,21111-41-PRECINCT 147 41 DISTRICT (L147)
Jefferson,L147,jorgensenj,12/28/2021 09:07:33.312224,4,519,21111-41-PRECINCT 147 41 DISTRICT (L147)
Jefferson,L147,pierceb,12/28/2021 09:07:33.312224,1,519,21111-41-PRECINCT 147 41 DISTRICT (L147)
Jefferson,L147,trumpd,12/28/2021 09:07:33.312224,23,519,21111-41-PRECINCT 147 41 DISTRICT (L147)
Jefferson,L147,westk,12/28/2021 09:07:33.312224,1,519,21111-41-PRECINCT 147 41 DISTRICT (L147)
Jefferson,L148,bidenj,12/28/2021 09:07:33.312224,207,226,21111-41-PRECINCT 148 41 DISTRICT (L148)
Jefferson,L148,jorgensenj,12/28/2021 09:07:33.312224,1,226,21111-41-PRECINCT 148 41 DISTRICT (L148)
Jefferson,L148,pierceb,12/28/2021 09:07:33.312224,1,226,21111-41-PRECINCT 148 41 DISTRICT (L148)
Jefferson,L148,trumpd,12/28/2021 09:07:33.312224,13,226,21111-41-PRECINCT 148 41 DISTRICT (L148)
Jefferson,L148,westk,12/28/2021 09:07:33.312224,4,226,21111-41-PRECINCT 148 41 DISTRICT (L148)
Jefferson,L149,bidenj,12/28/2021 09:07:33.312224,22,22,21111-41-PRECINCT 149 41 DISTRICT (L149)
Jefferson,L149,jorgensenj,12/28/2021 09:07:33.312224,0,22,21111-41-PRECINCT 149 41 DISTRICT (L149)
Jefferson,L149,pierceb,12/28/2021 09:07:33.312224,0,22,21111-41-PRECINCT 149 41 DISTRICT (L149)
Jefferson,L149,trumpd,12/28/2021 09:07:33.312224,0,22,21111-41-PRECINCT 149 41 DISTRICT (L149)
Jefferson,L149,westk,12/28/2021 09:07:33.312224,0,22,21111-41-PRECINCT 149 41 DISTRICT (L149)
Jefferson,L150,bidenj,12/28/2021 09:07:33.312224,42,43,21111-41-PRECINCT 150 41 DISTRICT (L150)
Jefferson,L150,jorgensenj,12/28/2021 09:07:33.312224,0,43,21111-41-PRECINCT 150 41 DISTRICT (L150)
Jefferson,L150,pierceb,12/28/2021 09:07:33.312224,0,43,21111-41-PRECINCT 150 41 DISTRICT (L150)
Jefferson,L150,trumpd,12/28/2021 09:07:33.312224,1,43,21111-41-PRECINCT 150 41 DISTRICT (L150)
Jefferson,L150,westk,12/28/2021 09:07:33.312224,0,43,21111-41-PRECINCT 150 41 DISTRICT (L150)
Jefferson,L151,bidenj,12/28/2021 09:07:33.312224,362,605,21111-41-PRECINCT 151 41 DISTRICT (L151)
Jefferson,L151,jorgensenj,12/28/2021 09:07:33.312224,5,605,21111-41-PRECINCT 151 41 DISTRICT (L151)
Jefferson,L151,pierceb,12/28/2021 09:07:33.312224,1,605,21111-41-PRECINCT 151 41 DISTRICT (L151)
Jefferson,L151,trumpd,12/28/2021 09:07:33.312224,235,605,21111-41-PRECINCT 151 41 DISTRICT (L151)
Jefferson,L151,westk,12/28/2021 09:07:33.312224,2,605,21111-41-PRECINCT 151 41 DISTRICT (L151)
Jefferson,L152,bidenj,12/28/2021 09:07:33.312224,203,332,21111-41-PRECINCT 152 41 DISTRICT (L152)
Jefferson,L152,jorgensenj,12/28/2021 09:07:33.312224,4,332,21111-41-PRECINCT 152 41 DISTRICT (L152)
Jefferson,L152,pierceb,12/28/2021 09:07:33.312224,1,332,21111-41-PRECINCT 152 41 DISTRICT (L152)
Jefferson,L152,trumpd,12/28/2021 09:07:33.312224,124,332,21111-41-PRECINCT 152 41 DISTRICT (L152)
Jefferson,L152,westk,12/28/2021 09:07:33.312224,0,332,21111-41-PRECINCT 152 41 DISTRICT (L152)
Jefferson,L153,bidenj,12/28/2021 09:07:33.312224,48,76,21111-41-PRECINCT 153 41 DISTRICT (L153)
Jefferson,L153,jorgensenj,12/28/2021 09:07:33.312224,1,76,21111-41-PRECINCT 153 41 DISTRICT (L153)
Jefferson,L153,pierceb,12/28/2021 09:07:33.312224,0,76,21111-41-PRECINCT 153 41 DISTRICT (L153)
Jefferson,L153,trumpd,12/28/2021 09:07:33.312224,27,76,21111-41-PRECINCT 153 41 DISTRICT (L153)
Jefferson,L153,westk,12/28/2021 09:07:33.312224,0,76,21111-41-PRECINCT 153 41 DISTRICT (L153)
Jefferson,L154,bidenj,12/28/2021 09:07:33.312224,349,367,21111-41-PRECINCT 154 41 DISTRICT (L154)
Jefferson,L154,jorgensenj,12/28/2021 09:07:33.312224,1,367,21111-41-PRECINCT 154 41 DISTRICT (L154)
Jefferson,L154,pierceb,12/28/2021 09:07:33.312224,0,367,21111-41-PRECINCT 154 41 DISTRICT (L154)
Jefferson,L154,trumpd,12/28/2021 09:07:33.312224,14,367,21111-41-PRECINCT 154 41 DISTRICT (L154)
Jefferson,L154,westk,12/28/2021 09:07:33.312224,3,367,21111-41-PRECINCT 154 41 DISTRICT (L154)
Jefferson,L155,bidenj,12/28/2021 09:07:33.312224,4,11,21111-41-PRECINCT 155 41 DISTRICT (L155)
Jefferson,L155,jorgensenj,12/28/2021 09:07:33.312224,0,11,21111-41-PRECINCT 155 41 DISTRICT (L155)
Jefferson,L155,pierceb,12/28/2021 09:07:33.312224,0,11,21111-41-PRECINCT 155 41 DISTRICT (L155)
Jefferson,L155,trumpd,12/28/2021 09:07:33.312224,7,11,21111-41-PRECINCT 155 41 DISTRICT (L155)
Jefferson,L155,westk,12/28/2021 09:07:33.312224,0,11,21111-41-PRECINCT 155 41 DISTRICT (L155)
Jefferson,L156,bidenj,12/28/2021 09:07:33.312224,585,704,21111-41-PRECINCT 156 41 DISTRICT (L156)
Jefferson,L156,jorgensenj,12/28/2021 09:07:33.312224,8,704,21111-41-PRECINCT 156 41 DISTRICT (L156)
Jefferson,L156,pierceb,12/28/2021 09:07:33.312224,1,704,21111-41-PRECINCT 156 41 DISTRICT (L156)
Jefferson,L156,trumpd,12/28/2021 09:07:33.312224,105,704,21111-41-PRECINCT 156 41 DISTRICT (L156)
Jefferson,L156,westk,12/28/2021 09:07:33.312224,5,704,21111-41-PRECINCT 156 41 DISTRICT (L156)
Jefferson,L157,bidenj,12/28/2021 09:07:33.312224,471,484,21111-41-PRECINCT 157 41 DISTRICT (L157)
Jefferson,L157,jorgensenj,12/28/2021 09:07:33.312224,1,484,21111-41-PRECINCT 157 41 DISTRICT (L157)
Jefferson,L157,pierceb,12/28/2021 09:07:33.312224,1,484,21111-41-PRECINCT 157 41 DISTRICT (L157)
Jefferson,L157,trumpd,12/28/2021 09:07:33.312224,8,484,21111-41-PRECINCT 157 41 DISTRICT (L157)
Jefferson,L157,westk,12/28/2021 09:07:33.312224,3,484,21111-41-PRECINCT 157 41 DISTRICT (L157)
Jefferson,L158,bidenj,12/28/2021 09:07:33.312224,330,335,21111-41-PRECINCT 158 41 DISTRICT (L158)
Jefferson,L158,jorgensenj,12/28/2021 09:07:33.312224,1,335,21111-41-PRECINCT 158 41 DISTRICT (L158)
Jefferson,L158,pierceb,12/28/2021 09:07:33.312224,0,335,21111-41-PRECINCT 158 41 DISTRICT (L158)
Jefferson,L158,trumpd,12/28/2021 09:07:33.312224,3,335,21111-41-PRECINCT 158 41 DISTRICT (L158)
Jefferson,L158,westk,12/28/2021 09:07:33.312224,1,335,21111-41-PRECINCT 158 41 DISTRICT (L158)
Jefferson,L159,bidenj,12/28/2021 09:07:33.312224,131,138,21111-41-PRECINCT 159 41 DISTRICT (L159)
Jefferson,L159,jorgensenj,12/28/2021 09:07:33.312224,1,138,21111-41-PRECINCT 159 41 DISTRICT (L159)
Jefferson,L159,pierceb,12/28/2021 09:07:33.312224,1,138,21111-41-PRECINCT 159 41 DISTRICT (L159)
Jefferson,L159,trumpd,12/28/2021 09:07:33.312224,4,138,21111-41-PRECINCT 159 41 DISTRICT (L159)
Jefferson,L159,westk,12/28/2021 09:07:33.312224,1,138,21111-41-PRECINCT 159 41 DISTRICT (L159)
Jefferson,L160,bidenj,12/28/2021 09:07:33.312224,272,292,21111-41-PRECINCT 160 41 DISTRICT (L160)
Jefferson,L160,jorgensenj,12/28/2021 09:07:33.312224,4,292,21111-41-PRECINCT 160 41 DISTRICT (L160)
Jefferson,L160,pierceb,12/28/2021 09:07:33.312224,0,292,21111-41-PRECINCT 160 41 DISTRICT (L160)
Jefferson,L160,trumpd,12/28/2021 09:07:33.312224,12,292,21111-41-PRECINCT 160 41 DISTRICT (L160)
Jefferson,L160,westk,12/28/2021 09:07:33.312224,4,292,21111-41-PRECINCT 160 41 DISTRICT (L160)
Jefferson,L161,bidenj,12/28/2021 09:07:33.312224,399,420,21111-41-PRECINCT 161 41 DISTRICT (L161)
Jefferson,L161,jorgensenj,12/28/2021 09:07:33.312224,3,420,21111-41-PRECINCT 161 41 DISTRICT (L161)
Jefferson,L161,pierceb,12/28/2021 09:07:33.312224,0,420,21111-41-PRECINCT 161 41 DISTRICT (L161)
Jefferson,L161,trumpd,12/28/2021 09:07:33.312224,14,420,21111-41-PRECINCT 161 41 DISTRICT (L161)
Jefferson,L161,westk,12/28/2021 09:07:33.312224,4,420,21111-41-PRECINCT 161 41 DISTRICT (L161)
Jefferson,L162,bidenj,12/28/2021 09:07:33.312224,15,15,21111-41-PRECINCT 162 41 DISTRICT (L162)
Jefferson,L162,jorgensenj,12/28/2021 09:07:33.312224,0,15,21111-41-PRECINCT 162 41 DISTRICT (L162)
Jefferson,L162,pierceb,12/28/2021 09:07:33.312224,0,15,21111-41-PRECINCT 162 41 DISTRICT (L162)
Jefferson,L162,trumpd,12/28/2021 09:07:33.312224,0,15,21111-41-PRECINCT 162 41 DISTRICT (L162)
Jefferson,L162,westk,12/28/2021 09:07:33.312224,0,15,21111-41-PRECINCT 162 41 DISTRICT (L162)
Jefferson,L163,bidenj,12/28/2021 09:07:33.312224,202,219,21111-41-PRECINCT 163 41 DISTRICT (L163)
Jefferson,L163,jorgensenj,12/28/2021 09:07:33.312224,0,219,21111-41-PRECINCT 163 41 DISTRICT (L163)
Jefferson,L163,pierceb,12/28/2021 09:07:33.312224,0,219,21111-41-PRECINCT 163 41 DISTRICT (L163)
Jefferson,L163,trumpd,12/28/2021 09:07:33.312224,15,219,21111-41-PRECINCT 163 41 DISTRICT (L163)
Jefferson,L163,westk,12/28/2021 09:07:33.312224,2,219,21111-41-PRECINCT 163 41 DISTRICT (L163)
Jefferson,L164,bidenj,12/28/2021 09:07:33.312224,250,338,21111-41-PRECINCT 164 41 DISTRICT (L164)
Jefferson,L164,jorgensenj,12/28/2021 09:07:33.312224,4,338,21111-41-PRECINCT 164 41 DISTRICT (L164)
Jefferson,L164,pierceb,12/28/2021 09:07:33.312224,1,338,21111-41-PRECINCT 164 41 DISTRICT (L164)
Jefferson,L164,trumpd,12/28/2021 09:07:33.312224,81,338,21111-41-PRECINCT 164 41 DISTRICT (L164)
Jefferson,L164,westk,12/28/2021 09:07:33.312224,2,338,21111-41-PRECINCT 164 41 DISTRICT (L164)
Jefferson,M102,bidenj,12/28/2021 09:07:33.312224,983,1013,21111-42-PRECINCT 102 42 DISTRICT (M102)
Jefferson,M102,jorgensenj,12/28/2021 09:07:33.312224,0,1013,21111-42-PRECINCT 102 42 DISTRICT (M102)
Jefferson,M102,pierceb,12/28/2021 09:07:33.312224,2,1013,21111-42-PRECINCT 102 42 DISTRICT (M102)
Jefferson,M102,trumpd,12/28/2021 09:07:33.312224,22,1013,21111-42-PRECINCT 102 42 DISTRICT (M102)
Jefferson,M102,westk,12/28/2021 09:07:33.312224,6,1013,21111-42-PRECINCT 102 42 DISTRICT (M102)
Jefferson,M103,bidenj,12/28/2021 09:07:33.312224,1070,1107,21111-42-PRECINCT 103 42 DISTRICT (M103)
Jefferson,M103,jorgensenj,12/28/2021 09:07:33.312224,5,1107,21111-42-PRECINCT 103 42 DISTRICT (M103)
Jefferson,M103,pierceb,12/28/2021 09:07:33.312224,3,1107,21111-42-PRECINCT 103 42 DISTRICT (M103)
Jefferson,M103,trumpd,12/28/2021 09:07:33.312224,22,1107,21111-42-PRECINCT 103 42 DISTRICT (M103)
Jefferson,M103,westk,12/28/2021 09:07:33.312224,7,1107,21111-42-PRECINCT 103 42 DISTRICT (M103)
Jefferson,M104,bidenj,12/28/2021 09:07:33.312224,389,411,21111-42-PRECINCT 104 42 DISTRICT (M104)
Jefferson,M104,jorgensenj,12/28/2021 09:07:33.312224,2,411,21111-42-PRECINCT 104 42 DISTRICT (M104)
Jefferson,M104,pierceb,12/28/2021 09:07:33.312224,2,411,21111-42-PRECINCT 104 42 DISTRICT (M104)
Jefferson,M104,trumpd,12/28/2021 09:07:33.312224,13,411,21111-42-PRECINCT 104 42 DISTRICT (M104)
Jefferson,M104,westk,12/28/2021 09:07:33.312224,5,411,21111-42-PRECINCT 104 42 DISTRICT (M104)
Jefferson,M105,bidenj,12/28/2021 09:07:33.312224,411,430,21111-42-PRECINCT 105 42 DISTRICT (M105)
Jefferson,M105,jorgensenj,12/28/2021 09:07:33.312224,3,430,21111-42-PRECINCT 105 42 DISTRICT (M105)
Jefferson,M105,pierceb,12/28/2021 09:07:33.312224,0,430,21111-42-PRECINCT 105 42 DISTRICT (M105)
Jefferson,M105,trumpd,12/28/2021 09:07:33.312224,11,430,21111-42-PRECINCT 105 42 DISTRICT (M105)
Jefferson,M105,westk,12/28/2021 09:07:33.312224,5,430,21111-42-PRECINCT 105 42 DISTRICT (M105)
Jefferson,M107,bidenj,12/28/2021 09:07:33.312224,244,255,21111-42-PRECINCT 107 42 DISTRICT (M107)
Jefferson,M107,jorgensenj,12/28/2021 09:07:33.312224,1,255,21111-42-PRECINCT 107 42 DISTRICT (M107)
Jefferson,M107,pierceb,12/28/2021 09:07:33.312224,0,255,21111-42-PRECINCT 107 42 DISTRICT (M107)
Jefferson,M107,trumpd,12/28/2021 09:07:33.312224,7,255,21111-42-PRECINCT 107 42 DISTRICT (M107)
Jefferson,M107,westk,12/28/2021 09:07:33.312224,3,255,21111-42-PRECINCT 107 42 DISTRICT (M107)
Jefferson,M110,bidenj,12/28/2021 09:07:33.312224,552,585,21111-42-PRECINCT 110 42 DISTRICT (M110)
Jefferson,M110,jorgensenj,12/28/2021 09:07:33.312224,3,585,21111-42-PRECINCT 110 42 DISTRICT (M110)
Jefferson,M110,pierceb,12/28/2021 09:07:33.312224,0,585,21111-42-PRECINCT 110 42 DISTRICT (M110)
Jefferson,M110,trumpd,12/28/2021 09:07:33.312224,19,585,21111-42-PRECINCT 110 42 DISTRICT (M110)
Jefferson,M110,westk,12/28/2021 09:07:33.312224,11,585,21111-42-PRECINCT 110 42 DISTRICT (M110)
Jefferson,M121,bidenj,12/28/2021 09:07:33.312224,521,617,21111-42-PRECINCT 121 42 DISTRICT (M121)
Jefferson,M121,jorgensenj,12/28/2021 09:07:33.312224,10,617,21111-42-PRECINCT 121 42 DISTRICT (M121)
Jefferson,M121,pierceb,12/28/2021 09:07:33.312224,3,617,21111-42-PRECINCT 121 42 DISTRICT (M121)
Jefferson,M121,trumpd,12/28/2021 09:07:33.312224,82,617,21111-42-PRECINCT 121 42 DISTRICT (M121)
Jefferson,M121,westk,12/28/2021 09:07:33.312224,1,617,21111-42-PRECINCT 121 42 DISTRICT (M121)
Jefferson,M123,bidenj,12/28/2021 09:07:33.312224,803,972,21111-42-PRECINCT 123 42 DISTRICT (M123)
Jefferson,M123,jorgensenj,12/28/2021 09:07:33.312224,10,972,21111-42-PRECINCT 123 42 DISTRICT (M123)
Jefferson,M123,pierceb,12/28/2021 09:07:33.312224,3,972,21111-42-PRECINCT 123 42 DISTRICT (M123)
Jefferson,M123,trumpd,12/28/2021 09:07:33.312224,148,972,21111-42-PRECINCT 123 42 DISTRICT (M123)
Jefferson,M123,westk,12/28/2021 09:07:33.312224,8,972,21111-42-PRECINCT 123 42 DISTRICT (M123)
Jefferson,M124,bidenj,12/28/2021 09:07:33.312224,650,749,21111-42-PRECINCT 124 42 DISTRICT (M124)
Jefferson,M124,jorgensenj,12/28/2021 09:07:33.312224,8,749,21111-42-PRECINCT 124 42 DISTRICT (M124)
Jefferson,M124,pierceb,12/28/2021 09:07:33.312224,0,749,21111-42-PRECINCT 124 42 DISTRICT (M124)
Jefferson,M124,trumpd,12/28/2021 09:07:33.312224,90,749,21111-42-PRECINCT 124 42 DISTRICT (M124)
Jefferson,M124,westk,12/28/2021 09:07:33.312224,1,749,21111-42-PRECINCT 124 42 DISTRICT (M124)
Jefferson,M129,bidenj,12/28/2021 09:07:33.312224,266,283,21111-42-PRECINCT 129 42 DISTRICT (M129)
Jefferson,M129,jorgensenj,12/28/2021 09:07:33.312224,1,283,21111-42-PRECINCT 129 42 DISTRICT (M129)
Jefferson,M129,pierceb,12/28/2021 09:07:33.312224,0,283,21111-42-PRECINCT 129 42 DISTRICT (M129)
Jefferson,M129,trumpd,12/28/2021 09:07:33.312224,12,283,21111-42-PRECINCT 129 42 DISTRICT (M129)
Jefferson,M129,westk,12/28/2021 09:07:33.312224,4,283,21111-42-PRECINCT 129 42 DISTRICT (M129)
Jefferson,M130,bidenj,12/28/2021 09:07:33.312224,258,304,21111-42-PRECINCT 130 42 DISTRICT (M130)
Jefferson,M130,jorgensenj,12/28/2021 09:07:33.312224,1,304,21111-42-PRECINCT 130 42 DISTRICT (M130)
Jefferson,M130,pierceb,12/28/2021 09:07:33.312224,2,304,21111-42-PRECINCT 130 42 DISTRICT (M130)
Jefferson,M130,trumpd,12/28/2021 09:07:33.312224,40,304,21111-42-PRECINCT 130 42 DISTRICT (M130)
Jefferson,M130,westk,12/28/2021 09:07:33.312224,3,304,21111-42-PRECINCT 130 42 DISTRICT (M130)
Jefferson,M131,bidenj,12/28/2021 09:07:33.312224,325,385,21111-42-PRECINCT 131 42 DISTRICT (M131)
Jefferson,M131,jorgensenj,12/28/2021 09:07:33.312224,5,385,21111-42-PRECINCT 131 42 DISTRICT (M131)
Jefferson,M131,pierceb,12/28/2021 09:07:33.312224,0,385,21111-42-PRECINCT 131 42 DISTRICT (M131)
Jefferson,M131,trumpd,12/28/2021 09:07:33.312224,52,385,21111-42-PRECINCT 131 42 DISTRICT (M131)
Jefferson,M131,westk,12/28/2021 09:07:33.312224,3,385,21111-42-PRECINCT 131 42 DISTRICT (M131)
Jefferson,M133,bidenj,12/28/2021 09:07:33.312224,684,705,21111-42-PRECINCT 133 42 DISTRICT (M133)
Jefferson,M133,jorgensenj,12/28/2021 09:07:33.312224,1,705,21111-42-PRECINCT 133 42 DISTRICT (M133)
Jefferson,M133,pierceb,12/28/2021 09:07:33.312224,1,705,21111-42-PRECINCT 133 42 DISTRICT (M133)
Jefferson,M133,trumpd,12/28/2021 09:07:33.312224,16,705,21111-42-PRECINCT 133 42 DISTRICT (M133)
Jefferson,M133,westk,12/28/2021 09:07:33.312224,3,705,21111-42-PRECINCT 133 42 DISTRICT (M133)
Jefferson,M137,bidenj,12/28/2021 09:07:33.312224,360,501,21111-42-PRECINCT 137 42 DISTRICT (M137)
Jefferson,M137,jorgensenj,12/28/2021 09:07:33.312224,6,501,21111-42-PRECINCT 137 42 DISTRICT (M137)
Jefferson,M137,pierceb,12/28/2021 09:07:33.312224,0,501,21111-42-PRECINCT 137 42 DISTRICT (M137)
Jefferson,M137,trumpd,12/28/2021 09:07:33.312224,131,501,21111-42-PRECINCT 137 42 DISTRICT (M137)
Jefferson,M137,westk,12/28/2021 09:07:33.312224,4,501,21111-42-PRECINCT 137 42 DISTRICT (M137)
Jefferson,M138,bidenj,12/28/2021 09:07:33.312224,797,981,21111-42-PRECINCT 138 42 DISTRICT (M138)
Jefferson,M138,jorgensenj,12/28/2021 09:07:33.312224,3,981,21111-42-PRECINCT 138 42 DISTRICT (M138)
Jefferson,M138,pierceb,12/28/2021 09:07:33.312224,2,981,21111-42-PRECINCT 138 42 DISTRICT (M138)
Jefferson,M138,trumpd,12/28/2021 09:07:33.312224,175,981,21111-42-PRECINCT 138 42 DISTRICT (M138)
Jefferson,M138,westk,12/28/2021 09:07:33.312224,4,981,21111-42-PRECINCT 138 42 DISTRICT (M138)
Jefferson,M139,bidenj,12/28/2021 09:07:33.312224,687,867,21111-42-PRECINCT 139 42 DISTRICT (M139)
Jefferson,M139,jorgensenj,12/28/2021 09:07:33.312224,15,867,21111-42-PRECINCT 139 42 DISTRICT (M139)
Jefferson,M139,pierceb,12/28/2021 09:07:33.312224,1,867,21111-42-PRECINCT 139 42 DISTRICT (M139)
Jefferson,M139,trumpd,12/28/2021 09:07:33.312224,162,867,21111-42-PRECINCT 139 42 DISTRICT (M139)
Jefferson,M139,westk,12/28/2021 09:07:33.312224,2,867,21111-42-PRECINCT 139 42 DISTRICT (M139)
Jefferson,M140,bidenj,12/28/2021 09:07:33.312224,237,292,21111-42-PRECINCT 140 42 DISTRICT (M140)
Jefferson,M140,jorgensenj,12/28/2021 09:07:33.312224,4,292,21111-42-PRECINCT 140 42 DISTRICT (M140)
Jefferson,M140,pierceb,12/28/2021 09:07:33.312224,1,292,21111-42-PRECINCT 140 42 DISTRICT (M140)
Jefferson,M140,trumpd,12/28/2021 09:07:33.312224,49,292,21111-42-PRECINCT 140 42 DISTRICT (M140)
Jefferson,M140,westk,12/28/2021 09:07:33.312224,1,292,21111-42-PRECINCT 140 42 DISTRICT (M140)
Jefferson,M141,bidenj,12/28/2021 09:07:33.312224,334,398,21111-42-PRECINCT 141 42 DISTRICT (M141)
Jefferson,M141,jorgensenj,12/28/2021 09:07:33.312224,6,398,21111-42-PRECINCT 141 42 DISTRICT (M141)
Jefferson,M141,pierceb,12/28/2021 09:07:33.312224,0,398,21111-42-PRECINCT 141 42 DISTRICT (M141)
Jefferson,M141,trumpd,12/28/2021 09:07:33.312224,58,398,21111-42-PRECINCT 141 42 DISTRICT (M141)
Jefferson,M141,westk,12/28/2021 09:07:33.312224,0,398,21111-42-PRECINCT 141 42 DISTRICT (M141)
Jefferson,M142,bidenj,12/28/2021 09:07:33.312224,917,1131,21111-42-PRECINCT 142 42 DISTRICT (M142)
Jefferson,M142,jorgensenj,12/28/2021 09:07:33.312224,19,1131,21111-42-PRECINCT 142 42 DISTRICT (M142)
Jefferson,M142,pierceb,12/28/2021 09:07:33.312224,1,1131,21111-42-PRECINCT 142 42 DISTRICT (M142)
Jefferson,M142,trumpd,12/28/2021 09:07:33.312224,192,1131,21111-42-PRECINCT 142 42 DISTRICT (M142)
Jefferson,M142,westk,12/28/2021 09:07:33.312224,2,1131,21111-42-PRECINCT 142 42 DISTRICT (M142)
Jefferson,M143,bidenj,12/28/2021 09:07:33.312224,521,662,21111-42-PRECINCT 143 42 DISTRICT (M143)
Jefferson,M143,jorgensenj,12/28/2021 09:07:33.312224,8,662,21111-42-PRECINCT 143 42 DISTRICT (M143)
Jefferson,M143,pierceb,12/28/2021 09:07:33.312224,1,662,21111-42-PRECINCT 143 42 DISTRICT (M143)
Jefferson,M143,trumpd,12/28/2021 09:07:33.312224,132,662,21111-42-PRECINCT 143 42 DISTRICT (M143)
Jefferson,M143,westk,12/28/2021 09:07:33.312224,0,662,21111-42-PRECINCT 143 42 DISTRICT (M143)
Jefferson,M144,bidenj,12/28/2021 09:07:33.312224,298,371,21111-42-PRECINCT 144 42 DISTRICT (M144)
Jefferson,M144,jorgensenj,12/28/2021 09:07:33.312224,7,371,21111-42-PRECINCT 144 42 DISTRICT (M144)
Jefferson,M144,pierceb,12/28/2021 09:07:33.312224,0,371,21111-42-PRECINCT 144 42 DISTRICT (M144)
Jefferson,M144,trumpd,12/28/2021 09:07:33.312224,60,371,21111-42-PRECINCT 144 42 DISTRICT (M144)
Jefferson,M144,westk,12/28/2021 09:07:33.312224,6,371,21111-42-PRECINCT 144 42 DISTRICT (M144)
Jefferson,M145,bidenj,12/28/2021 09:07:33.312224,33,35,21111-42-PRECINCT 145 42 DISTRICT (M145)
Jefferson,M145,jorgensenj,12/28/2021 09:07:33.312224,0,35,21111-42-PRECINCT 145 42 DISTRICT (M145)
Jefferson,M145,pierceb,12/28/2021 09:07:33.312224,0,35,21111-42-PRECINCT 145 42 DISTRICT (M145)
Jefferson,M145,trumpd,12/28/2021 09:07:33.312224,2,35,21111-42-PRECINCT 145 42 DISTRICT (M145)
Jefferson,M145,westk,12/28/2021 09:07:33.312224,0,35,21111-42-PRECINCT 145 42 DISTRICT (M145)
Jefferson,M146,bidenj,12/28/2021 09:07:33.312224,576,664,21111-42-PRECINCT 146 42 DISTRICT (M146)
Jefferson,M146,jorgensenj,12/28/2021 09:07:33.312224,12,664,21111-42-PRECINCT 146 42 DISTRICT (M146)
Jefferson,M146,pierceb,12/28/2021 09:07:33.312224,2,664,21111-42-PRECINCT 146 42 DISTRICT (M146)
Jefferson,M146,trumpd,12/28/2021 09:07:33.312224,70,664,21111-42-PRECINCT 146 42 DISTRICT (M146)
Jefferson,M146,westk,12/28/2021 09:07:33.312224,4,664,21111-42-PRECINCT 146 42 DISTRICT (M146)
Jefferson,M147,bidenj,12/28/2021 09:07:33.312224,398,483,21111-42-PRECINCT 147 42 DISTRICT (M147)
Jefferson,M147,jorgensenj,12/28/2021 09:07:33.312224,7,483,21111-42-PRECINCT 147 42 DISTRICT (M147)
Jefferson,M147,pierceb,12/28/2021 09:07:33.312224,0,483,21111-42-PRECINCT 147 42 DISTRICT (M147)
Jefferson,M147,trumpd,12/28/2021 09:07:33.312224,74,483,21111-42-PRECINCT 147 42 DISTRICT (M147)
Jefferson,M147,westk,12/28/2021 09:07:33.312224,4,483,21111-42-PRECINCT 147 42 DISTRICT (M147)
Jefferson,M148,bidenj,12/28/2021 09:07:33.312224,465,475,21111-42-PRECINCT 148 42 DISTRICT (M148)
Jefferson,M148,jorgensenj,12/28/2021 09:07:33.312224,1,475,21111-42-PRECINCT 148 42 DISTRICT (M148)
Jefferson,M148,pierceb,12/28/2021 09:07:33.312224,0,475,21111-42-PRECINCT 148 42 DISTRICT (M148)
Jefferson,M148,trumpd,12/28/2021 09:07:33.312224,5,475,21111-42-PRECINCT 148 42 DISTRICT (M148)
Jefferson,M148,westk,12/28/2021 09:07:33.312224,4,475,21111-42-PRECINCT 148 42 DISTRICT (M148)
Jefferson,M149,bidenj,12/28/2021 09:07:33.312224,295,486,21111-42-PRECINCT 149 42 DISTRICT (M149)
Jefferson,M149,jorgensenj,12/28/2021 09:07:33.312224,2,486,21111-42-PRECINCT 149 42 DISTRICT (M149)
Jefferson,M149,pierceb,12/28/2021 09:07:33.312224,1,486,21111-42-PRECINCT 149 42 DISTRICT (M149)
Jefferson,M149,trumpd,12/28/2021 09:07:33.312224,184,486,21111-42-PRECINCT 149 42 DISTRICT (M149)
Jefferson,M149,westk,12/28/2021 09:07:33.312224,4,486,21111-42-PRECINCT 149 42 DISTRICT (M149)
Jefferson,M150,bidenj,12/28/2021 09:07:33.312224,250,338,21111-42-PRECINCT 150 42 DISTRICT (M150)
Jefferson,M150,jorgensenj,12/28/2021 09:07:33.312224,6,338,21111-42-PRECINCT 150 42 DISTRICT (M150)
Jefferson,M150,pierceb,12/28/2021 09:07:33.312224,1,338,21111-42-PRECINCT 150 42 DISTRICT (M150)
Jefferson,M150,trumpd,12/28/2021 09:07:33.312224,79,338,21111-42-PRECINCT 150 42 DISTRICT (M150)
Jefferson,M150,westk,12/28/2021 09:07:33.312224,2,338,21111-42-PRECINCT 150 42 DISTRICT (M150)
Jefferson,M159,bidenj,12/28/2021 09:07:33.312224,188,235,21111-42-PRECINCT 159 42 DISTRICT (M159)
Jefferson,M159,jorgensenj,12/28/2021 09:07:33.312224,5,235,21111-42-PRECINCT 159 42 DISTRICT (M159)
Jefferson,M159,pierceb,12/28/2021 09:07:33.312224,0,235,21111-42-PRECINCT 159 42 DISTRICT (M159)
Jefferson,M159,trumpd,12/28/2021 09:07:33.312224,38,235,21111-42-PRECINCT 159 42 DISTRICT (M159)
Jefferson,M159,westk,12/28/2021 09:07:33.312224,4,235,21111-42-PRECINCT 159 42 DISTRICT (M159)
Jefferson,M160,bidenj,12/28/2021 09:07:33.312224,117,144,21111-42-PRECINCT 160 42 DISTRICT (M160)
Jefferson,M160,jorgensenj,12/28/2021 09:07:33.312224,3,144,21111-42-PRECINCT 160 42 DISTRICT (M160)
Jefferson,M160,pierceb,12/28/2021 09:07:33.312224,0,144,21111-42-PRECINCT 160 42 DISTRICT (M160)
Jefferson,M160,trumpd,12/28/2021 09:07:33.312224,24,144,21111-42-PRECINCT 160 42 DISTRICT (M160)
Jefferson,M160,westk,12/28/2021 09:07:33.312224,0,144,21111-42-PRECINCT 160 42 DISTRICT (M160)
Jefferson,M162,bidenj,12/28/2021 09:07:33.312224,246,283,21111-42-PRECINCT 162 42 DISTRICT (M162)
Jefferson,M162,jorgensenj,12/28/2021 09:07:33.312224,0,283,21111-42-PRECINCT 162 42 DISTRICT (M162)
Jefferson,M162,pierceb,12/28/2021 09:07:33.312224,0,283,21111-42-PRECINCT 162 42 DISTRICT (M162)
Jefferson,M162,trumpd,12/28/2021 09:07:33.312224,37,283,21111-42-PRECINCT 162 42 DISTRICT (M162)
Jefferson,M162,westk,12/28/2021 09:07:33.312224,0,283,21111-42-PRECINCT 162 42 DISTRICT (M162)
Jefferson,M163,bidenj,12/28/2021 09:07:33.312224,214,254,21111-42-PRECINCT 163 42 DISTRICT (M163)
Jefferson,M163,jorgensenj,12/28/2021 09:07:33.312224,2,254,21111-42-PRECINCT 163 42 DISTRICT (M163)
Jefferson,M163,pierceb,12/28/2021 09:07:33.312224,0,254,21111-42-PRECINCT 163 42 DISTRICT (M163)
Jefferson,M163,trumpd,12/28/2021 09:07:33.312224,38,254,21111-42-PRECINCT 163 42 DISTRICT (M163)
Jefferson,M163,westk,12/28/2021 09:07:33.312224,0,254,21111-42-PRECINCT 163 42 DISTRICT (M163)
Jefferson,M164,bidenj,12/28/2021 09:07:33.312224,22,33,21111-42-PRECINCT 164 42 DISTRICT (M164)
Jefferson,M164,jorgensenj,12/28/2021 09:07:33.312224,2,33,21111-42-PRECINCT 164 42 DISTRICT (M164)
Jefferson,M164,pierceb,12/28/2021 09:07:33.312224,0,33,21111-42-PRECINCT 164 42 DISTRICT (M164)
Jefferson,M164,trumpd,12/28/2021 09:07:33.312224,7,33,21111-42-PRECINCT 164 42 DISTRICT (M164)
Jefferson,M164,westk,12/28/2021 09:07:33.312224,2,33,21111-42-PRECINCT 164 42 DISTRICT (M164)
Jefferson,M165,bidenj,12/28/2021 09:07:33.312224,0,0,
Jefferson,M165,jorgensenj,12/28/2021 09:07:33.312224,0,0,
Jefferson,M165,pierceb,12/28/2021 09:07:33.312224,0,0,
Jefferson,M165,trumpd,12/28/2021 09:07:33.312224,0,0,
Jefferson,M165,westk,12/28/2021 09:07:33.312224,0,0,
Jefferson,M166,bidenj,12/28/2021 09:07:33.312224,396,469,21111-42-PRECINCT 166 42 DISTRICT (M166)
Jefferson,M166,jorgensenj,12/28/2021 09:07:33.312224,2,469,21111-42-PRECINCT 166 42 DISTRICT (M166)
Jefferson,M166,pierceb,12/28/2021 09:07:33.312224,2,469,21111-42-PRECINCT 166 42 DISTRICT (M166)
Jefferson,M166,trumpd,12/28/2021 09:07:33.312224,64,469,21111-42-PRECINCT 166 42 DISTRICT (M166)
Jefferson,M166,westk,12/28/2021 09:07:33.312224,5,469,21111-42-PRECINCT 166 42 DISTRICT (M166)
Jefferson,M167,bidenj,12/28/2021 09:07:33.312224,0,0,
Jefferson,M167,jorgensenj,12/28/2021 09:07:33.312224,0,0,
Jefferson,M167,pierceb,12/28/2021 09:07:33.312224,0,0,
Jefferson,M167,trumpd,12/28/2021 09:07:33.312224,0,0,
Jefferson,M167,westk,12/28/2021 09:07:33.312224,0,0,
Jefferson,M168,bidenj,12/28/2021 09:07:33.312224,146,162,21111-42-PRECINCT 168 42 DISTRICT (M168)
Jefferson,M168,jorgensenj,12/28/2021 09:07:33.312224,3,162,21111-42-PRECINCT 168 42 DISTRICT (M168)
Jefferson,M168,pierceb,12/28/2021 09:07:33.312224,0,162,21111-42-PRECINCT 168 42 DISTRICT (M168)
Jefferson,M168,trumpd,12/28/2021 09:07:33.312224,12,162,21111-42-PRECINCT 168 42 DISTRICT (M168)
Jefferson,M168,westk,12/28/2021 09:07:33.312224,1,162,21111-42-PRECINCT 168 42 DISTRICT (M168)
Jefferson,M169,bidenj,12/28/2021 09:07:33.312224,458,477,21111-42-PRECINCT 169 42 DISTRICT (M169)
Jefferson,M169,jorgensenj,12/28/2021 09:07:33.312224,4,477,21111-42-PRECINCT 169 42 DISTRICT (M169)
Jefferson,M169,pierceb,12/28/2021 09:07:33.312224,0,477,21111-42-PRECINCT 169 42 DISTRICT (M169)
Jefferson,M169,trumpd,12/28/2021 09:07:33.312224,15,477,21111-42-PRECINCT 169 42 DISTRICT (M169)
Jefferson,M169,westk,12/28/2021 09:07:33.312224,0,477,21111-42-PRECINCT 169 42 DISTRICT (M169)
Jefferson,M170,bidenj,12/28/2021 09:07:33.312224,641,683,21111-42-PRECINCT 170 42 DISTRICT (M170)
Jefferson,M170,jorgensenj,12/28/2021 09:07:33.312224,4,683,21111-42-PRECINCT 170 42 DISTRICT (M170)
Jefferson,M170,pierceb,12/28/2021 09:07:33.312224,1,683,21111-42-PRECINCT 170 42 DISTRICT (M170)
Jefferson,M170,trumpd,12/28/2021 09:07:33.312224,33,683,21111-42-PRECINCT 170 42 DISTRICT (M170)
Jefferson,M170,westk,12/28/2021 09:07:33.312224,4,683,21111-42-PRECINCT 170 42 DISTRICT (M170)
Jefferson,M171,bidenj,12/28/2021 09:07:33.312224,677,716,21111-42-PRECINCT 171 42 DISTRICT (M171)
Jefferson,M171,jorgensenj,12/28/2021 09:07:33.312224,2,716,21111-42-PRECINCT 171 42 DISTRICT (M171)
Jefferson,M171,pierceb,12/28/2021 09:07:33.312224,0,716,21111-42-PRECINCT 171 42 DISTRICT (M171)
Jefferson,M171,trumpd,12/28/2021 09:07:33.312224,34,716,21111-42-PRECINCT 171 42 DISTRICT (M171)
Jefferson,M171,westk,12/28/2021 09:07:33.312224,3,716,21111-42-PRECINCT 171 42 DISTRICT (M171)
Jefferson,M172,bidenj,12/28/2021 09:07:33.312224,152,171,21111-42-PRECINCT 172 42 DISTRICT (M172)
Jefferson,M172,jorgensenj,12/28/2021 09:07:33.312224,1,171,21111-42-PRECINCT 172 42 DISTRICT (M172)
Jefferson,M172,pierceb,12/28/2021 09:07:33.312224,0,171,21111-42-PRECINCT 172 42 DISTRICT (M172)
Jefferson,M172,trumpd,12/28/2021 09:07:33.312224,16,171,21111-42-PRECINCT 172 42 DISTRICT (M172)
Jefferson,M172,westk,12/28/2021 09:07:33.312224,2,171,21111-42-PRECINCT 172 42 DISTRICT (M172)
Jefferson,M173,bidenj,12/28/2021 09:07:33.312224,601,696,21111-42-PRECINCT 173 42 DISTRICT (M173)
Jefferson,M173,jorgensenj,12/28/2021 09:07:33.312224,4,696,21111-42-PRECINCT 173 42 DISTRICT (M173)
Jefferson,M173,pierceb,12/28/2021 09:07:33.312224,0,696,21111-42-PRECINCT 173 42 DISTRICT (M173)
Jefferson,M173,trumpd,12/28/2021 09:07:33.312224,89,696,21111-42-PRECINCT 173 42 DISTRICT (M173)
Jefferson,M173,westk,12/28/2021 09:07:33.312224,2,696,21111-42-PRECINCT 173 42 DISTRICT (M173)
Jefferson,M174,bidenj,12/28/2021 09:07:33.312224,0,0,21111-42-PRECINCT 174 42 DISTRICT (M174)
Jefferson,M174,jorgensenj,12/28/2021 09:07:33.312224,0,0,21111-42-PRECINCT 174 42 DISTRICT (M174)
Jefferson,M174,pierceb,12/28/2021 09:07:33.312224,0,0,21111-42-PRECINCT 174 42 DISTRICT (M174)
Jefferson,M174,trumpd,12/28/2021 09:07:33.312224,0,0,21111-42-PRECINCT 174 42 DISTRICT (M174)
Jefferson,M174,westk,12/28/2021 09:07:33.312224,0,0,21111-42-PRECINCT 174 42 DISTRICT (M174)
Jefferson,M175,bidenj,12/28/2021 09:07:33.312224,0,0,
Jefferson,M175,jorgensenj,12/28/2021 09:07:33.312224,0,0,
Jefferson,M175,pierceb,12/28/2021 09:07:33.312224,0,0,
Jefferson,M175,trumpd,12/28/2021 09:07:33.312224,0,0,
Jefferson,M175,westk,12/28/2021 09:07:33.312224,0,0,
Jefferson,N101,bidenj,12/28/2021 09:07:33.312224,569,686,21111-43-PRECINCT 101 43 DISTRICT (N101)
Jefferson,N101,jorgensenj,12/28/2021 09:07:33.312224,2,686,21111-43-PRECINCT 101 43 DISTRICT (N101)
Jefferson,N101,pierceb,12/28/2021 09:07:33.312224,1,686,21111-43-PRECINCT 101 43 DISTRICT (N101)
Jefferson,N101,trumpd,12/28/2021 09:07:33.312224,112,686,21111-43-PRECINCT 101 43 DISTRICT (N101)
Jefferson,N101,westk,12/28/2021 09:07:33.312224,2,686,21111-43-PRECINCT 101 43 DISTRICT (N101)
Jefferson,N102,bidenj,12/28/2021 09:07:33.312224,353,620,21111-43-PRECINCT 102 43 DISTRICT (N102)
Jefferson,N102,jorgensenj,12/28/2021 09:07:33.312224,9,620,21111-43-PRECINCT 102 43 DISTRICT (N102)
Jefferson,N102,pierceb,12/28/2021 09:07:33.312224,2,620,21111-43-PRECINCT 102 43 DISTRICT (N102)
Jefferson,N102,trumpd,12/28/2021 09:07:33.312224,255,620,21111-43-PRECINCT 102 43 DISTRICT (N102)
Jefferson,N102,westk,12/28/2021 09:07:33.312224,1,620,21111-43-PRECINCT 102 43 DISTRICT (N102)
Jefferson,N103,bidenj,12/28/2021 09:07:33.312224,730,766,21111-43-PRECINCT 103 43 DISTRICT (N103)
Jefferson,N103,jorgensenj,12/28/2021 09:07:33.312224,8,766,21111-43-PRECINCT 103 43 DISTRICT (N103)
Jefferson,N103,pierceb,12/28/2021 09:07:33.312224,0,766,21111-43-PRECINCT 103 43 DISTRICT (N103)
Jefferson,N103,trumpd,12/28/2021 09:07:33.312224,27,766,21111-43-PRECINCT 103 43 DISTRICT (N103)
Jefferson,N103,westk,12/28/2021 09:07:33.312224,1,766,21111-43-PRECINCT 103 43 DISTRICT (N103)
Jefferson,N104,bidenj,12/28/2021 09:07:33.312224,720,782,21111-43-PRECINCT 104 43 DISTRICT (N104)
Jefferson,N104,jorgensenj,12/28/2021 09:07:33.312224,6,782,21111-43-PRECINCT 104 43 DISTRICT (N104)
Jefferson,N104,pierceb,12/28/2021 09:07:33.312224,2,782,21111-43-PRECINCT 104 43 DISTRICT (N104)
Jefferson,N104,trumpd,12/28/2021 09:07:33.312224,48,782,21111-43-PRECINCT 104 43 DISTRICT (N104)
Jefferson,N104,westk,12/28/2021 09:07:33.312224,6,782,21111-43-PRECINCT 104 43 DISTRICT (N104)
Jefferson,N105,bidenj,12/28/2021 09:07:33.312224,592,633,21111-43-PRECINCT 105 43 DISTRICT (N105)
Jefferson,N105,jorgensenj,12/28/2021 09:07:33.312224,2,633,21111-43-PRECINCT 105 43 DISTRICT (N105)
Jefferson,N105,pierceb,12/28/2021 09:07:33.312224,0,633,21111-43-PRECINCT 105 43 DISTRICT (N105)
Jefferson,N105,trumpd,12/28/2021 09:07:33.312224,31,633,21111-43-PRECINCT 105 43 DISTRICT (N105)
Jefferson,N105,westk,12/28/2021 09:07:33.312224,8,633,21111-43-PRECINCT 105 43 DISTRICT (N105)
Jefferson,N106,bidenj,12/28/2021 09:07:33.312224,703,721,21111-43-PRECINCT 106 43 DISTRICT (N106)
Jefferson,N106,jorgensenj,12/28/2021 09:07:33.312224,1,721,21111-43-PRECINCT 106 43 DISTRICT (N106)
Jefferson,N106,pierceb,12/28/2021 09:07:33.312224,1,721,21111-43-PRECINCT 106 43 DISTRICT (N106)
Jefferson,N106,trumpd,12/28/2021 09:07:33.312224,11,721,21111-43-PRECINCT 106 43 DISTRICT (N106)
Jefferson,N106,westk,12/28/2021 09:07:33.312224,5,721,21111-43-PRECINCT 106 43 DISTRICT (N106)
Jefferson,N107,bidenj,12/28/2021 09:07:33.312224,724,754,21111-43-PRECINCT 107 43 DISTRICT (N107)
Jefferson,N107,jorgensenj,12/28/2021 09:07:33.312224,5,754,21111-43-PRECINCT 107 43 DISTRICT (N107)
Jefferson,N107,pierceb,12/28/2021 09:07:33.312224,1,754,21111-43-PRECINCT 107 43 DISTRICT (N107)
Jefferson,N107,trumpd,12/28/2021 09:07:33.312224,17,754,21111-43-PRECINCT 107 43 DISTRICT (N107)
Jefferson,N107,westk,12/28/2021 09:07:33.312224,7,754,21111-43-PRECINCT 107 43 DISTRICT (N107)
Jefferson,N108,bidenj,12/28/2021 09:07:33.312224,761,794,21111-43-PRECINCT 108 43 DISTRICT (N108)
Jefferson,N108,jorgensenj,12/28/2021 09:07:33.312224,3,794,21111-43-PRECINCT 108 43 DISTRICT (N108)
Jefferson,N108,pierceb,12/28/2021 09:07:33.312224,1,794,21111-43-PRECINCT 108 43 DISTRICT (N108)
Jefferson,N108,trumpd,12/28/2021 09:07:33.312224,22,794,21111-43-PRECINCT 108 43 DISTRICT (N108)
Jefferson,N108,westk,12/28/2021 09:07:33.312224,7,794,21111-43-PRECINCT 108 43 DISTRICT (N108)
Jefferson,N109,bidenj,12/28/2021 09:07:33.312224,492,521,21111-43-PRECINCT 109 43 DISTRICT (N109)
Jefferson,N109,jorgensenj,12/28/2021 09:07:33.312224,2,521,21111-43-PRECINCT 109 43 DISTRICT (N109)
Jefferson,N109,pierceb,12/28/2021 09:07:33.312224,3,521,21111-43-PRECINCT 109 43 DISTRICT (N109)
Jefferson,N109,trumpd,12/28/2021 09:07:33.312224,21,521,21111-43-PRECINCT 109 43 DISTRICT (N109)
Jefferson,N109,westk,12/28/2021 09:07:33.312224,3,521,21111-43-PRECINCT 109 43 DISTRICT (N109)
Jefferson,N110,bidenj,12/28/2021 09:07:33.312224,447,462,21111-43-PRECINCT 110 43 DISTRICT (N110)
Jefferson,N110,jorgensenj,12/28/2021 09:07:33.312224,0,462,21111-43-PRECINCT 110 43 DISTRICT (N110)
Jefferson,N110,pierceb,12/28/2021 09:07:33.312224,1,462,21111-43-PRECINCT 110 43 DISTRICT (N110)
Jefferson,N110,trumpd,12/28/2021 09:07:33.312224,13,462,21111-43-PRECINCT 110 43 DISTRICT (N110)
Jefferson,N110,westk,12/28/2021 09:07:33.312224,1,462,21111-43-PRECINCT 110 43 DISTRICT (N110)
Jefferson,N111,bidenj,12/28/2021 09:07:33.312224,314,325,21111-43-PRECINCT 111 43 DISTRICT (N111)
Jefferson,N111,jorgensenj,12/28/2021 09:07:33.312224,3,325,21111-43-PRECINCT 111 43 DISTRICT (N111)
Jefferson,N111,pierceb,12/28/2021 09:07:33.312224,0,325,21111-43-PRECINCT 111 43 DISTRICT (N111)
Jefferson,N111,trumpd,12/28/2021 09:07:33.312224,4,325,21111-43-PRECINCT 111 43 DISTRICT (N111)
Jefferson,N111,westk,12/28/2021 09:07:33.312224,4,325,21111-43-PRECINCT 111 43 DISTRICT (N111)
Jefferson,N112,bidenj,12/28/2021 09:07:33.312224,357,372,21111-43-PRECINCT 112 43 DISTRICT (N112)
Jefferson,N112,jorgensenj,12/28/2021 09:07:33.312224,0,372,21111-43-PRECINCT 112 43 DISTRICT (N112)
Jefferson,N112,pierceb,12/28/2021 09:07:33.312224,1,372,21111-43-PRECINCT 112 43 DISTRICT (N112)
Jefferson,N112,trumpd,12/28/2021 09:07:33.312224,9,372,21111-43-PRECINCT 112 43 DISTRICT (N112)
Jefferson,N112,westk,12/28/2021 09:07:33.312224,5,372,21111-43-PRECINCT 112 43 DISTRICT (N112)
Jefferson,N113,bidenj,12/28/2021 09:07:33.312224,290,307,21111-43-PRECINCT 113 43 DISTRICT (N113)
Jefferson,N113,jorgensenj,12/28/2021 09:07:33.312224,4,307,21111-43-PRECINCT 113 43 DISTRICT (N113)
Jefferson,N113,pierceb,12/28/2021 09:07:33.312224,1,307,21111-43-PRECINCT 113 43 DISTRICT (N113)
Jefferson,N113,trumpd,12/28/2021 09:07:33.312224,9,307,21111-43-PRECINCT 113 43 DISTRICT (N113)
Jefferson,N113,westk,12/28/2021 09:07:33.312224,3,307,21111-43-PRECINCT 113 43 DISTRICT (N113)
Jefferson,N115,bidenj,12/28/2021 09:07:33.312224,266,459,21111-43-PRECINCT 115 43 DISTRICT (N115)
Jefferson,N115,jorgensenj,12/28/2021 09:07:33.312224,5,459,21111-43-PRECINCT 115 43 DISTRICT (N115)
Jefferson,N115,pierceb,12/28/2021 09:07:33.312224,3,459,21111-43-PRECINCT 115 43 DISTRICT (N115)
Jefferson,N115,trumpd,12/28/2021 09:07:33.312224,182,459,21111-43-PRECINCT 115 43 DISTRICT (N115)
Jefferson,N115,westk,12/28/2021 09:07:33.312224,3,459,21111-43-PRECINCT 115 43 DISTRICT (N115)
Jefferson,N117,bidenj,12/28/2021 09:07:33.312224,453,592,21111-43-PRECINCT 117 43 DISTRICT (N117)
Jefferson,N117,jorgensenj,12/28/2021 09:07:33.312224,7,592,21111-43-PRECINCT 117 43 DISTRICT (N117)
Jefferson,N117,pierceb,12/28/2021 09:07:33.312224,0,592,21111-43-PRECINCT 117 43 DISTRICT (N117)
Jefferson,N117,trumpd,12/28/2021 09:07:33.312224,127,592,21111-43-PRECINCT 117 43 DISTRICT (N117)
Jefferson,N117,westk,12/28/2021 09:07:33.312224,5,592,21111-43-PRECINCT 117 43 DISTRICT (N117)
Jefferson,N124,bidenj,12/28/2021 09:07:33.312224,5,8,21111-43-PRECINCT 124 43 DISTRICT (N124)
Jefferson,N124,jorgensenj,12/28/2021 09:07:33.312224,0,8,21111-43-PRECINCT 124 43 DISTRICT (N124)
Jefferson,N124,pierceb,12/28/2021 09:07:33.312224,0,8,21111-43-PRECINCT 124 43 DISTRICT (N124)
Jefferson,N124,trumpd,12/28/2021 09:07:33.312224,3,8,21111-43-PRECINCT 124 43 DISTRICT (N124)
Jefferson,N124,westk,12/28/2021 09:07:33.312224,0,8,21111-43-PRECINCT 124 43 DISTRICT (N124)
Jefferson,N125,bidenj,12/28/2021 09:07:33.312224,469,786,21111-43-PRECINCT 125 43 DISTRICT (N125)
Jefferson,N125,jorgensenj,12/28/2021 09:07:33.312224,6,786,21111-43-PRECINCT 125 43 DISTRICT (N125)
Jefferson,N125,pierceb,12/28/2021 09:07:33.312224,1,786,21111-43-PRECINCT 125 43 DISTRICT (N125)
Jefferson,N125,trumpd,12/28/2021 09:07:33.312224,308,786,21111-43-PRECINCT 125 43 DISTRICT (N125)
Jefferson,N125,westk,12/28/2021 09:07:33.312224,2,786,21111-43-PRECINCT 125 43 DISTRICT (N125)
Jefferson,N126,bidenj,12/28/2021 09:07:33.312224,257,612,21111-43-PRECINCT 126 43 DISTRICT (N126)
Jefferson,N126,jorgensenj,12/28/2021 09:07:33.312224,6,612,21111-43-PRECINCT 126 43 DISTRICT (N126)
Jefferson,N126,pierceb,12/28/2021 09:07:33.312224,4,612,21111-43-PRECINCT 126 43 DISTRICT (N126)
Jefferson,N126,trumpd,12/28/2021 09:07:33.312224,343,612,21111-43-PRECINCT 126 43 DISTRICT (N126)
Jefferson,N126,westk,12/28/2021 09:07:33.312224,2,612,21111-43-PRECINCT 126 43 DISTRICT (N126)
Jefferson,N127,bidenj,12/28/2021 09:07:33.312224,53,72,21111-43-PRECINCT 127 43 DISTRICT (N127)
Jefferson,N127,jorgensenj,12/28/2021 09:07:33.312224,1,72,21111-43-PRECINCT 127 43 DISTRICT (N127)
Jefferson,N127,pierceb,12/28/2021 09:07:33.312224,0,72,21111-43-PRECINCT 127 43 DISTRICT (N127)
Jefferson,N127,trumpd,12/28/2021 09:07:33.312224,17,72,21111-43-PRECINCT 127 43 DISTRICT (N127)
Jefferson,N127,westk,12/28/2021 09:07:33.312224,1,72,21111-43-PRECINCT 127 43 DISTRICT (N127)
Jefferson,N128,bidenj,12/28/2021 09:07:33.312224,209,271,21111-43-PRECINCT 128 43 DISTRICT (N128)
Jefferson,N128,jorgensenj,12/28/2021 09:07:33.312224,1,271,21111-43-PRECINCT 128 43 DISTRICT (N128)
Jefferson,N128,pierceb,12/28/2021 09:07:33.312224,1,271,21111-43-PRECINCT 128 43 DISTRICT (N128)
Jefferson,N128,trumpd,12/28/2021 09:07:33.312224,55,271,21111-43-PRECINCT 128 43 DISTRICT (N128)
Jefferson,N128,westk,12/28/2021 09:07:33.312224,5,271,21111-43-PRECINCT 128 43 DISTRICT (N128)
Jefferson,N130,bidenj,12/28/2021 09:07:33.312224,599,881,21111-43-PRECINCT 130 43 DISTRICT (N130)
Jefferson,N130,jorgensenj,12/28/2021 09:07:33.312224,12,881,21111-43-PRECINCT 130 43 DISTRICT (N130)
Jefferson,N130,pierceb,12/28/2021 09:07:33.312224,2,881,21111-43-PRECINCT 130 43 DISTRICT (N130)
Jefferson,N130,trumpd,12/28/2021 09:07:33.312224,266,881,21111-43-PRECINCT 130 43 DISTRICT (N130)
Jefferson,N130,westk,12/28/2021 09:07:33.312224,2,881,21111-43-PRECINCT 130 43 DISTRICT (N130)
Jefferson,N131,bidenj,12/28/2021 09:07:33.312224,412,821,21111-43-PRECINCT 131 43 DISTRICT (N131)
Jefferson,N131,jorgensenj,12/28/2021 09:07:33.312224,8,821,21111-43-PRECINCT 131 43 DISTRICT (N131)
Jefferson,N131,pierceb,12/28/2021 09:07:33.312224,1,821,21111-43-PRECINCT 131 43 DISTRICT (N131)
Jefferson,N131,trumpd,12/28/2021 09:07:33.312224,394,821,21111-43-PRECINCT 131 43 DISTRICT (N131)
Jefferson,N131,westk,12/28/2021 09:07:33.312224,6,821,21111-43-PRECINCT 131 43 DISTRICT (N131)
Jefferson,N134,bidenj,12/28/2021 09:07:33.312224,718,909,21111-43-PRECINCT 134 43 DISTRICT (N134)
Jefferson,N134,jorgensenj,12/28/2021 09:07:33.312224,14,909,21111-43-PRECINCT 134 43 DISTRICT (N134)
Jefferson,N134,pierceb,12/28/2021 09:07:33.312224,3,909,21111-43-PRECINCT 134 43 DISTRICT (N134)
Jefferson,N134,trumpd,12/28/2021 09:07:33.312224,164,909,21111-43-PRECINCT 134 43 DISTRICT (N134)
Jefferson,N134,westk,12/28/2021 09:07:33.312224,10,909,21111-43-PRECINCT 134 43 DISTRICT (N134)
Jefferson,N135,bidenj,12/28/2021 09:07:33.312224,156,202,21111-43-PRECINCT 135 43 DISTRICT (N135)
Jefferson,N135,jorgensenj,12/28/2021 09:07:33.312224,4,202,21111-43-PRECINCT 135 43 DISTRICT (N135)
Jefferson,N135,pierceb,12/28/2021 09:07:33.312224,0,202,21111-43-PRECINCT 135 43 DISTRICT (N135)
Jefferson,N135,trumpd,12/28/2021 09:07:33.312224,42,202,21111-43-PRECINCT 135 43 DISTRICT (N135)
Jefferson,N135,westk,12/28/2021 09:07:33.312224,0,202,21111-43-PRECINCT 135 43 DISTRICT (N135)
Jefferson,N136,bidenj,12/28/2021 09:07:33.312224,264,300,21111-43-PRECINCT 136 43 DISTRICT (N136)
Jefferson,N136,jorgensenj,12/28/2021 09:07:33.312224,1,300,21111-43-PRECINCT 136 43 DISTRICT (N136)
Jefferson,N136,pierceb,12/28/2021 09:07:33.312224,0,300,21111-43-PRECINCT 136 43 DISTRICT (N136)
Jefferson,N136,trumpd,12/28/2021 09:07:33.312224,34,300,21111-43-PRECINCT 136 43 DISTRICT (N136)
Jefferson,N136,westk,12/28/2021 09:07:33.312224,1,300,21111-43-PRECINCT 136 43 DISTRICT (N136)
Jefferson,N137,bidenj,12/28/2021 09:07:33.312224,134,139,21111-43-PRECINCT 137 43 DISTRICT (N137)
Jefferson,N137,jorgensenj,12/28/2021 09:07:33.312224,0,139,21111-43-PRECINCT 137 43 DISTRICT (N137)
Jefferson,N137,pierceb,12/28/2021 09:07:33.312224,0,139,21111-43-PRECINCT 137 43 DISTRICT (N137)
Jefferson,N137,trumpd,12/28/2021 09:07:33.312224,5,139,21111-43-PRECINCT 137 43 DISTRICT (N137)
Jefferson,N137,westk,12/28/2021 09:07:33.312224,0,139,21111-43-PRECINCT 137 43 DISTRICT (N137)
Jefferson,N138,bidenj,12/28/2021 09:07:33.312224,47,51,21111-43-PRECINCT 138 43 DISTRICT (N138)
Jefferson,N138,jorgensenj,12/28/2021 09:07:33.312224,0,51,21111-43-PRECINCT 138 43 DISTRICT (N138)
Jefferson,N138,pierceb,12/28/2021 09:07:33.312224,0,51,21111-43-PRECINCT 138 43 DISTRICT (N138)
Jefferson,N138,trumpd,12/28/2021 09:07:33.312224,4,51,21111-43-PRECINCT 138 43 DISTRICT (N138)
Jefferson,N138,westk,12/28/2021 09:07:33.312224,0,51,21111-43-PRECINCT 138 43 DISTRICT (N138)
Jefferson,N139,bidenj,12/28/2021 09:07:33.312224,74,78,21111-43-PRECINCT 139 43 DISTRICT (N139)
Jefferson,N139,jorgensenj,12/28/2021 09:07:33.312224,1,78,21111-43-PRECINCT 139 43 DISTRICT (N139)
Jefferson,N139,pierceb,12/28/2021 09:07:33.312224,0,78,21111-43-PRECINCT 139 43 DISTRICT (N139)
Jefferson,N139,trumpd,12/28/2021 09:07:33.312224,2,78,21111-43-PRECINCT 139 43 DISTRICT (N139)
Jefferson,N139,westk,12/28/2021 09:07:33.312224,1,78,21111-43-PRECINCT 139 43 DISTRICT (N139)
Jefferson,N141,bidenj,12/28/2021 09:07:33.312224,279,537,21111-43-PRECINCT 141 43 DISTRICT (N141)
Jefferson,N141,jorgensenj,12/28/2021 09:07:33.312224,5,537,21111-43-PRECINCT 141 43 DISTRICT (N141)
Jefferson,N141,pierceb,12/28/2021 09:07:33.312224,0,537,21111-43-PRECINCT 141 43 DISTRICT (N141)
Jefferson,N141,trumpd,12/28/2021 09:07:33.312224,250,537,21111-43-PRECINCT 141 43 DISTRICT (N141)
Jefferson,N141,westk,12/28/2021 09:07:33.312224,3,537,21111-43-PRECINCT 141 43 DISTRICT (N141)
Jefferson,N142,bidenj,12/28/2021 09:07:33.312224,645,1044,21111-43-PRECINCT 142 43 DISTRICT (N142)
Jefferson,N142,jorgensenj,12/28/2021 09:07:33.312224,6,1044,21111-43-PRECINCT 142 43 DISTRICT (N142)
Jefferson,N142,pierceb,12/28/2021 09:07:33.312224,2,1044,21111-43-PRECINCT 142 43 DISTRICT (N142)
Jefferson,N142,trumpd,12/28/2021 09:07:33.312224,387,1044,21111-43-PRECINCT 142 43 DISTRICT (N142)
Jefferson,N142,westk,12/28/2021 09:07:33.312224,4,1044,21111-43-PRECINCT 142 43 DISTRICT (N142)
Jefferson,N143,bidenj,12/28/2021 09:07:33.312224,558,1007,21111-43-PRECINCT 143 43 DISTRICT (N143)
Jefferson,N143,jorgensenj,12/28/2021 09:07:33.312224,12,1007,21111-43-PRECINCT 143 43 DISTRICT (N143)
Jefferson,N143,pierceb,12/28/2021 09:07:33.312224,0,1007,21111-43-PRECINCT 143 43 DISTRICT (N143)
Jefferson,N143,trumpd,12/28/2021 09:07:33.312224,432,1007,21111-43-PRECINCT 143 43 DISTRICT (N143)
Jefferson,N143,westk,12/28/2021 09:07:33.312224,5,1007,21111-43-PRECINCT 143 43 DISTRICT (N143)
Jefferson,N144,bidenj,12/28/2021 09:07:33.312224,297,563,21111-43-PRECINCT 144 43 DISTRICT (N144)
Jefferson,N144,jorgensenj,12/28/2021 09:07:33.312224,6,563,21111-43-PRECINCT 144 43 DISTRICT (N144)
Jefferson,N144,pierceb,12/28/2021 09:07:33.312224,0,563,21111-43-PRECINCT 144 43 DISTRICT (N144)
Jefferson,N144,trumpd,12/28/2021 09:07:33.312224,256,563,21111-43-PRECINCT 144 43 DISTRICT (N144)
Jefferson,N144,westk,12/28/2021 09:07:33.312224,4,563,21111-43-PRECINCT 144 43 DISTRICT (N144)
Jefferson,N145,bidenj,12/28/2021 09:07:33.312224,144,155,21111-43-PRECINCT 145 43 DISTRICT (N145)
Jefferson,N145,jorgensenj,12/28/2021 09:07:33.312224,0,155,21111-43-PRECINCT 145 43 DISTRICT (N145)
Jefferson,N145,pierceb,12/28/2021 09:07:33.312224,0,155,21111-43-PRECINCT 145 43 DISTRICT (N145)
Jefferson,N145,trumpd,12/28/2021 09:07:33.312224,6,155,21111-43-PRECINCT 145 43 DISTRICT (N145)
Jefferson,N145,westk,12/28/2021 09:07:33.312224,5,155,21111-43-PRECINCT 145 43 DISTRICT (N145)
Jefferson,N146,bidenj,12/28/2021 09:07:33.312224,328,567,21111-43-PRECINCT 146 43 DISTRICT (N146)
Jefferson,N146,jorgensenj,12/28/2021 09:07:33.312224,4,567,21111-43-PRECINCT 146 43 DISTRICT (N146)
Jefferson,N146,pierceb,12/28/2021 09:07:33.312224,1,567,21111-43-PRECINCT 146 43 DISTRICT (N146)
Jefferson,N146,trumpd,12/28/2021 09:07:33.312224,230,567,21111-43-PRECINCT 146 43 DISTRICT (N146)
Jefferson,N146,westk,12/28/2021 09:07:33.312224,4,567,21111-43-PRECINCT 146 43 DISTRICT (N146)
Jefferson,N147,bidenj,12/28/2021 09:07:33.312224,82,113,21111-43-PRECINCT 147 43 DISTRICT (N147)
Jefferson,N147,jorgensenj,12/28/2021 09:07:33.312224,0,113,21111-43-PRECINCT 147 43 DISTRICT (N147)
Jefferson,N147,pierceb,12/28/2021 09:07:33.312224,0,113,21111-43-PRECINCT 147 43 DISTRICT (N147)
Jefferson,N147,trumpd,12/28/2021 09:07:33.312224,31,113,21111-43-PRECINCT 147 43 DISTRICT (N147)
Jefferson,N147,westk,12/28/2021 09:07:33.312224,0,113,21111-43-PRECINCT 147 43 DISTRICT (N147)
Jefferson,N148,bidenj,12/28/2021 09:07:33.312224,283,295,21111-43-PRECINCT 148 43 DISTRICT (N148)
Jefferson,N148,jorgensenj,12/28/2021 09:07:33.312224,3,295,21111-43-PRECINCT 148 43 DISTRICT (N148)
Jefferson,N148,pierceb,12/28/2021 09:07:33.312224,1,295,21111-43-PRECINCT 148 43 DISTRICT (N148)
Jefferson,N148,trumpd,12/28/2021 09:07:33.312224,6,295,21111-43-PRECINCT 148 43 DISTRICT (N148)
Jefferson,N148,westk,12/28/2021 09:07:33.312224,2,295,21111-43-PRECINCT 148 43 DISTRICT (N148)
Jefferson,N149,bidenj,12/28/2021 09:07:33.312224,117,119,21111-43-PRECINCT 149 43 DISTRICT (N149)
Jefferson,N149,jorgensenj,12/28/2021 09:07:33.312224,0,119,21111-43-PRECINCT 149 43 DISTRICT (N149)
Jefferson,N149,pierceb,12/28/2021 09:07:33.312224,0,119,21111-43-PRECINCT 149 43 DISTRICT (N149)
Jefferson,N149,trumpd,12/28/2021 09:07:33.312224,1,119,21111-43-PRECINCT 149 43 DISTRICT (N149)
Jefferson,N149,westk,12/28/2021 09:07:33.312224,1,119,21111-43-PRECINCT 149 43 DISTRICT (N149)
Jefferson,N150,bidenj,12/28/2021 09:07:33.312224,19,19,21111-43-PRECINCT 150 43 DISTRICT (N150)
Jefferson,N150,jorgensenj,12/28/2021 09:07:33.312224,0,19,21111-43-PRECINCT 150 43 DISTRICT (N150)
Jefferson,N150,pierceb,12/28/2021 09:07:33.312224,0,19,21111-43-PRECINCT 150 43 DISTRICT (N150)
Jefferson,N150,trumpd,12/28/2021 09:07:33.312224,0,19,21111-43-PRECINCT 150 43 DISTRICT (N150)
Jefferson,N150,westk,12/28/2021 09:07:33.312224,0,19,21111-43-PRECINCT 150 43 DISTRICT (N150)
Jefferson,O105,bidenj,12/28/2021 09:07:33.312224,735,901,21111-44-PRECINCT 105 44 DISTRICT (O105)
Jefferson,O105,jorgensenj,12/28/2021 09:07:33.312224,3,901,21111-44-PRECINCT 105 44 DISTRICT (O105)
Jefferson,O105,pierceb,12/28/2021 09:07:33.312224,0,901,21111-44-PRECINCT 105 44 DISTRICT (O105)
Jefferson,O105,trumpd,12/28/2021 09:07:33.312224,158,901,21111-44-PRECINCT 105 44 DISTRICT (O105)
Jefferson,O105,westk,12/28/2021 09:07:33.312224,5,901,21111-44-PRECINCT 105 44 DISTRICT (O105)
Jefferson,O107,bidenj,12/28/2021 09:07:33.312224,1055,1250,21111-44-PRECINCT 107 44 DISTRICT (O107)
Jefferson,O107,jorgensenj,12/28/2021 09:07:33.312224,6,1250,21111-44-PRECINCT 107 44 DISTRICT (O107)
Jefferson,O107,pierceb,12/28/2021 09:07:33.312224,3,1250,21111-44-PRECINCT 107 44 DISTRICT (O107)
Jefferson,O107,trumpd,12/28/2021 09:07:33.312224,179,1250,21111-44-PRECINCT 107 44 DISTRICT (O107)
Jefferson,O107,westk,12/28/2021 09:07:33.312224,7,1250,21111-44-PRECINCT 107 44 DISTRICT (O107)
Jefferson,O109,bidenj,12/28/2021 09:07:33.312224,664,900,21111-44-PRECINCT 109 44 DISTRICT (O109)
Jefferson,O109,jorgensenj,12/28/2021 09:07:33.312224,7,900,21111-44-PRECINCT 109 44 DISTRICT (O109)
Jefferson,O109,pierceb,12/28/2021 09:07:33.312224,2,900,21111-44-PRECINCT 109 44 DISTRICT (O109)
Jefferson,O109,trumpd,12/28/2021 09:07:33.312224,223,900,21111-44-PRECINCT 109 44 DISTRICT (O109)
Jefferson,O109,westk,12/28/2021 09:07:33.312224,4,900,21111-44-PRECINCT 109 44 DISTRICT (O109)
Jefferson,O111,bidenj,12/28/2021 09:07:33.312224,492,707,21111-44-PRECINCT 111 44 DISTRICT (O111)
Jefferson,O111,jorgensenj,12/28/2021 09:07:33.312224,11,707,21111-44-PRECINCT 111 44 DISTRICT (O111)
Jefferson,O111,pierceb,12/28/2021 09:07:33.312224,2,707,21111-44-PRECINCT 111 44 DISTRICT (O111)
Jefferson,O111,trumpd,12/28/2021 09:07:33.312224,199,707,21111-44-PRECINCT 111 44 DISTRICT (O111)
Jefferson,O111,westk,12/28/2021 09:07:33.312224,3,707,21111-44-PRECINCT 111 44 DISTRICT (O111)
Jefferson,O112,bidenj,12/28/2021 09:07:33.312224,298,603,21111-44-PRECINCT 112 44 DISTRICT (O112)
Jefferson,O112,jorgensenj,12/28/2021 09:07:33.312224,5,603,21111-44-PRECINCT 112 44 DISTRICT (O112)
Jefferson,O112,pierceb,12/28/2021 09:07:33.312224,1,603,21111-44-PRECINCT 112 44 DISTRICT (O112)
Jefferson,O112,trumpd,12/28/2021 09:07:33.312224,298,603,21111-44-PRECINCT 112 44 DISTRICT (O112)
Jefferson,O112,westk,12/28/2021 09:07:33.312224,1,603,21111-44-PRECINCT 112 44 DISTRICT (O112)
Jefferson,O113,bidenj,12/28/2021 09:07:33.312224,397,590,21111-44-PRECINCT 113 44 DISTRICT (O113)
Jefferson,O113,jorgensenj,12/28/2021 09:07:33.312224,9,590,21111-44-PRECINCT 113 44 DISTRICT (O113)
Jefferson,O113,pierceb,12/28/2021 09:07:33.312224,0,590,21111-44-PRECINCT 113 44 DISTRICT (O113)
Jefferson,O113,trumpd,12/28/2021 09:07:33.312224,181,590,21111-44-PRECINCT 113 44 DISTRICT (O113)
Jefferson,O113,westk,12/28/2021 09:07:33.312224,3,590,21111-44-PRECINCT 113 44 DISTRICT (O113)
Jefferson,O114,bidenj,12/28/2021 09:07:33.312224,336,692,21111-44-PRECINCT 114 44 DISTRICT (O114)
Jefferson,O114,jorgensenj,12/28/2021 09:07:33.312224,3,692,21111-44-PRECINCT 114 44 DISTRICT (O114)
Jefferson,O114,pierceb,12/28/2021 09:07:33.312224,1,692,21111-44-PRECINCT 114 44 DISTRICT (O114)
Jefferson,O114,trumpd,12/28/2021 09:07:33.312224,352,692,21111-44-PRECINCT 114 44 DISTRICT (O114)
Jefferson,O114,westk,12/28/2021 09:07:33.312224,0,692,21111-44-PRECINCT 114 44 DISTRICT (O114)
Jefferson,O115,bidenj,12/28/2021 09:07:33.312224,422,897,21111-44-PRECINCT 115 44 DISTRICT (O115)
Jefferson,O115,jorgensenj,12/28/2021 09:07:33.312224,7,897,21111-44-PRECINCT 115 44 DISTRICT (O115)
Jefferson,O115,pierceb,12/28/2021 09:07:33.312224,3,897,21111-44-PRECINCT 115 44 DISTRICT (O115)
Jefferson,O115,trumpd,12/28/2021 09:07:33.312224,462,897,21111-44-PRECINCT 115 44 DISTRICT (O115)
Jefferson,O115,westk,12/28/2021 09:07:33.312224,3,897,21111-44-PRECINCT 115 44 DISTRICT (O115)
Jefferson,O117,bidenj,12/28/2021 09:07:33.312224,633,730,21111-44-PRECINCT 117 44 DISTRICT (O117)
Jefferson,O117,jorgensenj,12/28/2021 09:07:33.312224,6,730,21111-44-PRECINCT 117 44 DISTRICT (O117)
Jefferson,O117,pierceb,12/28/2021 09:07:33.312224,0,730,21111-44-PRECINCT 117 44 DISTRICT (O117)
Jefferson,O117,trumpd,12/28/2021 09:07:33.312224,87,730,21111-44-PRECINCT 117 44 DISTRICT (O117)
Jefferson,O117,westk,12/28/2021 09:07:33.312224,4,730,21111-44-PRECINCT 117 44 DISTRICT (O117)
Jefferson,O119,bidenj,12/28/2021 09:07:33.312224,647,764,21111-44-PRECINCT 119 44 DISTRICT (O119)
Jefferson,O119,jorgensenj,12/28/2021 09:07:33.312224,4,764,21111-44-PRECINCT 119 44 DISTRICT (O119)
Jefferson,O119,pierceb,12/28/2021 09:07:33.312224,1,764,21111-44-PRECINCT 119 44 DISTRICT (O119)
Jefferson,O119,trumpd,12/28/2021 09:07:33.312224,107,764,21111-44-PRECINCT 119 44 DISTRICT (O119)
Jefferson,O119,westk,12/28/2021 09:07:33.312224,5,764,21111-44-PRECINCT 119 44 DISTRICT (O119)
Jefferson,O121,bidenj,12/28/2021 09:07:33.312224,521,666,21111-44-PRECINCT 121 44 DISTRICT (O121)
Jefferson,O121,jorgensenj,12/28/2021 09:07:33.312224,6,666,21111-44-PRECINCT 121 44 DISTRICT (O121)
Jefferson,O121,pierceb,12/28/2021 09:07:33.312224,2,666,21111-44-PRECINCT 121 44 DISTRICT (O121)
Jefferson,O121,trumpd,12/28/2021 09:07:33.312224,136,666,21111-44-PRECINCT 121 44 DISTRICT (O121)
Jefferson,O121,westk,12/28/2021 09:07:33.312224,1,666,21111-44-PRECINCT 121 44 DISTRICT (O121)
Jefferson,O123,bidenj,12/28/2021 09:07:33.312224,304,447,21111-44-PRECINCT 123 44 DISTRICT (O123)
Jefferson,O123,jorgensenj,12/28/2021 09:07:33.312224,4,447,21111-44-PRECINCT 123 44 DISTRICT (O123)
Jefferson,O123,pierceb,12/28/2021 09:07:33.312224,0,447,21111-44-PRECINCT 123 44 DISTRICT (O123)
Jefferson,O123,trumpd,12/28/2021 09:07:33.312224,138,447,21111-44-PRECINCT 123 44 DISTRICT (O123)
Jefferson,O123,westk,12/28/2021 09:07:33.312224,1,447,21111-44-PRECINCT 123 44 DISTRICT (O123)
Jefferson,O124,bidenj,12/28/2021 09:07:33.312224,290,508,21111-44-PRECINCT 124 44 DISTRICT (O124)
Jefferson,O124,jorgensenj,12/28/2021 09:07:33.312224,5,508,21111-44-PRECINCT 124 44 DISTRICT (O124)
Jefferson,O124,pierceb,12/28/2021 09:07:33.312224,1,508,21111-44-PRECINCT 124 44 DISTRICT (O124)
Jefferson,O124,trumpd,12/28/2021 09:07:33.312224,209,508,21111-44-PRECINCT 124 44 DISTRICT (O124)
Jefferson,O124,westk,12/28/2021 09:07:33.312224,3,508,21111-44-PRECINCT 124 44 DISTRICT (O124)
Jefferson,O126,bidenj,12/28/2021 09:07:33.312224,391,623,21111-44-PRECINCT 126 44 DISTRICT (O126)
Jefferson,O126,jorgensenj,12/28/2021 09:07:33.312224,7,623,21111-44-PRECINCT 126 44 DISTRICT (O126)
Jefferson,O126,pierceb,12/28/2021 09:07:33.312224,0,623,21111-44-PRECINCT 126 44 DISTRICT (O126)
Jefferson,O126,trumpd,12/28/2021 09:07:33.312224,223,623,21111-44-PRECINCT 126 44 DISTRICT (O126)
Jefferson,O126,westk,12/28/2021 09:07:33.312224,2,623,21111-44-PRECINCT 126 44 DISTRICT (O126)
Jefferson,O127,bidenj,12/28/2021 09:07:33.312224,437,727,21111-44-PRECINCT 127 44 DISTRICT (O127)
Jefferson,O127,jorgensenj,12/28/2021 09:07:33.312224,5,727,21111-44-PRECINCT 127 44 DISTRICT (O127)
Jefferson,O127,pierceb,12/28/2021 09:07:33.312224,2,727,21111-44-PRECINCT 127 44 DISTRICT (O127)
Jefferson,O127,trumpd,12/28/2021 09:07:33.312224,277,727,21111-44-PRECINCT 127 44 DISTRICT (O127)
Jefferson,O127,westk,12/28/2021 09:07:33.312224,6,727,21111-44-PRECINCT 127 44 DISTRICT (O127)
Jefferson,O128,bidenj,12/28/2021 09:07:33.312224,461,896,21111-44-PRECINCT 128 44 DISTRICT (O128)
Jefferson,O128,jorgensenj,12/28/2021 09:07:33.312224,3,896,21111-44-PRECINCT 128 44 DISTRICT (O128)
Jefferson,O128,pierceb,12/28/2021 09:07:33.312224,4,896,21111-44-PRECINCT 128 44 DISTRICT (O128)
Jefferson,O128,trumpd,12/28/2021 09:07:33.312224,422,896,21111-44-PRECINCT 128 44 DISTRICT (O128)
Jefferson,O128,westk,12/28/2021 09:07:33.312224,6,896,21111-44-PRECINCT 128 44 DISTRICT (O128)
Jefferson,O129,bidenj,12/28/2021 09:07:33.312224,532,1062,21111-44-PRECINCT 129 44 DISTRICT (O129)
Jefferson,O129,jorgensenj,12/28/2021 09:07:33.312224,10,1062,21111-44-PRECINCT 129 44 DISTRICT (O129)
Jefferson,O129,pierceb,12/28/2021 09:07:33.312224,6,1062,21111-44-PRECINCT 129 44 DISTRICT (O129)
Jefferson,O129,trumpd,12/28/2021 09:07:33.312224,510,1062,21111-44-PRECINCT 129 44 DISTRICT (O129)
Jefferson,O129,westk,12/28/2021 09:07:33.312224,4,1062,21111-44-PRECINCT 129 44 DISTRICT (O129)
Jefferson,O130,bidenj,12/28/2021 09:07:33.312224,363,704,21111-44-PRECINCT 130 44 DISTRICT (O130)
Jefferson,O130,jorgensenj,12/28/2021 09:07:33.312224,9,704,21111-44-PRECINCT 130 44 DISTRICT (O130)
Jefferson,O130,pierceb,12/28/2021 09:07:33.312224,1,704,21111-44-PRECINCT 130 44 DISTRICT (O130)
Jefferson,O130,trumpd,12/28/2021 09:07:33.312224,330,704,21111-44-PRECINCT 130 44 DISTRICT (O130)
Jefferson,O130,westk,12/28/2021 09:07:33.312224,1,704,21111-44-PRECINCT 130 44 DISTRICT (O130)
Jefferson,O131,bidenj,12/28/2021 09:07:33.312224,286,562,21111-44-PRECINCT 131 44 DISTRICT (O131)
Jefferson,O131,jorgensenj,12/28/2021 09:07:33.312224,11,562,21111-44-PRECINCT 131 44 DISTRICT (O131)
Jefferson,O131,pierceb,12/28/2021 09:07:33.312224,1,562,21111-44-PRECINCT 131 44 DISTRICT (O131)
Jefferson,O131,trumpd,12/28/2021 09:07:33.312224,262,562,21111-44-PRECINCT 131 44 DISTRICT (O131)
Jefferson,O131,westk,12/28/2021 09:07:33.312224,2,562,21111-44-PRECINCT 131 44 DISTRICT (O131)
Jefferson,O133,bidenj,12/28/2021 09:07:33.312224,405,948,21111-44-PRECINCT 133 44 DISTRICT (O133)
Jefferson,O133,jorgensenj,12/28/2021 09:07:33.312224,15,948,21111-44-PRECINCT 133 44 DISTRICT (O133)
Jefferson,O133,pierceb,12/28/2021 09:07:33.312224,2,948,21111-44-PRECINCT 133 44 DISTRICT (O133)
Jefferson,O133,trumpd,12/28/2021 09:07:33.312224,525,948,21111-44-PRECINCT 133 44 DISTRICT (O133)
Jefferson,O133,westk,12/28/2021 09:07:33.312224,1,948,21111-44-PRECINCT 133 44 DISTRICT (O133)
Jefferson,O134,bidenj,12/28/2021 09:07:33.312224,402,1104,21111-44-PRECINCT 134 44 DISTRICT (O134)
Jefferson,O134,jorgensenj,12/28/2021 09:07:33.312224,13,1104,21111-44-PRECINCT 134 44 DISTRICT (O134)
Jefferson,O134,pierceb,12/28/2021 09:07:33.312224,7,1104,21111-44-PRECINCT 134 44 DISTRICT (O134)
Jefferson,O134,trumpd,12/28/2021 09:07:33.312224,676,1104,21111-44-PRECINCT 134 44 DISTRICT (O134)
Jefferson,O134,westk,12/28/2021 09:07:33.312224,6,1104,21111-44-PRECINCT 134 44 DISTRICT (O134)
Jefferson,O135,bidenj,12/28/2021 09:07:33.312224,292,654,21111-44-PRECINCT 135 44 DISTRICT (O135)
Jefferson,O135,jorgensenj,12/28/2021 09:07:33.312224,6,654,21111-44-PRECINCT 135 44 DISTRICT (O135)
Jefferson,O135,pierceb,12/28/2021 09:07:33.312224,1,654,21111-44-PRECINCT 135 44 DISTRICT (O135)
Jefferson,O135,trumpd,12/28/2021 09:07:33.312224,353,654,21111-44-PRECINCT 135 44 DISTRICT (O135)
Jefferson,O135,westk,12/28/2021 09:07:33.312224,2,654,21111-44-PRECINCT 135 44 DISTRICT (O135)
Jefferson,O136,bidenj,12/28/2021 09:07:33.312224,269,573,21111-44-PRECINCT 136 44 DISTRICT (O136)
Jefferson,O136,jorgensenj,12/28/2021 09:07:33.312224,7,573,21111-44-PRECINCT 136 44 DISTRICT (O136)
Jefferson,O136,pierceb,12/28/2021 09:07:33.312224,1,573,21111-44-PRECINCT 136 44 DISTRICT (O136)
Jefferson,O136,trumpd,12/28/2021 09:07:33.312224,293,573,21111-44-PRECINCT 136 44 DISTRICT (O136)
Jefferson,O136,westk,12/28/2021 09:07:33.312224,3,573,21111-44-PRECINCT 136 44 DISTRICT (O136)
Jefferson,O137,bidenj,12/28/2021 09:07:33.312224,546,1098,21111-44-PRECINCT 137 44 DISTRICT (O137)
Jefferson,O137,jorgensenj,12/28/2021 09:07:33.312224,8,1098,21111-44-PRECINCT 137 44 DISTRICT (O137)
Jefferson,O137,pierceb,12/28/2021 09:07:33.312224,2,1098,21111-44-PRECINCT 137 44 DISTRICT (O137)
Jefferson,O137,trumpd,12/28/2021 09:07:33.312224,541,1098,21111-44-PRECINCT 137 44 DISTRICT (O137)
Jefferson,O137,westk,12/28/2021 09:07:33.312224,1,1098,21111-44-PRECINCT 137 44 DISTRICT (O137)
Jefferson,O138,bidenj,12/28/2021 09:07:33.312224,142,306,21111-44-PRECINCT 138 44 DISTRICT (O138)
Jefferson,O138,jorgensenj,12/28/2021 09:07:33.312224,5,306,21111-44-PRECINCT 138 44 DISTRICT (O138)
Jefferson,O138,pierceb,12/28/2021 09:07:33.312224,0,306,21111-44-PRECINCT 138 44 DISTRICT (O138)
Jefferson,O138,trumpd,12/28/2021 09:07:33.312224,157,306,21111-44-PRECINCT 138 44 DISTRICT (O138)
Jefferson,O138,westk,12/28/2021 09:07:33.312224,2,306,21111-44-PRECINCT 138 44 DISTRICT (O138)
Jefferson,O139,bidenj,12/28/2021 09:07:33.312224,23,59,21111-44-PRECINCT 139 44 DISTRICT (O139)
Jefferson,O139,jorgensenj,12/28/2021 09:07:33.312224,4,59,21111-44-PRECINCT 139 44 DISTRICT (O139)
Jefferson,O139,pierceb,12/28/2021 09:07:33.312224,0,59,21111-44-PRECINCT 139 44 DISTRICT (O139)
Jefferson,O139,trumpd,12/28/2021 09:07:33.312224,31,59,21111-44-PRECINCT 139 44 DISTRICT (O139)
Jefferson,O139,westk,12/28/2021 09:07:33.312224,1,59,21111-44-PRECINCT 139 44 DISTRICT (O139)
Jefferson,O141,bidenj,12/28/2021 09:07:33.312224,0,0,
Jefferson,O141,jorgensenj,12/28/2021 09:07:33.312224,0,0,
Jefferson,O141,pierceb,12/28/2021 09:07:33.312224,0,0,
Jefferson,O141,trumpd,12/28/2021 09:07:33.312224,0,0,
Jefferson,O141,westk,12/28/2021 09:07:33.312224,0,0,
Jefferson,O142,bidenj,12/28/2021 09:07:33.312224,176,458,21111-44-PRECINCT 142 44 DISTRICT (O142)
Jefferson,O142,jorgensenj,12/28/2021 09:07:33.312224,8,458,21111-44-PRECINCT 142 44 DISTRICT (O142)
Jefferson,O142,pierceb,12/28/2021 09:07:33.312224,4,458,21111-44-PRECINCT 142 44 DISTRICT (O142)
Jefferson,O142,trumpd,12/28/2021 09:07:33.312224,269,458,21111-44-PRECINCT 142 44 DISTRICT (O142)
Jefferson,O142,westk,12/28/2021 09:07:33.312224,1,458,21111-44-PRECINCT 142 44 DISTRICT (O142)
Jefferson,O143,bidenj,12/28/2021 09:07:33.312224,9,20,21111-44-PRECINCT 143 44 DISTRICT (O143)
Jefferson,O143,jorgensenj,12/28/2021 09:07:33.312224,0,20,21111-44-PRECINCT 143 44 DISTRICT (O143)
Jefferson,O143,pierceb,12/28/2021 09:07:33.312224,0,20,21111-44-PRECINCT 143 44 DISTRICT (O143)
Jefferson,O143,trumpd,12/28/2021 09:07:33.312224,10,20,21111-44-PRECINCT 143 44 DISTRICT (O143)
Jefferson,O143,westk,12/28/2021 09:07:33.312224,1,20,21111-44-PRECINCT 143 44 DISTRICT (O143)
Jefferson,Q101,bidenj,12/28/2021 09:07:33.312224,671,1049,21111-46-PRECINCT 101 46 DISTRICT (Q101)
Jefferson,Q101,jorgensenj,12/28/2021 09:07:33.312224,10,1049,21111-46-PRECINCT 101 46 DISTRICT (Q101)
Jefferson,Q101,pierceb,12/28/2021 09:07:33.312224,4,1049,21111-46-PRECINCT 101 46 DISTRICT (Q101)
Jefferson,Q101,trumpd,12/28/2021 09:07:33.312224,359,1049,21111-46-PRECINCT 101 46 DISTRICT (Q101)
Jefferson,Q101,westk,12/28/2021 09:07:33.312224,5,1049,21111-46-PRECINCT 101 46 DISTRICT (Q101)
Jefferson,Q103,bidenj,12/28/2021 09:07:33.312224,587,1043,21111-46-PRECINCT 103 46 DISTRICT (Q103)
Jefferson,Q103,jorgensenj,12/28/2021 09:07:33.312224,20,1043,21111-46-PRECINCT 103 46 DISTRICT (Q103)
Jefferson,Q103,pierceb,12/28/2021 09:07:33.312224,1,1043,21111-46-PRECINCT 103 46 DISTRICT (Q103)
Jefferson,Q103,trumpd,12/28/2021 09:07:33.312224,434,1043,21111-46-PRECINCT 103 46 DISTRICT (Q103)
Jefferson,Q103,westk,12/28/2021 09:07:33.312224,1,1043,21111-46-PRECINCT 103 46 DISTRICT (Q103)
Jefferson,Q104,bidenj,12/28/2021 09:07:33.312224,251,360,21111-46-PRECINCT 104 46 DISTRICT (Q104)
Jefferson,Q104,jorgensenj,12/28/2021 09:07:33.312224,3,360,21111-46-PRECINCT 104 46 DISTRICT (Q104)
Jefferson,Q104,pierceb,12/28/2021 09:07:33.312224,0,360,21111-46-PRECINCT 104 46 DISTRICT (Q104)
Jefferson,Q104,trumpd,12/28/2021 09:07:33.312224,103,360,21111-46-PRECINCT 104 46 DISTRICT (Q104)
Jefferson,Q104,westk,12/28/2021 09:07:33.312224,3,360,21111-46-PRECINCT 104 46 DISTRICT (Q104)
Jefferson,Q105,bidenj,12/28/2021 09:07:33.312224,759,1311,21111-46-PRECINCT 105 46 DISTRICT (Q105)
Jefferson,Q105,jorgensenj,12/28/2021 09:07:33.312224,16,1311,21111-46-PRECINCT 105 46 DISTRICT (Q105)
Jefferson,Q105,pierceb,12/28/2021 09:07:33.312224,4,1311,21111-46-PRECINCT 105 46 DISTRICT (Q105)
Jefferson,Q105,trumpd,12/28/2021 09:07:33.312224,526,1311,21111-46-PRECINCT 105 46 DISTRICT (Q105)
Jefferson,Q105,westk,12/28/2021 09:07:33.312224,6,1311,21111-46-PRECINCT 105 46 DISTRICT (Q105)
Jefferson,Q107,bidenj,12/28/2021 09:07:33.312224,641,1044,21111-46-PRECINCT 107 46 DISTRICT (Q107)
Jefferson,Q107,jorgensenj,12/28/2021 09:07:33.312224,13,1044,21111-46-PRECINCT 107 46 DISTRICT (Q107)
Jefferson,Q107,pierceb,12/28/2021 09:07:33.312224,2,1044,21111-46-PRECINCT 107 46 DISTRICT (Q107)
Jefferson,Q107,trumpd,12/28/2021 09:07:33.312224,384,1044,21111-46-PRECINCT 107 46 DISTRICT (Q107)
Jefferson,Q107,westk,12/28/2021 09:07:33.312224,4,1044,21111-46-PRECINCT 107 46 DISTRICT (Q107)
Jefferson,Q109,bidenj,12/28/2021 09:07:33.312224,575,1166,21111-46-PRECINCT 109 46 DISTRICT (Q109)
Jefferson,Q109,jorgensenj,12/28/2021 09:07:33.312224,7,1166,21111-46-PRECINCT 109 46 DISTRICT (Q109)
Jefferson,Q109,pierceb,12/28/2021 09:07:33.312224,4,1166,21111-46-PRECINCT 109 46 DISTRICT (Q109)
Jefferson,Q109,trumpd,12/28/2021 09:07:33.312224,579,1166,21111-46-PRECINCT 109 46 DISTRICT (Q109)
Jefferson,Q109,westk,12/28/2021 09:07:33.312224,1,1166,21111-46-PRECINCT 109 46 DISTRICT (Q109)
Jefferson,Q112,bidenj,12/28/2021 09:07:33.312224,360,855,21111-46-PRECINCT 112 46 DISTRICT (Q112)
Jefferson,Q112,jorgensenj,12/28/2021 09:07:33.312224,10,855,21111-46-PRECINCT 112 46 DISTRICT (Q112)
Jefferson,Q112,pierceb,12/28/2021 09:07:33.312224,0,855,21111-46-PRECINCT 112 46 DISTRICT (Q112)
Jefferson,Q112,trumpd,12/28/2021 09:07:33.312224,485,855,21111-46-PRECINCT 112 46 DISTRICT (Q112)
Jefferson,Q112,westk,12/28/2021 09:07:33.312224,0,855,21111-46-PRECINCT 112 46 DISTRICT (Q112)
Jefferson,Q113,bidenj,12/28/2021 09:07:33.312224,149,420,21111-46-PRECINCT 113 46 DISTRICT (Q113)
Jefferson,Q113,jorgensenj,12/28/2021 09:07:33.312224,6,420,21111-46-PRECINCT 113 46 DISTRICT (Q113)
Jefferson,Q113,pierceb,12/28/2021 09:07:33.312224,0,420,21111-46-PRECINCT 113 46 DISTRICT (Q113)
Jefferson,Q113,trumpd,12/28/2021 09:07:33.312224,265,420,21111-46-PRECINCT 113 46 DISTRICT (Q113)
Jefferson,Q113,westk,12/28/2021 09:07:33.312224,0,420,21111-46-PRECINCT 113 46 DISTRICT (Q113)
Jefferson,Q114,bidenj,12/28/2021 09:07:33.312224,397,936,21111-46-PRECINCT 114 46 DISTRICT (Q114)
Jefferson,Q114,jorgensenj,12/28/2021 09:07:33.312224,16,936,21111-46-PRECINCT 114 46 DISTRICT (Q114)
Jefferson,Q114,pierceb,12/28/2021 09:07:33.312224,0,936,21111-46-PRECINCT 114 46 DISTRICT (Q114)
Jefferson,Q114,trumpd,12/28/2021 09:07:33.312224,522,936,21111-46-PRECINCT 114 46 DISTRICT (Q114)
Jefferson,Q114,westk,12/28/2021 09:07:33.312224,1,936,21111-46-PRECINCT 114 46 DISTRICT (Q114)
Jefferson,Q115,bidenj,12/28/2021 09:07:33.312224,453,928,21111-46-PRECINCT 115 46 DISTRICT (Q115)
Jefferson,Q115,jorgensenj,12/28/2021 09:07:33.312224,18,928,21111-46-PRECINCT 115 46 DISTRICT (Q115)
Jefferson,Q115,pierceb,12/28/2021 09:07:33.312224,2,928,21111-46-PRECINCT 115 46 DISTRICT (Q115)
Jefferson,Q115,trumpd,12/28/2021 09:07:33.312224,451,928,21111-46-PRECINCT 115 46 DISTRICT (Q115)
Jefferson,Q115,westk,12/28/2021 09:07:33.312224,4,928,21111-46-PRECINCT 115 46 DISTRICT (Q115)
Jefferson,Q116,bidenj,12/28/2021 09:07:33.312224,414,872,21111-46-PRECINCT 116 46 DISTRICT (Q116)
Jefferson,Q116,jorgensenj,12/28/2021 09:07:33.312224,10,872,21111-46-PRECINCT 116 46 DISTRICT (Q116)
Jefferson,Q116,pierceb,12/28/2021 09:07:33.312224,2,872,21111-46-PRECINCT 116 46 DISTRICT (Q116)
Jefferson,Q116,trumpd,12/28/2021 09:07:33.312224,444,872,21111-46-PRECINCT 116 46 DISTRICT (Q116)
Jefferson,Q116,westk,12/28/2021 09:07:33.312224,2,872,21111-46-PRECINCT 116 46 DISTRICT (Q116)
Jefferson,Q117,bidenj,12/28/2021 09:07:33.312224,345,834,21111-46-PRECINCT 117 46 DISTRICT (Q117)
Jefferson,Q117,jorgensenj,12/28/2021 09:07:33.312224,12,834,21111-46-PRECINCT 117 46 DISTRICT (Q117)
Jefferson,Q117,pierceb,12/28/2021 09:07:33.312224,2,834,21111-46-PRECINCT 117 46 DISTRICT (Q117)
Jefferson,Q117,trumpd,12/28/2021 09:07:33.312224,469,834,21111-46-PRECINCT 117 46 DISTRICT (Q117)
Jefferson,Q117,westk,12/28/2021 09:07:33.312224,6,834,21111-46-PRECINCT 117 46 DISTRICT (Q117)
Jefferson,Q119,bidenj,12/28/2021 09:07:33.312224,461,1053,21111-46-PRECINCT 119 46 DISTRICT (Q119)
Jefferson,Q119,jorgensenj,12/28/2021 09:07:33.312224,10,1053,21111-46-PRECINCT 119 46 DISTRICT (Q119)
Jefferson,Q119,pierceb,12/28/2021 09:07:33.312224,3,1053,21111-46-PRECINCT 119 46 DISTRICT (Q119)
Jefferson,Q119,trumpd,12/28/2021 09:07:33.312224,574,1053,21111-46-PRECINCT 119 46 DISTRICT (Q119)
Jefferson,Q119,westk,12/28/2021 09:07:33.312224,5,1053,21111-46-PRECINCT 119 46 DISTRICT (Q119)
Jefferson,Q122,bidenj,12/28/2021 09:07:33.312224,511,628,21111-46-PRECINCT 122 46 DISTRICT (Q122)
Jefferson,Q122,jorgensenj,12/28/2021 09:07:33.312224,3,628,21111-46-PRECINCT 122 46 DISTRICT (Q122)
Jefferson,Q122,pierceb,12/28/2021 09:07:33.312224,1,628,21111-46-PRECINCT 122 46 DISTRICT (Q122)
Jefferson,Q122,trumpd,12/28/2021 09:07:33.312224,107,628,21111-46-PRECINCT 122 46 DISTRICT (Q122)
Jefferson,Q122,westk,12/28/2021 09:07:33.312224,6,628,21111-46-PRECINCT 122 46 DISTRICT (Q122)
Jefferson,Q123,bidenj,12/28/2021 09:07:33.312224,764,845,21111-46-PRECINCT 123 46 DISTRICT (Q123)
Jefferson,Q123,jorgensenj,12/28/2021 09:07:33.312224,4,845,21111-46-PRECINCT 123 46 DISTRICT (Q123)
Jefferson,Q123,pierceb,12/28/2021 09:07:33.312224,4,845,21111-46-PRECINCT 123 46 DISTRICT (Q123)
Jefferson,Q123,trumpd,12/28/2021 09:07:33.312224,67,845,21111-46-PRECINCT 123 46 DISTRICT (Q123)
Jefferson,Q123,westk,12/28/2021 09:07:33.312224,6,845,21111-46-PRECINCT 123 46 DISTRICT (Q123)
Jefferson,Q124,bidenj,12/28/2021 09:07:33.312224,449,608,21111-46-PRECINCT 124 46 DISTRICT (Q124)
Jefferson,Q124,jorgensenj,12/28/2021 09:07:33.312224,7,608,21111-46-PRECINCT 124 46 DISTRICT (Q124)
Jefferson,Q124,pierceb,12/28/2021 09:07:33.312224,2,608,21111-46-PRECINCT 124 46 DISTRICT (Q124)
Jefferson,Q124,trumpd,12/28/2021 09:07:33.312224,147,608,21111-46-PRECINCT 124 46 DISTRICT (Q124)
Jefferson,Q124,westk,12/28/2021 09:07:33.312224,3,608,21111-46-PRECINCT 124 46 DISTRICT (Q124)
Jefferson,Q125,bidenj,12/28/2021 09:07:33.312224,705,1442,21111-46-PRECINCT 125 46 DISTRICT (Q125)
Jefferson,Q125,jorgensenj,12/28/2021 09:07:33.312224,25,1442,21111-46-PRECINCT 125 46 DISTRICT (Q125)
Jefferson,Q125,pierceb,12/28/2021 09:07:33.312224,3,1442,21111-46-PRECINCT 125 46 DISTRICT (Q125)
Jefferson,Q125,trumpd,12/28/2021 09:07:33.312224,699,1442,21111-46-PRECINCT 125 46 DISTRICT (Q125)
Jefferson,Q125,westk,12/28/2021 09:07:33.312224,10,1442,21111-46-PRECINCT 125 46 DISTRICT (Q125)
Jefferson,Q126,bidenj,12/28/2021 09:07:33.312224,160,461,21111-46-PRECINCT 126 46 DISTRICT (Q126)
Jefferson,Q126,jorgensenj,12/28/2021 09:07:33.312224,9,461,21111-46-PRECINCT 126 46 DISTRICT (Q126)
Jefferson,Q126,pierceb,12/28/2021 09:07:33.312224,1,461,21111-46-PRECINCT 126 46 DISTRICT (Q126)
Jefferson,Q126,trumpd,12/28/2021 09:07:33.312224,290,461,21111-46-PRECINCT 126 46 DISTRICT (Q126)
Jefferson,Q126,westk,12/28/2021 09:07:33.312224,1,461,21111-46-PRECINCT 126 46 DISTRICT (Q126)
Jefferson,Q127,bidenj,12/28/2021 09:07:33.312224,249,415,21111-46-PRECINCT 127 46 DISTRICT (Q127)
Jefferson,Q127,jorgensenj,12/28/2021 09:07:33.312224,3,415,21111-46-PRECINCT 127 46 DISTRICT (Q127)
Jefferson,Q127,pierceb,12/28/2021 09:07:33.312224,0,415,21111-46-PRECINCT 127 46 DISTRICT (Q127)
Jefferson,Q127,trumpd,12/28/2021 09:07:33.312224,163,415,21111-46-PRECINCT 127 46 DISTRICT (Q127)
Jefferson,Q127,westk,12/28/2021 09:07:33.312224,0,415,21111-46-PRECINCT 127 46 DISTRICT (Q127)
Jefferson,Q131,bidenj,12/28/2021 09:07:33.312224,192,428,21111-46-PRECINCT 131 46 DISTRICT (Q131)
Jefferson,Q131,jorgensenj,12/28/2021 09:07:33.312224,5,428,21111-46-PRECINCT 131 46 DISTRICT (Q131)
Jefferson,Q131,pierceb,12/28/2021 09:07:33.312224,1,428,21111-46-PRECINCT 131 46 DISTRICT (Q131)
Jefferson,Q131,trumpd,12/28/2021 09:07:33.312224,229,428,21111-46-PRECINCT 131 46 DISTRICT (Q131)
Jefferson,Q131,westk,12/28/2021 09:07:33.312224,1,428,21111-46-PRECINCT 131 46 DISTRICT (Q131)
Jefferson,Q132,bidenj,12/28/2021 09:07:33.312224,271,534,21111-46-PRECINCT 132 46 DISTRICT (Q132)
Jefferson,Q132,jorgensenj,12/28/2021 09:07:33.312224,3,534,21111-46-PRECINCT 132 46 DISTRICT (Q132)
Jefferson,Q132,pierceb,12/28/2021 09:07:33.312224,3,534,21111-46-PRECINCT 132 46 DISTRICT (Q132)
Jefferson,Q132,trumpd,12/28/2021 09:07:33.312224,255,534,21111-46-PRECINCT 132 46 DISTRICT (Q132)
Jefferson,Q132,westk,12/28/2021 09:07:33.312224,2,534,21111-46-PRECINCT 132 46 DISTRICT (Q132)
Jefferson,Q134,bidenj,12/28/2021 09:07:33.312224,407,560,21111-46-PRECINCT 134 46 DISTRICT (Q134)
Jefferson,Q134,jorgensenj,12/28/2021 09:07:33.312224,5,560,21111-46-PRECINCT 134 46 DISTRICT (Q134)
Jefferson,Q134,pierceb,12/28/2021 09:07:33.312224,0,560,21111-46-PRECINCT 134 46 DISTRICT (Q134)
Jefferson,Q134,trumpd,12/28/2021 09:07:33.312224,146,560,21111-46-PRECINCT 134 46 DISTRICT (Q134)
Jefferson,Q134,westk,12/28/2021 09:07:33.312224,2,560,21111-46-PRECINCT 134 46 DISTRICT (Q134)
Jefferson,Q136,bidenj,12/28/2021 09:07:33.312224,144,251,21111-46-PRECINCT 136 46 DISTRICT (Q136)
Jefferson,Q136,jorgensenj,12/28/2021 09:07:33.312224,4,251,21111-46-PRECINCT 136 46 DISTRICT (Q136)
Jefferson,Q136,pierceb,12/28/2021 09:07:33.312224,1,251,21111-46-PRECINCT 136 46 DISTRICT (Q136)
Jefferson,Q136,trumpd,12/28/2021 09:07:33.312224,102,251,21111-46-PRECINCT 136 46 DISTRICT (Q136)
Jefferson,Q136,westk,12/28/2021 09:07:33.312224,0,251,21111-46-PRECINCT 136 46 DISTRICT (Q136)
Jefferson,Q137,bidenj,12/28/2021 09:07:33.312224,442,754,21111-46-PRECINCT 137 46 DISTRICT (Q137)
Jefferson,Q137,jorgensenj,12/28/2021 09:07:33.312224,14,754,21111-46-PRECINCT 137 46 DISTRICT (Q137)
Jefferson,Q137,pierceb,12/28/2021 09:07:33.312224,1,754,21111-46-PRECINCT 137 46 DISTRICT (Q137)
Jefferson,Q137,trumpd,12/28/2021 09:07:33.312224,292,754,21111-46-PRECINCT 137 46 DISTRICT (Q137)
Jefferson,Q137,westk,12/28/2021 09:07:33.312224,5,754,21111-46-PRECINCT 137 46 DISTRICT (Q137)
Jefferson,Q138,bidenj,12/28/2021 09:07:33.312224,339,516,21111-46-PRECINCT 138 46 DISTRICT (Q138)
Jefferson,Q138,jorgensenj,12/28/2021 09:07:33.312224,14,516,21111-46-PRECINCT 138 46 DISTRICT (Q138)
Jefferson,Q138,pierceb,12/28/2021 09:07:33.312224,1,516,21111-46-PRECINCT 138 46 DISTRICT (Q138)
Jefferson,Q138,trumpd,12/28/2021 09:07:33.312224,156,516,21111-46-PRECINCT 138 46 DISTRICT (Q138)
Jefferson,Q138,westk,12/28/2021 09:07:33.312224,6,516,21111-46-PRECINCT 138 46 DISTRICT (Q138)
Jefferson,Q139,bidenj,12/28/2021 09:07:33.312224,150,367,21111-46-PRECINCT 139 46 DISTRICT (Q139)
Jefferson,Q139,jorgensenj,12/28/2021 09:07:33.312224,6,367,21111-46-PRECINCT 139 46 DISTRICT (Q139)
Jefferson,Q139,pierceb,12/28/2021 09:07:33.312224,1,367,21111-46-PRECINCT 139 46 DISTRICT (Q139)
Jefferson,Q139,trumpd,12/28/2021 09:07:33.312224,207,367,21111-46-PRECINCT 139 46 DISTRICT (Q139)
Jefferson,Q139,westk,12/28/2021 09:07:33.312224,3,367,21111-46-PRECINCT 139 46 DISTRICT (Q139)
Jefferson,S116,bidenj,12/28/2021 09:07:33.312224,401,868,21111-48-PRECINCT 116 48 DISTRICT (S116)
Jefferson,S116,jorgensenj,12/28/2021 09:07:33.312224,13,868,21111-48-PRECINCT 116 48 DISTRICT (S116)
Jefferson,S116,pierceb,12/28/2021 09:07:33.312224,2,868,21111-48-PRECINCT 116 48 DISTRICT (S116)
Jefferson,S116,trumpd,12/28/2021 09:07:33.312224,444,868,21111-48-PRECINCT 116 48 DISTRICT (S116)
Jefferson,S116,westk,12/28/2021 09:07:33.312224,8,868,21111-48-PRECINCT 116 48 DISTRICT (S116)
Jefferson,S118,bidenj,12/28/2021 09:07:33.312224,576,985,21111-48-PRECINCT 118 48 DISTRICT (S118)
Jefferson,S118,jorgensenj,12/28/2021 09:07:33.312224,15,985,21111-48-PRECINCT 118 48 DISTRICT (S118)
Jefferson,S118,pierceb,12/28/2021 09:07:33.312224,1,985,21111-48-PRECINCT 118 48 DISTRICT (S118)
Jefferson,S118,trumpd,12/28/2021 09:07:33.312224,393,985,21111-48-PRECINCT 118 48 DISTRICT (S118)
Jefferson,S118,westk,12/28/2021 09:07:33.312224,0,985,21111-48-PRECINCT 118 48 DISTRICT (S118)
Jefferson,S119,bidenj,12/28/2021 09:07:33.312224,675,1078,21111-48-PRECINCT 119 48 DISTRICT (S119)
Jefferson,S119,jorgensenj,12/28/2021 09:07:33.312224,14,1078,21111-48-PRECINCT 119 48 DISTRICT (S119)
Jefferson,S119,pierceb,12/28/2021 09:07:33.312224,4,1078,21111-48-PRECINCT 119 48 DISTRICT (S119)
Jefferson,S119,trumpd,12/28/2021 09:07:33.312224,384,1078,21111-48-PRECINCT 119 48 DISTRICT (S119)
Jefferson,S119,westk,12/28/2021 09:07:33.312224,1,1078,21111-48-PRECINCT 119 48 DISTRICT (S119)
Jefferson,S125,bidenj,12/28/2021 09:07:33.312224,742,1355,21111-48-PRECINCT 125 48 DISTRICT (S125)
Jefferson,S125,jorgensenj,12/28/2021 09:07:33.312224,13,1355,21111-48-PRECINCT 125 48 DISTRICT (S125)
Jefferson,S125,pierceb,12/28/2021 09:07:33.312224,1,1355,21111-48-PRECINCT 125 48 DISTRICT (S125)
Jefferson,S125,trumpd,12/28/2021 09:07:33.312224,596,1355,21111-48-PRECINCT 125 48 DISTRICT (S125)
Jefferson,S125,westk,12/28/2021 09:07:33.312224,3,1355,21111-48-PRECINCT 125 48 DISTRICT (S125)
Jefferson,S126,bidenj,12/28/2021 09:07:33.312224,469,942,21111-48-PRECINCT 126 48 DISTRICT (S126)
Jefferson,S126,jorgensenj,12/28/2021 09:07:33.312224,10,942,21111-48-PRECINCT 126 48 DISTRICT (S126)
Jefferson,S126,pierceb,12/28/2021 09:07:33.312224,1,942,21111-48-PRECINCT 126 48 DISTRICT (S126)
Jefferson,S126,trumpd,12/28/2021 09:07:33.312224,460,942,21111-48-PRECINCT 126 48 DISTRICT (S126)
Jefferson,S126,westk,12/28/2021 09:07:33.312224,2,942,21111-48-PRECINCT 126 48 DISTRICT (S126)
Jefferson,S128,bidenj,12/28/2021 09:07:33.312224,384,707,21111-48-PRECINCT 128 48 DISTRICT (S128)
Jefferson,S128,jorgensenj,12/28/2021 09:07:33.312224,6,707,21111-48-PRECINCT 128 48 DISTRICT (S128)
Jefferson,S128,pierceb,12/28/2021 09:07:33.312224,0,707,21111-48-PRECINCT 128 48 DISTRICT (S128)
Jefferson,S128,trumpd,12/28/2021 09:07:33.312224,314,707,21111-48-PRECINCT 128 48 DISTRICT (S128)
Jefferson,S128,westk,12/28/2021 09:07:33.312224,3,707,21111-48-PRECINCT 128 48 DISTRICT (S128)
Jefferson,S129,bidenj,12/28/2021 09:07:33.312224,469,860,21111-48-PRECINCT 129 48 DISTRICT (S129)
Jefferson,S129,jorgensenj,12/28/2021 09:07:33.312224,8,860,21111-48-PRECINCT 129 48 DISTRICT (S129)
Jefferson,S129,pierceb,12/28/2021 09:07:33.312224,2,860,21111-48-PRECINCT 129 48 DISTRICT (S129)
Jefferson,S129,trumpd,12/28/2021 09:07:33.312224,378,860,21111-48-PRECINCT 129 48 DISTRICT (S129)
Jefferson,S129,westk,12/28/2021 09:07:33.312224,3,860,21111-48-PRECINCT 129 48 DISTRICT (S129)
Jefferson,S130,bidenj,12/28/2021 09:07:33.312224,403,815,21111-48-PRECINCT 130 48 DISTRICT (S130)
Jefferson,S130,jorgensenj,12/28/2021 09:07:33.312224,5,815,21111-48-PRECINCT 130 48 DISTRICT (S130)
Jefferson,S130,pierceb,12/28/2021 09:07:33.312224,0,815,21111-48-PRECINCT 130 48 DISTRICT (S130)
Jefferson,S130,trumpd,12/28/2021 09:07:33.312224,403,815,21111-48-PRECINCT 130 48 DISTRICT (S130)
Jefferson,S130,westk,12/28/2021 09:07:33.312224,4,815,21111-48-PRECINCT 130 48 DISTRICT (S130)
Jefferson,S131,bidenj,12/28/2021 09:07:33.312224,556,843,21111-48-PRECINCT 131 48 DISTRICT (S131)
Jefferson,S131,jorgensenj,12/28/2021 09:07:33.312224,13,843,21111-48-PRECINCT 131 48 DISTRICT (S131)
Jefferson,S131,pierceb,12/28/2021 09:07:33.312224,2,843,21111-48-PRECINCT 131 48 DISTRICT (S131)
Jefferson,S131,trumpd,12/28/2021 09:07:33.312224,265,843,21111-48-PRECINCT 131 48 DISTRICT (S131)
Jefferson,S131,westk,12/28/2021 09:07:33.312224,7,843,21111-48-PRECINCT 131 48 DISTRICT (S131)
Jefferson,S132,bidenj,12/28/2021 09:07:33.312224,798,1202,21111-48-PRECINCT 132 48 DISTRICT (S132)
Jefferson,S132,jorgensenj,12/28/2021 09:07:33.312224,20,1202,21111-48-PRECINCT 132 48 DISTRICT (S132)
Jefferson,S132,pierceb,12/28/2021 09:07:33.312224,1,1202,21111-48-PRECINCT 132 48 DISTRICT (S132)
Jefferson,S132,trumpd,12/28/2021 09:07:33.312224,380,1202,21111-48-PRECINCT 132 48 DISTRICT (S132)
Jefferson,S132,westk,12/28/2021 09:07:33.312224,3,1202,21111-48-PRECINCT 132 48 DISTRICT (S132)
Jefferson,S135,bidenj,12/28/2021 09:07:33.312224,597,909,21111-48-PRECINCT 135 48 DISTRICT (S135)
Jefferson,S135,jorgensenj,12/28/2021 09:07:33.312224,10,909,21111-48-PRECINCT 135 48 DISTRICT (S135)
Jefferson,S135,pierceb,12/28/2021 09:07:33.312224,2,909,21111-48-PRECINCT 135 48 DISTRICT (S135)
Jefferson,S135,trumpd,12/28/2021 09:07:33.312224,294,909,21111-48-PRECINCT 135 48 DISTRICT (S135)
Jefferson,S135,westk,12/28/2021 09:07:33.312224,6,909,21111-48-PRECINCT 135 48 DISTRICT (S135)
Jefferson,S139,bidenj,12/28/2021 09:07:33.312224,750,1222,21111-48-PRECINCT 139 48 DISTRICT (S139)
Jefferson,S139,jorgensenj,12/28/2021 09:07:33.312224,16,1222,21111-48-PRECINCT 139 48 DISTRICT (S139)
Jefferson,S139,pierceb,12/28/2021 09:07:33.312224,4,1222,21111-48-PRECINCT 139 48 DISTRICT (S139)
Jefferson,S139,trumpd,12/28/2021 09:07:33.312224,447,1222,21111-48-PRECINCT 139 48 DISTRICT (S139)
Jefferson,S139,westk,12/28/2021 09:07:33.312224,5,1222,21111-48-PRECINCT 139 48 DISTRICT (S139)
Jefferson,S140,bidenj,12/28/2021 09:07:33.312224,418,856,21111-48-PRECINCT 140 48 DISTRICT (S140)
Jefferson,S140,jorgensenj,12/28/2021 09:07:33.312224,7,856,21111-48-PRECINCT 140 48 DISTRICT (S140)
Jefferson,S140,pierceb,12/28/2021 09:07:33.312224,2,856,21111-48-PRECINCT 140 48 DISTRICT (S140)
Jefferson,S140,trumpd,12/28/2021 09:07:33.312224,428,856,21111-48-PRECINCT 140 48 DISTRICT (S140)
Jefferson,S140,westk,12/28/2021 09:07:33.312224,1,856,21111-48-PRECINCT 140 48 DISTRICT (S140)
Jefferson,S141,bidenj,12/28/2021 09:07:33.312224,781,1287,21111-48-PRECINCT 141 48 DISTRICT (S141)
Jefferson,S141,jorgensenj,12/28/2021 09:07:33.312224,16,1287,21111-48-PRECINCT 141 48 DISTRICT (S141)
Jefferson,S141,pierceb,12/28/2021 09:07:33.312224,2,1287,21111-48-PRECINCT 141 48 DISTRICT (S141)
Jefferson,S141,trumpd,12/28/2021 09:07:33.312224,486,1287,21111-48-PRECINCT 141 48 DISTRICT (S141)
Jefferson,S141,westk,12/28/2021 09:07:33.312224,2,1287,21111-48-PRECINCT 141 48 DISTRICT (S141)
Jefferson,S142,bidenj,12/28/2021 09:07:33.312224,466,818,21111-48-PRECINCT 142 48 DISTRICT (S142)
Jefferson,S142,jorgensenj,12/28/2021 09:07:33.312224,7,818,21111-48-PRECINCT 142 48 DISTRICT (S142)
Jefferson,S142,pierceb,12/28/2021 09:07:33.312224,2,818,21111-48-PRECINCT 142 48 DISTRICT (S142)
Jefferson,S142,trumpd,12/28/2021 09:07:33.312224,341,818,21111-48-PRECINCT 142 48 DISTRICT (S142)
Jefferson,S142,westk,12/28/2021 09:07:33.312224,2,818,21111-48-PRECINCT 142 48 DISTRICT (S142)
Jefferson,S143,bidenj,12/28/2021 09:07:33.312224,387,932,21111-48-PRECINCT 143 48 DISTRICT (S143)
Jefferson,S143,jorgensenj,12/28/2021 09:07:33.312224,16,932,21111-48-PRECINCT 143 48 DISTRICT (S143)
Jefferson,S143,pierceb,12/28/2021 09:07:33.312224,0,932,21111-48-PRECINCT 143 48 DISTRICT (S143)
Jefferson,S143,trumpd,12/28/2021 09:07:33.312224,528,932,21111-48-PRECINCT 143 48 DISTRICT (S143)
Jefferson,S143,westk,12/28/2021 09:07:33.312224,1,932,21111-48-PRECINCT 143 48 DISTRICT (S143)
Jefferson,S144,bidenj,12/28/2021 09:07:33.312224,379,718,21111-48-PRECINCT 144 48 DISTRICT (S144)
Jefferson,S144,jorgensenj,12/28/2021 09:07:33.312224,5,718,21111-48-PRECINCT 144 48 DISTRICT (S144)
Jefferson,S144,pierceb,12/28/2021 09:07:33.312224,2,718,21111-48-PRECINCT 144 48 DISTRICT (S144)
Jefferson,S144,trumpd,12/28/2021 09:07:33.312224,328,718,21111-48-PRECINCT 144 48 DISTRICT (S144)
Jefferson,S144,westk,12/28/2021 09:07:33.312224,4,718,21111-48-PRECINCT 144 48 DISTRICT (S144)
Jefferson,S146,bidenj,12/28/2021 09:07:33.312224,424,704,21111-48-PRECINCT 146 48 DISTRICT (S146)
Jefferson,S146,jorgensenj,12/28/2021 09:07:33.312224,10,704,21111-48-PRECINCT 146 48 DISTRICT (S146)
Jefferson,S146,pierceb,12/28/2021 09:07:33.312224,0,704,21111-48-PRECINCT 146 48 DISTRICT (S146)
Jefferson,S146,trumpd,12/28/2021 09:07:33.312224,262,704,21111-48-PRECINCT 146 48 DISTRICT (S146)
Jefferson,S146,westk,12/28/2021 09:07:33.312224,8,704,21111-48-PRECINCT 146 48 DISTRICT (S146)
Jefferson,S150,bidenj,12/28/2021 09:07:33.312224,499,1084,21111-48-PRECINCT 150 48 DISTRICT (S150)
Jefferson,S150,jorgensenj,12/28/2021 09:07:33.312224,10,1084,21111-48-PRECINCT 150 48 DISTRICT (S150)
Jefferson,S150,pierceb,12/28/2021 09:07:33.312224,2,1084,21111-48-PRECINCT 150 48 DISTRICT (S150)
Jefferson,S150,trumpd,12/28/2021 09:07:33.312224,573,1084,21111-48-PRECINCT 150 48 DISTRICT (S150)
Jefferson,S150,westk,12/28/2021 09:07:33.312224,0,1084,21111-48-PRECINCT 150 48 DISTRICT (S150)
Jefferson,S152,bidenj,12/28/2021 09:07:33.312224,390,680,21111-48-PRECINCT 152 48 DISTRICT (S152)
Jefferson,S152,jorgensenj,12/28/2021 09:07:33.312224,9,680,21111-48-PRECINCT 152 48 DISTRICT (S152)
Jefferson,S152,pierceb,12/28/2021 09:07:33.312224,1,680,21111-48-PRECINCT 152 48 DISTRICT (S152)
Jefferson,S152,trumpd,12/28/2021 09:07:33.312224,278,680,21111-48-PRECINCT 152 48 DISTRICT (S152)
Jefferson,S152,westk,12/28/2021 09:07:33.312224,2,680,21111-48-PRECINCT 152 48 DISTRICT (S152)
Jefferson,S153,bidenj,12/28/2021 09:07:33.312224,782,1441,21111-48-PRECINCT 153 48 DISTRICT (S153)
Jefferson,S153,jorgensenj,12/28/2021 09:07:33.312224,16,1441,21111-48-PRECINCT 153 48 DISTRICT (S153)
Jefferson,S153,pierceb,12/28/2021 09:07:33.312224,1,1441,21111-48-PRECINCT 153 48 DISTRICT (S153)
Jefferson,S153,trumpd,12/28/2021 09:07:33.312224,637,1441,21111-48-PRECINCT 153 48 DISTRICT (S153)
Jefferson,S153,westk,12/28/2021 09:07:33.312224,5,1441,21111-48-PRECINCT 153 48 DISTRICT (S153)
Jefferson,S156,bidenj,12/28/2021 09:07:33.312224,358,570,21111-48-PRECINCT 156 48 DISTRICT (S156)
Jefferson,S156,jorgensenj,12/28/2021 09:07:33.312224,9,570,21111-48-PRECINCT 156 48 DISTRICT (S156)
Jefferson,S156,pierceb,12/28/2021 09:07:33.312224,2,570,21111-48-PRECINCT 156 48 DISTRICT (S156)
Jefferson,S156,trumpd,12/28/2021 09:07:33.312224,198,570,21111-48-PRECINCT 156 48 DISTRICT (S156)
Jefferson,S156,westk,12/28/2021 09:07:33.312224,3,570,21111-48-PRECINCT 156 48 DISTRICT (S156)
Jefferson,S160,bidenj,12/28/2021 09:07:33.312224,1145,2372,21111-48-PRECINCT 160 48 DISTRICT (S160)
Jefferson,S160,jorgensenj,12/28/2021 09:07:33.312224,23,2372,21111-48-PRECINCT 160 48 DISTRICT (S160)
Jefferson,S160,pierceb,12/28/2021 09:07:33.312224,2,2372,21111-48-PRECINCT 160 48 DISTRICT (S160)
Jefferson,S160,trumpd,12/28/2021 09:07:33.312224,1198,2372,21111-48-PRECINCT 160 48 DISTRICT (S160)
Jefferson,S160,westk,12/28/2021 09:07:33.312224,4,2372,21111-48-PRECINCT 160 48 DISTRICT (S160)
Jefferson,S161,bidenj,12/28/2021 09:07:33.312224,371,613,21111-48-PRECINCT 161 48 DISTRICT (S161)
Jefferson,S161,jorgensenj,12/28/2021 09:07:33.312224,6,613,21111-48-PRECINCT 161 48 DISTRICT (S161)
Jefferson,S161,pierceb,12/28/2021 09:07:33.312224,0,613,21111-48-PRECINCT 161 48 DISTRICT (S161)
Jefferson,S161,trumpd,12/28/2021 09:07:33.312224,235,613,21111-48-PRECINCT 161 48 DISTRICT (S161)
Jefferson,S161,westk,12/28/2021 09:07:33.312224,1,613,21111-48-PRECINCT 161 48 DISTRICT (S161)
Jefferson,S164,bidenj,12/28/2021 09:07:33.312224,484,827,21111-48-PRECINCT 164 48 DISTRICT (S164)
Jefferson,S164,jorgensenj,12/28/2021 09:07:33.312224,8,827,21111-48-PRECINCT 164 48 DISTRICT (S164)
Jefferson,S164,pierceb,12/28/2021 09:07:33.312224,4,827,21111-48-PRECINCT 164 48 DISTRICT (S164)
Jefferson,S164,trumpd,12/28/2021 09:07:33.312224,330,827,21111-48-PRECINCT 164 48 DISTRICT (S164)
Jefferson,S164,westk,12/28/2021 09:07:33.312224,1,827,21111-48-PRECINCT 164 48 DISTRICT (S164)
Jefferson,S165,bidenj,12/28/2021 09:07:33.312224,413,740,21111-48-PRECINCT 165 48 DISTRICT (S165)
Jefferson,S165,jorgensenj,12/28/2021 09:07:33.312224,5,740,21111-48-PRECINCT 165 48 DISTRICT (S165)
Jefferson,S165,pierceb,12/28/2021 09:07:33.312224,0,740,21111-48-PRECINCT 165 48 DISTRICT (S165)
Jefferson,S165,trumpd,12/28/2021 09:07:33.312224,319,740,21111-48-PRECINCT 165 48 DISTRICT (S165)
Jefferson,S165,westk,12/28/2021 09:07:33.312224,3,740,21111-48-PRECINCT 165 48 DISTRICT (S165)
Jefferson,S166,bidenj,12/28/2021 09:07:33.312224,355,784,21111-48-PRECINCT 166 48 DISTRICT (S166)
Jefferson,S166,jorgensenj,12/28/2021 09:07:33.312224,7,784,21111-48-PRECINCT 166 48 DISTRICT (S166)
Jefferson,S166,pierceb,12/28/2021 09:07:33.312224,1,784,21111-48-PRECINCT 166 48 DISTRICT (S166)
Jefferson,S166,trumpd,12/28/2021 09:07:33.312224,420,784,21111-48-PRECINCT 166 48 DISTRICT (S166)
Jefferson,S166,westk,12/28/2021 09:07:33.312224,1,784,21111-48-PRECINCT 166 48 DISTRICT (S166)
Jefferson,S167,bidenj,12/28/2021 09:07:33.312224,360,711,21111-48-PRECINCT 167 48 DISTRICT (S167)
Jefferson,S167,jorgensenj,12/28/2021 09:07:33.312224,12,711,21111-48-PRECINCT 167 48 DISTRICT (S167)
Jefferson,S167,pierceb,12/28/2021 09:07:33.312224,0,711,21111-48-PRECINCT 167 48 DISTRICT (S167)
Jefferson,S167,trumpd,12/28/2021 09:07:33.312224,338,711,21111-48-PRECINCT 167 48 DISTRICT (S167)
Jefferson,S167,westk,12/28/2021 09:07:33.312224,1,711,21111-48-PRECINCT 167 48 DISTRICT (S167)
Jefferson,S168,bidenj,12/28/2021 09:07:33.312224,417,757,21111-48-PRECINCT 168 48 DISTRICT (S168)
Jefferson,S168,jorgensenj,12/28/2021 09:07:33.312224,4,757,21111-48-PRECINCT 168 48 DISTRICT (S168)
Jefferson,S168,pierceb,12/28/2021 09:07:33.312224,0,757,21111-48-PRECINCT 168 48 DISTRICT (S168)
Jefferson,S168,trumpd,12/28/2021 09:07:33.312224,332,757,21111-48-PRECINCT 168 48 DISTRICT (S168)
Jefferson,S168,westk,12/28/2021 09:07:33.312224,4,757,21111-48-PRECINCT 168 48 DISTRICT (S168)
Jefferson,V101,bidenj,12/28/2021 09:07:33.312224,456,764,21111-36-PRECINCT 101 36 DISTRICT (V101)
Jefferson,V101,jorgensenj,12/28/2021 09:07:33.312224,15,764,21111-36-PRECINCT 101 36 DISTRICT (V101)
Jefferson,V101,pierceb,12/28/2021 09:07:33.312224,3,764,21111-36-PRECINCT 101 36 DISTRICT (V101)
Jefferson,V101,trumpd,12/28/2021 09:07:33.312224,287,764,21111-36-PRECINCT 101 36 DISTRICT (V101)
Jefferson,V101,westk,12/28/2021 09:07:33.312224,3,764,21111-36-PRECINCT 101 36 DISTRICT (V101)
Jefferson,V102,bidenj,12/28/2021 09:07:33.312224,715,1776,21111-36-PRECINCT 102 36 DISTRICT (V102)
Jefferson,V102,jorgensenj,12/28/2021 09:07:33.312224,24,1776,21111-36-PRECINCT 102 36 DISTRICT (V102)
Jefferson,V102,pierceb,12/28/2021 09:07:33.312224,2,1776,21111-36-PRECINCT 102 36 DISTRICT (V102)
Jefferson,V102,trumpd,12/28/2021 09:07:33.312224,1032,1776,21111-36-PRECINCT 102 36 DISTRICT (V102)
Jefferson,V102,westk,12/28/2021 09:07:33.312224,3,1776,21111-36-PRECINCT 102 36 DISTRICT (V102)
Jefferson,V103,bidenj,12/28/2021 09:07:33.312224,151,527,21111-36-PRECINCT 103 36 DISTRICT (V103)
Jefferson,V103,jorgensenj,12/28/2021 09:07:33.312224,5,527,21111-36-PRECINCT 103 36 DISTRICT (V103)
Jefferson,V103,pierceb,12/28/2021 09:07:33.312224,1,527,21111-36-PRECINCT 103 36 DISTRICT (V103)
Jefferson,V103,trumpd,12/28/2021 09:07:33.312224,370,527,21111-36-PRECINCT 103 36 DISTRICT (V103)
Jefferson,V103,westk,12/28/2021 09:07:33.312224,0,527,21111-36-PRECINCT 103 36 DISTRICT (V103)
Jefferson,V104,bidenj,12/28/2021 09:07:33.312224,918,2128,21111-36-PRECINCT 104 36 DISTRICT (V104)
Jefferson,V104,jorgensenj,12/28/2021 09:07:33.312224,35,2128,21111-36-PRECINCT 104 36 DISTRICT (V104)
Jefferson,V104,pierceb,12/28/2021 09:07:33.312224,4,2128,21111-36-PRECINCT 104 36 DISTRICT (V104)
Jefferson,V104,trumpd,12/28/2021 09:07:33.312224,1159,2128,21111-36-PRECINCT 104 36 DISTRICT (V104)
Jefferson,V104,westk,12/28/2021 09:07:33.312224,12,2128,21111-36-PRECINCT 104 36 DISTRICT (V104)
Jefferson,V105,bidenj,12/28/2021 09:07:33.312224,421,1294,21111-36-PRECINCT 105 36 DISTRICT (V105)
Jefferson,V105,jorgensenj,12/28/2021 09:07:33.312224,21,1294,21111-36-PRECINCT 105 36 DISTRICT (V105)
Jefferson,V105,pierceb,12/28/2021 09:07:33.312224,1,1294,21111-36-PRECINCT 105 36 DISTRICT (V105)
Jefferson,V105,trumpd,12/28/2021 09:07:33.312224,844,1294,21111-36-PRECINCT 105 36 DISTRICT (V105)
Jefferson,V105,westk,12/28/2021 09:07:33.312224,7,1294,21111-36-PRECINCT 105 36 DISTRICT (V105)
Jefferson,V106,bidenj,12/28/2021 09:07:33.312224,413,739,21111-36-PRECINCT 106 36 DISTRICT (V106)
Jefferson,V106,jorgensenj,12/28/2021 09:07:33.312224,14,739,21111-36-PRECINCT 106 36 DISTRICT (V106)
Jefferson,V106,pierceb,12/28/2021 09:07:33.312224,1,739,21111-36-PRECINCT 106 36 DISTRICT (V106)
Jefferson,V106,trumpd,12/28/2021 09:07:33.312224,307,739,21111-36-PRECINCT 106 36 DISTRICT (V106)
Jefferson,V106,westk,12/28/2021 09:07:33.312224,4,739,21111-36-PRECINCT 106 36 DISTRICT (V106)
Jefferson,V107,bidenj,12/28/2021 09:07:33.312224,259,804,21111-36-PRECINCT 107 36 DISTRICT (V107)
Jefferson,V107,jorgensenj,12/28/2021 09:07:33.312224,5,804,21111-36-PRECINCT 107 36 DISTRICT (V107)
Jefferson,V107,pierceb,12/28/2021 09:07:33.312224,0,804,21111-36-PRECINCT 107 36 DISTRICT (V107)
Jefferson,V107,trumpd,12/28/2021 09:07:33.312224,540,804,21111-36-PRECINCT 107 36 DISTRICT (V107)
Jefferson,V107,westk,12/28/2021 09:07:33.312224,0,804,21111-36-PRECINCT 107 36 DISTRICT (V107)
Jefferson,V108,bidenj,12/28/2021 09:07:33.312224,628,1868,21111-36-PRECINCT 108 36 DISTRICT (V108)
Jefferson,V108,jorgensenj,12/28/2021 09:07:33.312224,21,1868,21111-36-PRECINCT 108 36 DISTRICT (V108)
Jefferson,V108,pierceb,12/28/2021 09:07:33.312224,2,1868,21111-36-PRECINCT 108 36 DISTRICT (V108)
Jefferson,V108,trumpd,12/28/2021 09:07:33.312224,1213,1868,21111-36-PRECINCT 108 36 DISTRICT (V108)
Jefferson,V108,westk,12/28/2021 09:07:33.312224,4,1868,21111-36-PRECINCT 108 36 DISTRICT (V108)
Jefferson,V109,bidenj,12/28/2021 09:07:33.312224,62,197,21111-36-PRECINCT 109 36 DISTRICT (V109)
Jefferson,V109,jorgensenj,12/28/2021 09:07:33.312224,2,197,21111-36-PRECINCT 109 36 DISTRICT (V109)
Jefferson,V109,pierceb,12/28/2021 09:07:33.312224,0,197,21111-36-PRECINCT 109 36 DISTRICT (V109)
Jefferson,V109,trumpd,12/28/2021 09:07:33.312224,133,197,21111-36-PRECINCT 109 36 DISTRICT (V109)
Jefferson,V109,westk,12/28/2021 09:07:33.312224,0,197,21111-36-PRECINCT 109 36 DISTRICT (V109)
Jefferson,V110,bidenj,12/28/2021 09:07:33.312224,572,1448,21111-36-PRECINCT 110 36 DISTRICT (V110)
Jefferson,V110,jorgensenj,12/28/2021 09:07:33.312224,15,1448,21111-36-PRECINCT 110 36 DISTRICT (V110)
Jefferson,V110,pierceb,12/28/2021 09:07:33.312224,3,1448,21111-36-PRECINCT 110 36 DISTRICT (V110)
Jefferson,V110,trumpd,12/28/2021 09:07:33.312224,856,1448,21111-36-PRECINCT 110 36 DISTRICT (V110)
Jefferson,V110,westk,12/28/2021 09:07:33.312224,2,1448,21111-36-PRECINCT 110 36 DISTRICT (V110)
Jefferson,V111,bidenj,12/28/2021 09:07:33.312224,418,1002,21111-36-PRECINCT 111 36 DISTRICT (V111)
Jefferson,V111,jorgensenj,12/28/2021 09:07:33.312224,14,1002,21111-36-PRECINCT 111 36 DISTRICT (V111)
Jefferson,V111,pierceb,12/28/2021 09:07:33.312224,1,1002,21111-36-PRECINCT 111 36 DISTRICT (V111)
Jefferson,V111,trumpd,12/28/2021 09:07:33.312224,566,1002,21111-36-PRECINCT 111 36 DISTRICT (V111)
Jefferson,V111,westk,12/28/2021 09:07:33.312224,3,1002,21111-36-PRECINCT 111 36 DISTRICT (V111)
Jefferson,V112,bidenj,12/28/2021 09:07:33.312224,13,29,21111-36-PRECINCT 112 36 DISTRICT (V112)
Jefferson,V112,jorgensenj,12/28/2021 09:07:33.312224,0,29,21111-36-PRECINCT 112 36 DISTRICT (V112)
Jefferson,V112,pierceb,12/28/2021 09:07:33.312224,0,29,21111-36-PRECINCT 112 36 DISTRICT (V112)
Jefferson,V112,trumpd,12/28/2021 09:07:33.312224,15,29,21111-36-PRECINCT 112 36 DISTRICT (V112)
Jefferson,V112,westk,12/28/2021 09:07:33.312224,1,29,21111-36-PRECINCT 112 36 DISTRICT (V112)
Jefferson,V113,bidenj,12/28/2021 09:07:33.312224,1134,2566,21111-36-PRECINCT 113 36 DISTRICT (V113)
Jefferson,V113,jorgensenj,12/28/2021 09:07:33.312224,30,2566,21111-36-PRECINCT 113 36 DISTRICT (V113)
Jefferson,V113,pierceb,12/28/2021 09:07:33.312224,5,2566,21111-36-PRECINCT 113 36 DISTRICT (V113)
Jefferson,V113,trumpd,12/28/2021 09:07:33.312224,1391,2566,21111-36-PRECINCT 113 36 DISTRICT (V113)
Jefferson,V113,westk,12/28/2021 09:07:33.312224,6,2566,21111-36-PRECINCT 113 36 DISTRICT (V113)
Jefferson,V114,bidenj,12/28/2021 09:07:33.312224,378,1070,21111-36-PRECINCT 114 36 DISTRICT (V114)
Jefferson,V114,jorgensenj,12/28/2021 09:07:33.312224,4,1070,21111-36-PRECINCT 114 36 DISTRICT (V114)
Jefferson,V114,pierceb,12/28/2021 09:07:33.312224,0,1070,21111-36-PRECINCT 114 36 DISTRICT (V114)
Jefferson,V114,trumpd,12/28/2021 09:07:33.312224,685,1070,21111-36-PRECINCT 114 36 DISTRICT (V114)
Jefferson,V114,westk,12/28/2021 09:07:33.312224,3,1070,21111-36-PRECINCT 114 36 DISTRICT (V114)
Jefferson,V115,bidenj,12/28/2021 09:07:33.312224,395,848,21111-36-PRECINCT 115 36 DISTRICT (V115)
Jefferson,V115,jorgensenj,12/28/2021 09:07:33.312224,19,848,21111-36-PRECINCT 115 36 DISTRICT (V115)
Jefferson,V115,pierceb,12/28/2021 09:07:33.312224,7,848,21111-36-PRECINCT 115 36 DISTRICT (V115)
Jefferson,V115,trumpd,12/28/2021 09:07:33.312224,423,848,21111-36-PRECINCT 115 36 DISTRICT (V115)
Jefferson,V115,westk,12/28/2021 09:07:33.312224,4,848,21111-36-PRECINCT 115 36 DISTRICT (V115)
Jefferson,V116,bidenj,12/28/2021 09:07:33.312224,421,1016,21111-36-PRECINCT 116 36 DISTRICT (V116)
Jefferson,V116,jorgensenj,12/28/2021 09:07:33.312224,17,1016,21111-36-PRECINCT 116 36 DISTRICT (V116)
Jefferson,V116,pierceb,12/28/2021 09:07:33.312224,2,1016,21111-36-PRECINCT 116 36 DISTRICT (V116)
Jefferson,V116,trumpd,12/28/2021 09:07:33.312224,576,1016,21111-36-PRECINCT 116 36 DISTRICT (V116)
Jefferson,V116,westk,12/28/2021 09:07:33.312224,0,1016,21111-36-PRECINCT 116 36 DISTRICT (V116)
Jefferson,V117,bidenj,12/28/2021 09:07:33.312224,442,837,21111-36-PRECINCT 117 36 DISTRICT (V117)
Jefferson,V117,jorgensenj,12/28/2021 09:07:33.312224,12,837,21111-36-PRECINCT 117 36 DISTRICT (V117)
Jefferson,V117,pierceb,12/28/2021 09:07:33.312224,3,837,21111-36-PRECINCT 117 36 DISTRICT (V117)
Jefferson,V117,trumpd,12/28/2021 09:07:33.312224,378,837,21111-36-PRECINCT 117 36 DISTRICT (V117)
Jefferson,V117,westk,12/28/2021 09:07:33.312224,2,837,21111-36-PRECINCT 117 36 DISTRICT (V117)
Jefferson,V118,bidenj,12/28/2021 09:07:33.312224,449,877,21111-36-PRECINCT 118 36 DISTRICT (V118)
Jefferson,V118,jorgensenj,12/28/2021 09:07:33.312224,18,877,21111-36-PRECINCT 118 36 DISTRICT (V118)
Jefferson,V118,pierceb,12/28/2021 09:07:33.312224,3,877,21111-36-PRECINCT 118 36 DISTRICT (V118)
Jefferson,V118,trumpd,12/28/2021 09:07:33.312224,407,877,21111-36-PRECINCT 118 36 DISTRICT (V118)
Jefferson,V118,westk,12/28/2021 09:07:33.312224,0,877,21111-36-PRECINCT 118 36 DISTRICT (V118)
Jefferson,V119,bidenj,12/28/2021 09:07:33.312224,800,1667,21111-36-PRECINCT 119 36 DISTRICT (V119)
Jefferson,V119,jorgensenj,12/28/2021 09:07:33.312224,13,1667,21111-36-PRECINCT 119 36 DISTRICT (V119)
Jefferson,V119,pierceb,12/28/2021 09:07:33.312224,4,1667,21111-36-PRECINCT 119 36 DISTRICT (V119)
Jefferson,V119,trumpd,12/28/2021 09:07:33.312224,846,1667,21111-36-PRECINCT 119 36 DISTRICT (V119)
Jefferson,V119,westk,12/28/2021 09:07:33.312224,4,1667,21111-36-PRECINCT 119 36 DISTRICT (V119)
Jefferson,V120,bidenj,12/28/2021 09:07:33.312224,722,1422,21111-36-PRECINCT 120 36 DISTRICT (V120)
Jefferson,V120,jorgensenj,12/28/2021 09:07:33.312224,18,1422,21111-36-PRECINCT 120 36 DISTRICT (V120)
Jefferson,V120,pierceb,12/28/2021 09:07:33.312224,1,1422,21111-36-PRECINCT 120 36 DISTRICT (V120)
Jefferson,V120,trumpd,12/28/2021 09:07:33.312224,671,1422,21111-36-PRECINCT 120 36 DISTRICT (V120)
Jefferson,V120,westk,12/28/2021 09:07:33.312224,10,1422,21111-36-PRECINCT 120 36 DISTRICT (V120)
Jefferson,V121,bidenj,12/28/2021 09:07:33.312224,505,1050,21111-36-PRECINCT 121 36 DISTRICT (V121)
Jefferson,V121,jorgensenj,12/28/2021 09:07:33.312224,9,1050,21111-36-PRECINCT 121 36 DISTRICT (V121)
Jefferson,V121,pierceb,12/28/2021 09:07:33.312224,4,1050,21111-36-PRECINCT 121 36 DISTRICT (V121)
Jefferson,V121,trumpd,12/28/2021 09:07:33.312224,530,1050,21111-36-PRECINCT 121 36 DISTRICT (V121)
Jefferson,V121,westk,12/28/2021 09:07:33.312224,2,1050,21111-36-PRECINCT 121 36 DISTRICT (V121)
Jefferson,V122,bidenj,12/28/2021 09:07:33.312224,0,0,
Jefferson,V122,jorgensenj,12/28/2021 09:07:33.312224,0,0,
Jefferson,V122,pierceb,12/28/2021 09:07:33.312224,0,0,
Jefferson,V122,trumpd,12/28/2021 09:07:33.312224,0,0,
Jefferson,V122,westk,12/28/2021 09:07:33.312224,0,0,
Jefferson,V123,bidenj,12/28/2021 09:07:33.312224,0,2,21111-36-PRECINCT 123 36 DISTRICT (V123)
Jefferson,V123,jorgensenj,12/28/2021 09:07:33.312224,0,2,21111-36-PRECINCT 123 36 DISTRICT (V123)
Jefferson,V123,pierceb,12/28/2021 09:07:33.312224,0,2,21111-36-PRECINCT 123 36 DISTRICT (V123)
Jefferson,V123,trumpd,12/28/2021 09:07:33.312224,2,2,21111-36-PRECINCT 123 36 DISTRICT (V123)
Jefferson,V123,westk,12/28/2021 09:07:33.312224,0,2,21111-36-PRECINCT 123 36 DISTRICT (V123)
Jefferson,V124,bidenj,12/28/2021 09:07:33.312224,397,731,21111-36-PRECINCT 124 36 DISTRICT (V124)
Jefferson,V124,jorgensenj,12/28/2021 09:07:33.312224,11,731,21111-36-PRECINCT 124 36 DISTRICT (V124)
Jefferson,V124,pierceb,12/28/2021 09:07:33.312224,1,731,21111-36-PRECINCT 124 36 DISTRICT (V124)
Jefferson,V124,trumpd,12/28/2021 09:07:33.312224,320,731,21111-36-PRECINCT 124 36 DISTRICT (V124)
Jefferson,V124,westk,12/28/2021 09:07:33.312224,2,731,21111-36-PRECINCT 124 36 DISTRICT (V124)
Jefferson,V125,bidenj,12/28/2021 09:07:33.312224,332,748,21111-36-PRECINCT 125 36 DISTRICT (V125)
Jefferson,V125,jorgensenj,12/28/2021 09:07:33.312224,5,748,21111-36-PRECINCT 125 36 DISTRICT (V125)
Jefferson,V125,pierceb,12/28/2021 09:07:33.312224,1,748,21111-36-PRECINCT 125 36 DISTRICT (V125)
Jefferson,V125,trumpd,12/28/2021 09:07:33.312224,406,748,21111-36-PRECINCT 125 36 DISTRICT (V125)
Jefferson,V125,westk,12/28/2021 09:07:33.312224,4,748,21111-36-PRECINCT 125 36 DISTRICT (V125)
Jefferson,V126,bidenj,12/28/2021 09:07:33.312224,608,1361,21111-36-PRECINCT 126 36 DISTRICT (V126)
Jefferson,V126,jorgensenj,12/28/2021 09:07:33.312224,21,1361,21111-36-PRECINCT 126 36 DISTRICT (V126)
Jefferson,V126,pierceb,12/28/2021 09:07:33.312224,1,1361,21111-36-PRECINCT 126 36 DISTRICT (V126)
Jefferson,V126,trumpd,12/28/2021 09:07:33.312224,726,1361,21111-36-PRECINCT 126 36 DISTRICT (V126)
Jefferson,V126,westk,12/28/2021 09:07:33.312224,5,1361,21111-36-PRECINCT 126 36 DISTRICT (V126)
Jefferson,V127,bidenj,12/28/2021 09:07:33.312224,736,1467,21111-36-PRECINCT 127 36 DISTRICT (V127)
Jefferson,V127,jorgensenj,12/28/2021 09:07:33.312224,20,1467,21111-36-PRECINCT 127 36 DISTRICT (V127)
Jefferson,V127,pierceb,12/28/2021 09:07:33.312224,1,1467,21111-36-PRECINCT 127 36 DISTRICT (V127)
Jefferson,V127,trumpd,12/28/2021 09:07:33.312224,703,1467,21111-36-PRECINCT 127 36 DISTRICT (V127)
Jefferson,V127,westk,12/28/2021 09:07:33.312224,7,1467,21111-36-PRECINCT 127 36 DISTRICT (V127)
Jefferson,V128,bidenj,12/28/2021 09:07:33.312224,516,1114,21111-36-PRECINCT 128 36 DISTRICT (V128)
Jefferson,V128,jorgensenj,12/28/2021 09:07:33.312224,18,1114,21111-36-PRECINCT 128 36 DISTRICT (V128)
Jefferson,V128,pierceb,12/28/2021 09:07:33.312224,0,1114,21111-36-PRECINCT 128 36 DISTRICT (V128)
Jefferson,V128,trumpd,12/28/2021 09:07:33.312224,578,1114,21111-36-PRECINCT 128 36 DISTRICT (V128)
Jefferson,V128,westk,12/28/2021 09:07:33.312224,2,1114,21111-36-PRECINCT 128 36 DISTRICT (V128)
Jefferson,V129,bidenj,12/28/2021 09:07:33.312224,638,1706,21111-36-PRECINCT 129 36 DISTRICT (V129)
Jefferson,V129,jorgensenj,12/28/2021 09:07:33.312224,14,1706,21111-36-PRECINCT 129 36 DISTRICT (V129)
Jefferson,V129,pierceb,12/28/2021 09:07:33.312224,3,1706,21111-36-PRECINCT 129 36 DISTRICT (V129)
Jefferson,V129,trumpd,12/28/2021 09:07:33.312224,1047,1706,21111-36-PRECINCT 129 36 DISTRICT (V129)
Jefferson,V129,westk,12/28/2021 09:07:33.312224,4,1706,21111-36-PRECINCT 129 36 DISTRICT (V129)
Jefferson,V130,bidenj,12/28/2021 09:07:33.312224,124,323,21111-36-PRECINCT 130 36 DISTRICT (V130)
Jefferson,V130,jorgensenj,12/28/2021 09:07:33.312224,3,323,21111-36-PRECINCT 130 36 DISTRICT (V130)
Jefferson,V130,pierceb,12/28/2021 09:07:33.312224,1,323,21111-36-PRECINCT 130 36 DISTRICT (V130)
Jefferson,V130,trumpd,12/28/2021 09:07:33.312224,193,323,21111-36-PRECINCT 130 36 DISTRICT (V130)
Jefferson,V130,westk,12/28/2021 09:07:33.312224,2,323,21111-36-PRECINCT 130 36 DISTRICT (V130)
Jefferson,V131,bidenj,12/28/2021 09:07:33.312224,499,1144,21111-36-PRECINCT 131 36 DISTRICT (V131)
Jefferson,V131,jorgensenj,12/28/2021 09:07:33.312224,16,1144,21111-36-PRECINCT 131 36 DISTRICT (V131)
Jefferson,V131,pierceb,12/28/2021 09:07:33.312224,2,1144,21111-36-PRECINCT 131 36 DISTRICT (V131)
Jefferson,V131,trumpd,12/28/2021 09:07:33.312224,626,1144,21111-36-PRECINCT 131 36 DISTRICT (V131)
Jefferson,V131,westk,12/28/2021 09:07:33.312224,1,1144,21111-36-PRECINCT 131 36 DISTRICT (V131)
Jefferson,V132,bidenj,12/28/2021 09:07:33.312224,250,640,21111-36-PRECINCT 132 36 DISTRICT (V132)
Jefferson,V132,jorgensenj,12/28/2021 09:07:33.312224,6,640,21111-36-PRECINCT 132 36 DISTRICT (V132)
Jefferson,V132,pierceb,12/28/2021 09:07:33.312224,0,640,21111-36-PRECINCT 132 36 DISTRICT (V132)
Jefferson,V132,trumpd,12/28/2021 09:07:33.312224,383,640,21111-36-PRECINCT 132 36 DISTRICT (V132)
Jefferson,V132,westk,12/28/2021 09:07:33.312224,1,640,21111-36-PRECINCT 132 36 DISTRICT (V132)
Johnson,A101,bidenj,12/28/2021 09:07:33.312224,63,310,21115-WARD UPPER (A101)
Johnson,A101,jorgensenj,12/28/2021 09:07:33.312224,1,310,21115-WARD UPPER (A101)
Johnson,A101,pierceb,12/28/2021 09:07:33.312224,2,310,21115-WARD UPPER (A101)
Johnson,A101,trumpd,12/28/2021 09:07:33.312224,243,310,21115-WARD UPPER (A101)
Johnson,A101,westk,12/28/2021 09:07:33.312224,1,310,21115-WARD UPPER (A101)
Johnson,A102,bidenj,12/28/2021 09:07:33.312224,66,313,21115-WARD MIDDLE (A102)
Johnson,A102,jorgensenj,12/28/2021 09:07:33.312224,2,313,21115-WARD MIDDLE (A102)
Johnson,A102,pierceb,12/28/2021 09:07:33.312224,3,313,21115-WARD MIDDLE (A102)
Johnson,A102,trumpd,12/28/2021 09:07:33.312224,241,313,21115-WARD MIDDLE (A102)
Johnson,A102,westk,12/28/2021 09:07:33.312224,1,313,21115-WARD MIDDLE (A102)
Johnson,A103,bidenj,12/28/2021 09:07:33.312224,43,197,21115-WARD LOWER (A103)
Johnson,A103,jorgensenj,12/28/2021 09:07:33.312224,1,197,21115-WARD LOWER (A103)
Johnson,A103,pierceb,12/28/2021 09:07:33.312224,0,197,21115-WARD LOWER (A103)
Johnson,A103,trumpd,12/28/2021 09:07:33.312224,152,197,21115-WARD LOWER (A103)
Johnson,A103,westk,12/28/2021 09:07:33.312224,1,197,21115-WARD LOWER (A103)
Johnson,A104,bidenj,12/28/2021 09:07:33.312224,50,267,21115-BRIDGEFORD (A104)
Johnson,A104,jorgensenj,12/28/2021 09:07:33.312224,2,267,21115-BRIDGEFORD (A104)
Johnson,A104,pierceb,12/28/2021 09:07:33.312224,0,267,21115-BRIDGEFORD (A104)
Johnson,A104,trumpd,12/28/2021 09:07:33.312224,213,267,21115-BRIDGEFORD (A104)
Johnson,A104,westk,12/28/2021 09:07:33.312224,2,267,21115-BRIDGEFORD (A104)
Johnson,A105,bidenj,12/28/2021 09:07:33.312224,117,730,21115-STAFFORDSVILLE (A105)
Johnson,A105,jorgensenj,12/28/2021 09:07:33.312224,4,730,21115-STAFFORDSVILLE (A105)
Johnson,A105,pierceb,12/28/2021 09:07:33.312224,2,730,21115-STAFFORDSVILLE (A105)
Johnson,A105,trumpd,12/28/2021 09:07:33.312224,603,730,21115-STAFFORDSVILLE (A105)
Johnson,A105,westk,12/28/2021 09:07:33.312224,4,730,21115-STAFFORDSVILLE (A105)
Johnson,A106,bidenj,12/28/2021 09:07:33.312224,89,583,21115-HAGER HILL (A106)
Johnson,A106,jorgensenj,12/28/2021 09:07:33.312224,7,583,21115-HAGER HILL (A106)
Johnson,A106,pierceb,12/28/2021 09:07:33.312224,1,583,21115-HAGER HILL (A106)
Johnson,A106,trumpd,12/28/2021 09:07:33.312224,485,583,21115-HAGER HILL (A106)
Johnson,A106,westk,12/28/2021 09:07:33.312224,1,583,21115-HAGER HILL (A106)
Johnson,A107,bidenj,12/28/2021 09:07:33.312224,79,300,21115-SOUTH SIDE (A107)
Johnson,A107,jorgensenj,12/28/2021 09:07:33.312224,3,300,21115-SOUTH SIDE (A107)
Johnson,A107,pierceb,12/28/2021 09:07:33.312224,0,300,21115-SOUTH SIDE (A107)
Johnson,A107,trumpd,12/28/2021 09:07:33.312224,218,300,21115-SOUTH SIDE (A107)
Johnson,A107,westk,12/28/2021 09:07:33.312224,0,300,21115-SOUTH SIDE (A107)
Johnson,A108,bidenj,12/28/2021 09:07:33.312224,101,534,21115-KING ADDITION (A108)
Johnson,A108,jorgensenj,12/28/2021 09:07:33.312224,2,534,21115-KING ADDITION (A108)
Johnson,A108,pierceb,12/28/2021 09:07:33.312224,0,534,21115-KING ADDITION (A108)
Johnson,A108,trumpd,12/28/2021 09:07:33.312224,429,534,21115-KING ADDITION (A108)
Johnson,A108,westk,12/28/2021 09:07:33.312224,2,534,21115-KING ADDITION (A108)
Johnson,A109,bidenj,12/28/2021 09:07:33.312224,6,108,21115-EAST POINT (A109)
Johnson,A109,jorgensenj,12/28/2021 09:07:33.312224,4,108,21115-EAST POINT (A109)
Johnson,A109,pierceb,12/28/2021 09:07:33.312224,0,108,21115-EAST POINT (A109)
Johnson,A109,trumpd,12/28/2021 09:07:33.312224,97,108,21115-EAST POINT (A109)
Johnson,A109,westk,12/28/2021 09:07:33.312224,1,108,21115-EAST POINT (A109)
Johnson,A110,bidenj,12/28/2021 09:07:33.312224,21,183,21115-MUDDY BRANCH (A110)
Johnson,A110,jorgensenj,12/28/2021 09:07:33.312224,2,183,21115-MUDDY BRANCH (A110)
Johnson,A110,pierceb,12/28/2021 09:07:33.312224,1,183,21115-MUDDY BRANCH (A110)
Johnson,A110,trumpd,12/28/2021 09:07:33.312224,157,183,21115-MUDDY BRANCH (A110)
Johnson,A110,westk,12/28/2021 09:07:33.312224,2,183,21115-MUDDY BRANCH (A110)
Johnson,B101,bidenj,12/28/2021 09:07:33.312224,53,297,21115-WEST VAN LEAR (B101)
Johnson,B101,jorgensenj,12/28/2021 09:07:33.312224,0,297,21115-WEST VAN LEAR (B101)
Johnson,B101,pierceb,12/28/2021 09:07:33.312224,0,297,21115-WEST VAN LEAR (B101)
Johnson,B101,trumpd,12/28/2021 09:07:33.312224,244,297,21115-WEST VAN LEAR (B101)
Johnson,B101,westk,12/28/2021 09:07:33.312224,0,297,21115-WEST VAN LEAR (B101)
Johnson,B102,bidenj,12/28/2021 09:07:33.312224,55,347,21115-DANIELS CREEK (B102)
Johnson,B102,jorgensenj,12/28/2021 09:07:33.312224,1,347,21115-DANIELS CREEK (B102)
Johnson,B102,pierceb,12/28/2021 09:07:33.312224,1,347,21115-DANIELS CREEK (B102)
Johnson,B102,trumpd,12/28/2021 09:07:33.312224,287,347,21115-DANIELS CREEK (B102)
Johnson,B102,westk,12/28/2021 09:07:33.312224,3,347,21115-DANIELS CREEK (B102)
Johnson,B103,bidenj,12/28/2021 09:07:33.312224,55,350,21115-POWELL ADDITION (B103)
Johnson,B103,jorgensenj,12/28/2021 09:07:33.312224,3,350,21115-POWELL ADDITION (B103)
Johnson,B103,pierceb,12/28/2021 09:07:33.312224,0,350,21115-POWELL ADDITION (B103)
Johnson,B103,trumpd,12/28/2021 09:07:33.312224,292,350,21115-POWELL ADDITION (B103)
Johnson,B103,westk,12/28/2021 09:07:33.312224,0,350,21115-POWELL ADDITION (B103)
Johnson,B104,bidenj,12/28/2021 09:07:33.312224,55,378,21115-MINGO (B104)
Johnson,B104,jorgensenj,12/28/2021 09:07:33.312224,5,378,21115-MINGO (B104)
Johnson,B104,pierceb,12/28/2021 09:07:33.312224,1,378,21115-MINGO (B104)
Johnson,B104,trumpd,12/28/2021 09:07:33.312224,317,378,21115-MINGO (B104)
Johnson,B104,westk,12/28/2021 09:07:33.312224,0,378,21115-MINGO (B104)
Johnson,B105,bidenj,12/28/2021 09:07:33.312224,60,276,21115-VAN LEAR (B105)
Johnson,B105,jorgensenj,12/28/2021 09:07:33.312224,2,276,21115-VAN LEAR (B105)
Johnson,B105,pierceb,12/28/2021 09:07:33.312224,0,276,21115-VAN LEAR (B105)
Johnson,B105,trumpd,12/28/2021 09:07:33.312224,214,276,21115-VAN LEAR (B105)
Johnson,B105,westk,12/28/2021 09:07:33.312224,0,276,21115-VAN LEAR (B105)
Johnson,B106,bidenj,12/28/2021 09:07:33.312224,52,321,21115-BUFFALO (B106)
Johnson,B106,jorgensenj,12/28/2021 09:07:33.312224,2,321,21115-BUFFALO (B106)
Johnson,B106,pierceb,12/28/2021 09:07:33.312224,0,321,21115-BUFFALO (B106)
Johnson,B106,trumpd,12/28/2021 09:07:33.312224,266,321,21115-BUFFALO (B106)
Johnson,B106,westk,12/28/2021 09:07:33.312224,1,321,21115-BUFFALO (B106)
Johnson,B107,bidenj,12/28/2021 09:07:33.312224,66,415,21115-GREASY CREEK (B107)
Johnson,B107,jorgensenj,12/28/2021 09:07:33.312224,2,415,21115-GREASY CREEK (B107)
Johnson,B107,pierceb,12/28/2021 09:07:33.312224,0,415,21115-GREASY CREEK (B107)
Johnson,B107,trumpd,12/28/2021 09:07:33.312224,345,415,21115-GREASY CREEK (B107)
Johnson,B107,westk,12/28/2021 09:07:33.312224,2,415,21115-GREASY CREEK (B107)
Johnson,B108,bidenj,12/28/2021 09:07:33.312224,8,65,21115-WHITE HOUSE (B108)
Johnson,B108,jorgensenj,12/28/2021 09:07:33.312224,1,65,21115-WHITE HOUSE (B108)
Johnson,B108,pierceb,12/28/2021 09:07:33.312224,0,65,21115-WHITE HOUSE (B108)
Johnson,B108,trumpd,12/28/2021 09:07:33.312224,56,65,21115-WHITE HOUSE (B108)
Johnson,B108,westk,12/28/2021 09:07:33.312224,0,65,21115-WHITE HOUSE (B108)
Johnson,B109,bidenj,12/28/2021 09:07:33.312224,53,307,21115-THELMA (B109)
Johnson,B109,jorgensenj,12/28/2021 09:07:33.312224,6,307,21115-THELMA (B109)
Johnson,B109,pierceb,12/28/2021 09:07:33.312224,0,307,21115-THELMA (B109)
Johnson,B109,trumpd,12/28/2021 09:07:33.312224,247,307,21115-THELMA (B109)
Johnson,B109,westk,12/28/2021 09:07:33.312224,1,307,21115-THELMA (B109)
Johnson,B110,bidenj,12/28/2021 09:07:33.312224,57,459,21115-MOUTH OF RUSH (B110)
Johnson,B110,jorgensenj,12/28/2021 09:07:33.312224,7,459,21115-MOUTH OF RUSH (B110)
Johnson,B110,pierceb,12/28/2021 09:07:33.312224,2,459,21115-MOUTH OF RUSH (B110)
Johnson,B110,trumpd,12/28/2021 09:07:33.312224,391,459,21115-MOUTH OF RUSH (B110)
Johnson,B110,westk,12/28/2021 09:07:33.312224,2,459,21115-MOUTH OF RUSH (B110)
Johnson,C101,bidenj,12/28/2021 09:07:33.312224,45,338,21115-OIL SPRINGS (C101)
Johnson,C101,jorgensenj,12/28/2021 09:07:33.312224,0,338,21115-OIL SPRINGS (C101)
Johnson,C101,pierceb,12/28/2021 09:07:33.312224,1,338,21115-OIL SPRINGS (C101)
Johnson,C101,trumpd,12/28/2021 09:07:33.312224,292,338,21115-OIL SPRINGS (C101)
Johnson,C101,westk,12/28/2021 09:07:33.312224,0,338,21115-OIL SPRINGS (C101)
Johnson,C102,bidenj,12/28/2021 09:07:33.312224,45,367,21115-BARNETTS CREEK (C102)
Johnson,C102,jorgensenj,12/28/2021 09:07:33.312224,5,367,21115-BARNETTS CREEK (C102)
Johnson,C102,pierceb,12/28/2021 09:07:33.312224,1,367,21115-BARNETTS CREEK (C102)
Johnson,C102,trumpd,12/28/2021 09:07:33.312224,313,367,21115-BARNETTS CREEK (C102)
Johnson,C102,westk,12/28/2021 09:07:33.312224,3,367,21115-BARNETTS CREEK (C102)
Johnson,C103,bidenj,12/28/2021 09:07:33.312224,52,547,21115-FLAT GAP (C103)
Johnson,C103,jorgensenj,12/28/2021 09:07:33.312224,2,547,21115-FLAT GAP (C103)
Johnson,C103,pierceb,12/28/2021 09:07:33.312224,2,547,21115-FLAT GAP (C103)
Johnson,C103,trumpd,12/28/2021 09:07:33.312224,490,547,21115-FLAT GAP (C103)
Johnson,C103,westk,12/28/2021 09:07:33.312224,1,547,21115-FLAT GAP (C103)
Johnson,C104,bidenj,12/28/2021 09:07:33.312224,39,161,21115-VOLGA (C104)
Johnson,C104,jorgensenj,12/28/2021 09:07:33.312224,0,161,21115-VOLGA (C104)
Johnson,C104,pierceb,12/28/2021 09:07:33.312224,0,161,21115-VOLGA (C104)
Johnson,C104,trumpd,12/28/2021 09:07:33.312224,122,161,21115-VOLGA (C104)
Johnson,C104,westk,12/28/2021 09:07:33.312224,0,161,21115-VOLGA (C104)
Johnson,C105,bidenj,12/28/2021 09:07:33.312224,38,245,21115-LOW GAP (C105)
Johnson,C105,jorgensenj,12/28/2021 09:07:33.312224,3,245,21115-LOW GAP (C105)
Johnson,C105,pierceb,12/28/2021 09:07:33.312224,3,245,21115-LOW GAP (C105)
Johnson,C105,trumpd,12/28/2021 09:07:33.312224,200,245,21115-LOW GAP (C105)
Johnson,C105,westk,12/28/2021 09:07:33.312224,1,245,21115-LOW GAP (C105)
Johnson,C106,bidenj,12/28/2021 09:07:33.312224,36,205,21115-RED BUSH (C106)
Johnson,C106,jorgensenj,12/28/2021 09:07:33.312224,0,205,21115-RED BUSH (C106)
Johnson,C106,pierceb,12/28/2021 09:07:33.312224,0,205,21115-RED BUSH (C106)
Johnson,C106,trumpd,12/28/2021 09:07:33.312224,169,205,21115-RED BUSH (C106)
Johnson,C106,westk,12/28/2021 09:07:33.312224,0,205,21115-RED BUSH (C106)
Johnson,C107,bidenj,12/28/2021 09:07:33.312224,68,531,21115-JENNYS CREEK (C107)
Johnson,C107,jorgensenj,12/28/2021 09:07:33.312224,2,531,21115-JENNYS CREEK (C107)
Johnson,C107,pierceb,12/28/2021 09:07:33.312224,4,531,21115-JENNYS CREEK (C107)
Johnson,C107,trumpd,12/28/2021 09:07:33.312224,456,531,21115-JENNYS CREEK (C107)
Johnson,C107,westk,12/28/2021 09:07:33.312224,1,531,21115-JENNYS CREEK (C107)
Johnson,C108,bidenj,12/28/2021 09:07:33.312224,32,217,21115-LITTLE GAP (C108)
Johnson,C108,jorgensenj,12/28/2021 09:07:33.312224,1,217,21115-LITTLE GAP (C108)
Johnson,C108,pierceb,12/28/2021 09:07:33.312224,0,217,21115-LITTLE GAP (C108)
Johnson,C108,trumpd,12/28/2021 09:07:33.312224,184,217,21115-LITTLE GAP (C108)
Johnson,C108,westk,12/28/2021 09:07:33.312224,0,217,21115-LITTLE GAP (C108)
Johnson,C109,bidenj,12/28/2021 09:07:33.312224,45,285,21115-STAMBAUGH (C109)
Johnson,C109,jorgensenj,12/28/2021 09:07:33.312224,2,285,21115-STAMBAUGH (C109)
Johnson,C109,pierceb,12/28/2021 09:07:33.312224,1,285,21115-STAMBAUGH (C109)
Johnson,C109,trumpd,12/28/2021 09:07:33.312224,236,285,21115-STAMBAUGH (C109)
Johnson,C109,westk,12/28/2021 09:07:33.312224,1,285,21115-STAMBAUGH (C109)
Johnson,C110,bidenj,12/28/2021 09:07:33.312224,31,262,21115-SITKA (C110)
Johnson,C110,jorgensenj,12/28/2021 09:07:33.312224,2,262,21115-SITKA (C110)
Johnson,C110,pierceb,12/28/2021 09:07:33.312224,0,262,21115-SITKA (C110)
Johnson,C110,trumpd,12/28/2021 09:07:33.312224,229,262,21115-SITKA (C110)
Johnson,C110,westk,12/28/2021 09:07:33.312224,0,262,21115-SITKA (C110)
Johnson,C111,bidenj,12/28/2021 09:07:33.312224,28,292,21115-SYCAMORE (C111)
Johnson,C111,jorgensenj,12/28/2021 09:07:33.312224,3,292,21115-SYCAMORE (C111)
Johnson,C111,pierceb,12/28/2021 09:07:33.312224,1,292,21115-SYCAMORE (C111)
Johnson,C111,trumpd,12/28/2021 09:07:33.312224,260,292,21115-SYCAMORE (C111)
Johnson,C111,westk,12/28/2021 09:07:33.312224,0,292,21115-SYCAMORE (C111)
Johnson,Pres,bidenj,12/28/2021 09:07:33.312224,0,2,
Johnson,Pres,jorgensenj,12/28/2021 09:07:33.312224,0,2,
Johnson,Pres,pierceb,12/28/2021 09:07:33.312224,0,2,
Johnson,Pres,trumpd,12/28/2021 09:07:33.312224,2,2,
Johnson,Pres,westk,12/28/2021 09:07:33.312224,0,2,
Knott,A101,bidenj,12/28/2021 09:07:33.312224,102,426,21119-HINDMAN-RIGHT WARD (A101)
Knott,A101,jorgensenj,12/28/2021 09:07:33.312224,2,426,21119-HINDMAN-RIGHT WARD (A101)
Knott,A101,pierceb,12/28/2021 09:07:33.312224,1,426,21119-HINDMAN-RIGHT WARD (A101)
Knott,A101,trumpd,12/28/2021 09:07:33.312224,318,426,21119-HINDMAN-RIGHT WARD (A101)
Knott,A101,westk,12/28/2021 09:07:33.312224,3,426,21119-HINDMAN-RIGHT WARD (A101)
Knott,A103,bidenj,12/28/2021 09:07:33.312224,72,269,21119-CLEAR CREEK (A103)
Knott,A103,jorgensenj,12/28/2021 09:07:33.312224,1,269,21119-CLEAR CREEK (A103)
Knott,A103,pierceb,12/28/2021 09:07:33.312224,0,269,21119-CLEAR CREEK (A103)
Knott,A103,trumpd,12/28/2021 09:07:33.312224,195,269,21119-CLEAR CREEK (A103)
Knott,A103,westk,12/28/2021 09:07:33.312224,1,269,21119-CLEAR CREEK (A103)
Knott,A104,bidenj,12/28/2021 09:07:33.312224,107,544,21119-CARRIE (A104)
Knott,A104,jorgensenj,12/28/2021 09:07:33.312224,3,544,21119-CARRIE (A104)
Knott,A104,pierceb,12/28/2021 09:07:33.312224,1,544,21119-CARRIE (A104)
Knott,A104,trumpd,12/28/2021 09:07:33.312224,432,544,21119-CARRIE (A104)
Knott,A104,westk,12/28/2021 09:07:33.312224,1,544,21119-CARRIE (A104)
Knott,A105,bidenj,12/28/2021 09:07:33.312224,60,248,21119-LOTTS CREEK (A105)
Knott,A105,jorgensenj,12/28/2021 09:07:33.312224,2,248,21119-LOTTS CREEK (A105)
Knott,A105,pierceb,12/28/2021 09:07:33.312224,2,248,21119-LOTTS CREEK (A105)
Knott,A105,trumpd,12/28/2021 09:07:33.312224,183,248,21119-LOTTS CREEK (A105)
Knott,A105,westk,12/28/2021 09:07:33.312224,1,248,21119-LOTTS CREEK (A105)
Knott,A106,bidenj,12/28/2021 09:07:33.312224,47,185,21119-GARNER (A106)
Knott,A106,jorgensenj,12/28/2021 09:07:33.312224,0,185,21119-GARNER (A106)
Knott,A106,pierceb,12/28/2021 09:07:33.312224,0,185,21119-GARNER (A106)
Knott,A106,trumpd,12/28/2021 09:07:33.312224,138,185,21119-GARNER (A106)
Knott,A106,westk,12/28/2021 09:07:33.312224,0,185,21119-GARNER (A106)
Knott,A108,bidenj,12/28/2021 09:07:33.312224,41,187,21119-LEBURN (A108)
Knott,A108,jorgensenj,12/28/2021 09:07:33.312224,1,187,21119-LEBURN (A108)
Knott,A108,pierceb,12/28/2021 09:07:33.312224,2,187,21119-LEBURN (A108)
Knott,A108,trumpd,12/28/2021 09:07:33.312224,143,187,21119-LEBURN (A108)
Knott,A108,westk,12/28/2021 09:07:33.312224,0,187,21119-LEBURN (A108)
Knott,B101,bidenj,12/28/2021 09:07:33.312224,50,373,21119-CARR UPPER (B101)
Knott,B101,jorgensenj,12/28/2021 09:07:33.312224,1,373,21119-CARR UPPER (B101)
Knott,B101,pierceb,12/28/2021 09:07:33.312224,0,373,21119-CARR UPPER (B101)
Knott,B101,trumpd,12/28/2021 09:07:33.312224,321,373,21119-CARR UPPER (B101)
Knott,B101,westk,12/28/2021 09:07:33.312224,1,373,21119-CARR UPPER (B101)
Knott,B102,bidenj,12/28/2021 09:07:33.312224,66,291,21119-CARR MIDDLE (B102)
Knott,B102,jorgensenj,12/28/2021 09:07:33.312224,2,291,21119-CARR MIDDLE (B102)
Knott,B102,pierceb,12/28/2021 09:07:33.312224,0,291,21119-CARR MIDDLE (B102)
Knott,B102,trumpd,12/28/2021 09:07:33.312224,222,291,21119-CARR MIDDLE (B102)
Knott,B102,westk,12/28/2021 09:07:33.312224,1,291,21119-CARR MIDDLE (B102)
Knott,B103,bidenj,12/28/2021 09:07:33.312224,46,182,21119-BREEDINGS CREEK (B103)
Knott,B103,jorgensenj,12/28/2021 09:07:33.312224,2,182,21119-BREEDINGS CREEK (B103)
Knott,B103,pierceb,12/28/2021 09:07:33.312224,2,182,21119-BREEDINGS CREEK (B103)
Knott,B103,trumpd,12/28/2021 09:07:33.312224,132,182,21119-BREEDINGS CREEK (B103)
Knott,B103,westk,12/28/2021 09:07:33.312224,0,182,21119-BREEDINGS CREEK (B103)
Knott,B104,bidenj,12/28/2021 09:07:33.312224,22,171,21119-IRISHMAN (B104)
Knott,B104,jorgensenj,12/28/2021 09:07:33.312224,0,171,21119-IRISHMAN (B104)
Knott,B104,pierceb,12/28/2021 09:07:33.312224,2,171,21119-IRISHMAN (B104)
Knott,B104,trumpd,12/28/2021 09:07:33.312224,147,171,21119-IRISHMAN (B104)
Knott,B104,westk,12/28/2021 09:07:33.312224,0,171,21119-IRISHMAN (B104)
Knott,B105,bidenj,12/28/2021 09:07:33.312224,41,178,21119-SASSAFRAS (B105)
Knott,B105,jorgensenj,12/28/2021 09:07:33.312224,0,178,21119-SASSAFRAS (B105)
Knott,B105,pierceb,12/28/2021 09:07:33.312224,0,178,21119-SASSAFRAS (B105)
Knott,B105,trumpd,12/28/2021 09:07:33.312224,137,178,21119-SASSAFRAS (B105)
Knott,B105,westk,12/28/2021 09:07:33.312224,0,178,21119-SASSAFRAS (B105)
Knott,B106,bidenj,12/28/2021 09:07:33.312224,16,76,21119-ANCO (B106)
Knott,B106,jorgensenj,12/28/2021 09:07:33.312224,0,76,21119-ANCO (B106)
Knott,B106,pierceb,12/28/2021 09:07:33.312224,0,76,21119-ANCO (B106)
Knott,B106,trumpd,12/28/2021 09:07:33.312224,59,76,21119-ANCO (B106)
Knott,B106,westk,12/28/2021 09:07:33.312224,1,76,21119-ANCO (B106)
Knott,B107,bidenj,12/28/2021 09:07:33.312224,72,317,21119-MALLIE (B107)
Knott,B107,jorgensenj,12/28/2021 09:07:33.312224,1,317,21119-MALLIE (B107)
Knott,B107,pierceb,12/28/2021 09:07:33.312224,1,317,21119-MALLIE (B107)
Knott,B107,trumpd,12/28/2021 09:07:33.312224,241,317,21119-MALLIE (B107)
Knott,B107,westk,12/28/2021 09:07:33.312224,2,317,21119-MALLIE (B107)
Knott,C101,bidenj,12/28/2021 09:07:33.312224,41,180,21119-BALL LOWER (C101)
Knott,C101,jorgensenj,12/28/2021 09:07:33.312224,2,180,21119-BALL LOWER (C101)
Knott,C101,pierceb,12/28/2021 09:07:33.312224,0,180,21119-BALL LOWER (C101)
Knott,C101,trumpd,12/28/2021 09:07:33.312224,137,180,21119-BALL LOWER (C101)
Knott,C101,westk,12/28/2021 09:07:33.312224,0,180,21119-BALL LOWER (C101)
Knott,C102,bidenj,12/28/2021 09:07:33.312224,72,362,21119-BALL UPPER (C102)
Knott,C102,jorgensenj,12/28/2021 09:07:33.312224,2,362,21119-BALL UPPER (C102)
Knott,C102,pierceb,12/28/2021 09:07:33.312224,0,362,21119-BALL UPPER (C102)
Knott,C102,trumpd,12/28/2021 09:07:33.312224,288,362,21119-BALL UPPER (C102)
Knott,C102,westk,12/28/2021 09:07:33.312224,0,362,21119-BALL UPPER (C102)
Knott,C103,bidenj,12/28/2021 09:07:33.312224,8,26,21119-QUICKSAND UPPER (C103)
Knott,C103,jorgensenj,12/28/2021 09:07:33.312224,1,26,21119-QUICKSAND UPPER (C103)
Knott,C103,pierceb,12/28/2021 09:07:33.312224,0,26,21119-QUICKSAND UPPER (C103)
Knott,C103,trumpd,12/28/2021 09:07:33.312224,17,26,21119-QUICKSAND UPPER (C103)
Knott,C103,westk,12/28/2021 09:07:33.312224,0,26,21119-QUICKSAND UPPER (C103)
Knott,C104,bidenj,12/28/2021 09:07:33.312224,7,40,21119-SALT LICK (C104)
Knott,C104,jorgensenj,12/28/2021 09:07:33.312224,0,40,21119-SALT LICK (C104)
Knott,C104,pierceb,12/28/2021 09:07:33.312224,1,40,21119-SALT LICK (C104)
Knott,C104,trumpd,12/28/2021 09:07:33.312224,32,40,21119-SALT LICK (C104)
Knott,C104,westk,12/28/2021 09:07:33.312224,0,40,21119-SALT LICK (C104)
Knott,C105,bidenj,12/28/2021 09:07:33.312224,20,116,21119-ROCK FORK (C105)
Knott,C105,jorgensenj,12/28/2021 09:07:33.312224,0,116,21119-ROCK FORK (C105)
Knott,C105,pierceb,12/28/2021 09:07:33.312224,0,116,21119-ROCK FORK (C105)
Knott,C105,trumpd,12/28/2021 09:07:33.312224,96,116,21119-ROCK FORK (C105)
Knott,C105,westk,12/28/2021 09:07:33.312224,0,116,21119-ROCK FORK (C105)
Knott,C106,bidenj,12/28/2021 09:07:33.312224,3,34,21119-QUICKSAND LOWER (C106)
Knott,C106,jorgensenj,12/28/2021 09:07:33.312224,0,34,21119-QUICKSAND LOWER (C106)
Knott,C106,pierceb,12/28/2021 09:07:33.312224,0,34,21119-QUICKSAND LOWER (C106)
Knott,C106,trumpd,12/28/2021 09:07:33.312224,31,34,21119-QUICKSAND LOWER (C106)
Knott,C106,westk,12/28/2021 09:07:33.312224,0,34,21119-QUICKSAND LOWER (C106)
Knott,C107,bidenj,12/28/2021 09:07:33.312224,39,152,21119-BALL MIDDLE (C107)
Knott,C107,jorgensenj,12/28/2021 09:07:33.312224,0,152,21119-BALL MIDDLE (C107)
Knott,C107,pierceb,12/28/2021 09:07:33.312224,0,152,21119-BALL MIDDLE (C107)
Knott,C107,trumpd,12/28/2021 09:07:33.312224,113,152,21119-BALL MIDDLE (C107)
Knott,C107,westk,12/28/2021 09:07:33.312224,0,152,21119-BALL MIDDLE (C107)
Knott,C108,bidenj,12/28/2021 09:07:33.312224,54,229,21119-HINDMAN 2 (C108)
Knott,C108,jorgensenj,12/28/2021 09:07:33.312224,0,229,21119-HINDMAN 2 (C108)
Knott,C108,pierceb,12/28/2021 09:07:33.312224,1,229,21119-HINDMAN 2 (C108)
Knott,C108,trumpd,12/28/2021 09:07:33.312224,174,229,21119-HINDMAN 2 (C108)
Knott,C108,westk,12/28/2021 09:07:33.312224,0,229,21119-HINDMAN 2 (C108)
Knott,C109,bidenj,12/28/2021 09:07:33.312224,32,108,21119-JONES FORK UPPER (C109)
Knott,C109,jorgensenj,12/28/2021 09:07:33.312224,0,108,21119-JONES FORK UPPER (C109)
Knott,C109,pierceb,12/28/2021 09:07:33.312224,0,108,21119-JONES FORK UPPER (C109)
Knott,C109,trumpd,12/28/2021 09:07:33.312224,76,108,21119-JONES FORK UPPER (C109)
Knott,C109,westk,12/28/2021 09:07:33.312224,0,108,21119-JONES FORK UPPER (C109)
Knott,C110,bidenj,12/28/2021 09:07:33.312224,27,90,21119-FISTY (C110)
Knott,C110,jorgensenj,12/28/2021 09:07:33.312224,0,90,21119-FISTY (C110)
Knott,C110,pierceb,12/28/2021 09:07:33.312224,1,90,21119-FISTY (C110)
Knott,C110,trumpd,12/28/2021 09:07:33.312224,62,90,21119-FISTY (C110)
Knott,C110,westk,12/28/2021 09:07:33.312224,0,90,21119-FISTY (C110)
Knott,C111,bidenj,12/28/2021 09:07:33.312224,14,42,21119-JONES FORK LOWER (C111)
Knott,C111,jorgensenj,12/28/2021 09:07:33.312224,0,42,21119-JONES FORK LOWER (C111)
Knott,C111,pierceb,12/28/2021 09:07:33.312224,0,42,21119-JONES FORK LOWER (C111)
Knott,C111,trumpd,12/28/2021 09:07:33.312224,28,42,21119-JONES FORK LOWER (C111)
Knott,C111,westk,12/28/2021 09:07:33.312224,0,42,21119-JONES FORK LOWER (C111)
Knott,C112,bidenj,12/28/2021 09:07:33.312224,63,209,21119-JONES FORK MIDDLE (C112)
Knott,C112,jorgensenj,12/28/2021 09:07:33.312224,1,209,21119-JONES FORK MIDDLE (C112)
Knott,C112,pierceb,12/28/2021 09:07:33.312224,1,209,21119-JONES FORK MIDDLE (C112)
Knott,C112,trumpd,12/28/2021 09:07:33.312224,144,209,21119-JONES FORK MIDDLE (C112)
Knott,C112,westk,12/28/2021 09:07:33.312224,0,209,21119-JONES FORK MIDDLE (C112)
Knott,D102,bidenj,12/28/2021 09:07:33.312224,37,98,21119-CANEY LOWER (D102)
Knott,D102,jorgensenj,12/28/2021 09:07:33.312224,0,98,21119-CANEY LOWER (D102)
Knott,D102,pierceb,12/28/2021 09:07:33.312224,0,98,21119-CANEY LOWER (D102)
Knott,D102,trumpd,12/28/2021 09:07:33.312224,60,98,21119-CANEY LOWER (D102)
Knott,D102,westk,12/28/2021 09:07:33.312224,1,98,21119-CANEY LOWER (D102)
Knott,D103,bidenj,12/28/2021 09:07:33.312224,73,301,21119-BEAVER LOWER (D103)
Knott,D103,jorgensenj,12/28/2021 09:07:33.312224,1,301,21119-BEAVER LOWER (D103)
Knott,D103,pierceb,12/28/2021 09:07:33.312224,0,301,21119-BEAVER LOWER (D103)
Knott,D103,trumpd,12/28/2021 09:07:33.312224,225,301,21119-BEAVER LOWER (D103)
Knott,D103,westk,12/28/2021 09:07:33.312224,2,301,21119-BEAVER LOWER (D103)
Knott,D104,bidenj,12/28/2021 09:07:33.312224,51,233,21119-BEAVER UPPER (D104)
Knott,D104,jorgensenj,12/28/2021 09:07:33.312224,0,233,21119-BEAVER UPPER (D104)
Knott,D104,pierceb,12/28/2021 09:07:33.312224,1,233,21119-BEAVER UPPER (D104)
Knott,D104,trumpd,12/28/2021 09:07:33.312224,181,233,21119-BEAVER UPPER (D104)
Knott,D104,westk,12/28/2021 09:07:33.312224,0,233,21119-BEAVER UPPER (D104)
Knott,D105,bidenj,12/28/2021 09:07:33.312224,84,340,21119-CANEY UPPER (D105)
Knott,D105,jorgensenj,12/28/2021 09:07:33.312224,5,340,21119-CANEY UPPER (D105)
Knott,D105,pierceb,12/28/2021 09:07:33.312224,0,340,21119-CANEY UPPER (D105)
Knott,D105,trumpd,12/28/2021 09:07:33.312224,250,340,21119-CANEY UPPER (D105)
Knott,D105,westk,12/28/2021 09:07:33.312224,1,340,21119-CANEY UPPER (D105)
Knott,D107,bidenj,12/28/2021 09:07:33.312224,45,244,21119-BEAVER MIDDLE (D107)
Knott,D107,jorgensenj,12/28/2021 09:07:33.312224,1,244,21119-BEAVER MIDDLE (D107)
Knott,D107,pierceb,12/28/2021 09:07:33.312224,1,244,21119-BEAVER MIDDLE (D107)
Knott,D107,trumpd,12/28/2021 09:07:33.312224,197,244,21119-BEAVER MIDDLE (D107)
Knott,D107,westk,12/28/2021 09:07:33.312224,0,244,21119-BEAVER MIDDLE (D107)
Knott,Pres,bidenj,12/28/2021 09:07:33.312224,0,0,
Knott,Pres,jorgensenj,12/28/2021 09:07:33.312224,0,0,
Knott,Pres,pierceb,12/28/2021 09:07:33.312224,0,0,
Knott,Pres,trumpd,12/28/2021 09:07:33.312224,0,0,
Knott,Pres,westk,12/28/2021 09:07:33.312224,0,0,
Leslie,A101,bidenj,12/28/2021 09:07:33.312224,10,192,21131-BEECHFORK (A101)
Leslie,A101,jorgensenj,12/28/2021 09:07:33.312224,2,192,21131-BEECHFORK (A101)
Leslie,A101,pierceb,12/28/2021 09:07:33.312224,0,192,21131-BEECHFORK (A101)
Leslie,A101,trumpd,12/28/2021 09:07:33.312224,180,192,21131-BEECHFORK (A101)
Leslie,A101,westk,12/28/2021 09:07:33.312224,0,192,21131-BEECHFORK (A101)
Leslie,A102,bidenj,12/28/2021 09:07:33.312224,39,496,21131-STINNETT (A102)
Leslie,A102,jorgensenj,12/28/2021 09:07:33.312224,0,496,21131-STINNETT (A102)
Leslie,A102,pierceb,12/28/2021 09:07:33.312224,0,496,21131-STINNETT (A102)
Leslie,A102,trumpd,12/28/2021 09:07:33.312224,457,496,21131-STINNETT (A102)
Leslie,A102,westk,12/28/2021 09:07:33.312224,0,496,21131-STINNETT (A102)
Leslie,A103,bidenj,12/28/2021 09:07:33.312224,2,31,21131-GREASY (A103)
Leslie,A103,jorgensenj,12/28/2021 09:07:33.312224,0,31,21131-GREASY (A103)
Leslie,A103,pierceb,12/28/2021 09:07:33.312224,0,31,21131-GREASY (A103)
Leslie,A103,trumpd,12/28/2021 09:07:33.312224,29,31,21131-GREASY (A103)
Leslie,A103,westk,12/28/2021 09:07:33.312224,0,31,21131-GREASY (A103)
Leslie,A104,bidenj,12/28/2021 09:07:33.312224,40,400,21131-HYDEN-JEFF (A104)
Leslie,A104,jorgensenj,12/28/2021 09:07:33.312224,2,400,21131-HYDEN-JEFF (A104)
Leslie,A104,pierceb,12/28/2021 09:07:33.312224,0,400,21131-HYDEN-JEFF (A104)
Leslie,A104,trumpd,12/28/2021 09:07:33.312224,357,400,21131-HYDEN-JEFF (A104)
Leslie,A104,westk,12/28/2021 09:07:33.312224,1,400,21131-HYDEN-JEFF (A104)
Leslie,A105,bidenj,12/28/2021 09:07:33.312224,12,129,21131-MARROWBONE (A105)
Leslie,A105,jorgensenj,12/28/2021 09:07:33.312224,2,129,21131-MARROWBONE (A105)
Leslie,A105,pierceb,12/28/2021 09:07:33.312224,0,129,21131-MARROWBONE (A105)
Leslie,A105,trumpd,12/28/2021 09:07:33.312224,115,129,21131-MARROWBONE (A105)
Leslie,A105,westk,12/28/2021 09:07:33.312224,0,129,21131-MARROWBONE (A105)
Leslie,B101,bidenj,12/28/2021 09:07:33.312224,42,516,21131-JACKS CREEK (B101)
Leslie,B101,jorgensenj,12/28/2021 09:07:33.312224,3,516,21131-JACKS CREEK (B101)
Leslie,B101,pierceb,12/28/2021 09:07:33.312224,2,516,21131-JACKS CREEK (B101)
Leslie,B101,trumpd,12/28/2021 09:07:33.312224,467,516,21131-JACKS CREEK (B101)
Leslie,B101,westk,12/28/2021 09:07:33.312224,2,516,21131-JACKS CREEK (B101)
Leslie,B102,bidenj,12/28/2021 09:07:33.312224,33,213,21131-BAD CREEK (B102)
Leslie,B102,jorgensenj,12/28/2021 09:07:33.312224,1,213,21131-BAD CREEK (B102)
Leslie,B102,pierceb,12/28/2021 09:07:33.312224,1,213,21131-BAD CREEK (B102)
Leslie,B102,trumpd,12/28/2021 09:07:33.312224,178,213,21131-BAD CREEK (B102)
Leslie,B102,westk,12/28/2021 09:07:33.312224,0,213,21131-BAD CREEK (B102)
Leslie,B103,bidenj,12/28/2021 09:07:33.312224,11,215,21131-ROCKHOUSE (B103)
Leslie,B103,jorgensenj,12/28/2021 09:07:33.312224,2,215,21131-ROCKHOUSE (B103)
Leslie,B103,pierceb,12/28/2021 09:07:33.312224,1,215,21131-ROCKHOUSE (B103)
Leslie,B103,trumpd,12/28/2021 09:07:33.312224,200,215,21131-ROCKHOUSE (B103)
Leslie,B103,westk,12/28/2021 09:07:33.312224,1,215,21131-ROCKHOUSE (B103)
Leslie,B104,bidenj,12/28/2021 09:07:33.312224,9,169,21131-BIG CREEK (B104)
Leslie,B104,jorgensenj,12/28/2021 09:07:33.312224,0,169,21131-BIG CREEK (B104)
Leslie,B104,pierceb,12/28/2021 09:07:33.312224,0,169,21131-BIG CREEK (B104)
Leslie,B104,trumpd,12/28/2021 09:07:33.312224,160,169,21131-BIG CREEK (B104)
Leslie,B104,westk,12/28/2021 09:07:33.312224,0,169,21131-BIG CREEK (B104)
Leslie,C101,bidenj,12/28/2021 09:07:33.312224,33,529,21131-WOOTON (C101)
Leslie,C101,jorgensenj,12/28/2021 09:07:33.312224,3,529,21131-WOOTON (C101)
Leslie,C101,pierceb,12/28/2021 09:07:33.312224,1,529,21131-WOOTON (C101)
Leslie,C101,trumpd,12/28/2021 09:07:33.312224,490,529,21131-WOOTON (C101)
Leslie,C101,westk,12/28/2021 09:07:33.312224,2,529,21131-WOOTON (C101)
Leslie,C102,bidenj,12/28/2021 09:07:33.312224,28,289,21131-TRACE FORK (C102)
Leslie,C102,jorgensenj,12/28/2021 09:07:33.312224,0,289,21131-TRACE FORK (C102)
Leslie,C102,pierceb,12/28/2021 09:07:33.312224,0,289,21131-TRACE FORK (C102)
Leslie,C102,trumpd,12/28/2021 09:07:33.312224,261,289,21131-TRACE FORK (C102)
Leslie,C102,westk,12/28/2021 09:07:33.312224,0,289,21131-TRACE FORK (C102)
Leslie,C103,bidenj,12/28/2021 09:07:33.312224,50,512,21131-WOLF (C103)
Leslie,C103,jorgensenj,12/28/2021 09:07:33.312224,1,512,21131-WOLF (C103)
Leslie,C103,pierceb,12/28/2021 09:07:33.312224,0,512,21131-WOLF (C103)
Leslie,C103,trumpd,12/28/2021 09:07:33.312224,460,512,21131-WOLF (C103)
Leslie,C103,westk,12/28/2021 09:07:33.312224,1,512,21131-WOLF (C103)
Leslie,D101,bidenj,12/28/2021 09:07:33.312224,36,298,21131-HYDEN 1 (D101)
Leslie,D101,jorgensenj,12/28/2021 09:07:33.312224,2,298,21131-HYDEN 1 (D101)
Leslie,D101,pierceb,12/28/2021 09:07:33.312224,1,298,21131-HYDEN 1 (D101)
Leslie,D101,trumpd,12/28/2021 09:07:33.312224,259,298,21131-HYDEN 1 (D101)
Leslie,D101,westk,12/28/2021 09:07:33.312224,0,298,21131-HYDEN 1 (D101)
Leslie,D102,bidenj,12/28/2021 09:07:33.312224,41,253,21131-HYDEN 2 (D102)
Leslie,D102,jorgensenj,12/28/2021 09:07:33.312224,1,253,21131-HYDEN 2 (D102)
Leslie,D102,pierceb,12/28/2021 09:07:33.312224,1,253,21131-HYDEN 2 (D102)
Leslie,D102,trumpd,12/28/2021 09:07:33.312224,209,253,21131-HYDEN 2 (D102)
Leslie,D102,westk,12/28/2021 09:07:33.312224,1,253,21131-HYDEN 2 (D102)
Leslie,D103,bidenj,12/28/2021 09:07:33.312224,26,189,21131-WILDER (D103)
Leslie,D103,jorgensenj,12/28/2021 09:07:33.312224,1,189,21131-WILDER (D103)
Leslie,D103,pierceb,12/28/2021 09:07:33.312224,2,189,21131-WILDER (D103)
Leslie,D103,trumpd,12/28/2021 09:07:33.312224,160,189,21131-WILDER (D103)
Leslie,D103,westk,12/28/2021 09:07:33.312224,0,189,21131-WILDER (D103)
Leslie,D104,bidenj,12/28/2021 09:07:33.312224,32,313,21131-MIDWAY (D104)
Leslie,D104,jorgensenj,12/28/2021 09:07:33.312224,3,313,21131-MIDWAY (D104)
Leslie,D104,pierceb,12/28/2021 09:07:33.312224,0,313,21131-MIDWAY (D104)
Leslie,D104,trumpd,12/28/2021 09:07:33.312224,274,313,21131-MIDWAY (D104)
Leslie,D104,westk,12/28/2021 09:07:33.312224,4,313,21131-MIDWAY (D104)
Leslie,D105,bidenj,12/28/2021 09:07:33.312224,2,67,21131-BULLSKIN NO. 17 (D105)
Leslie,D105,jorgensenj,12/28/2021 09:07:33.312224,0,67,21131-BULLSKIN NO. 17 (D105)
Leslie,D105,pierceb,12/28/2021 09:07:33.312224,0,67,21131-BULLSKIN NO. 17 (D105)
Leslie,D105,trumpd,12/28/2021 09:07:33.312224,65,67,21131-BULLSKIN NO. 17 (D105)
Leslie,D105,westk,12/28/2021 09:07:33.312224,0,67,21131-BULLSKIN NO. 17 (D105)
Leslie,Pres,bidenj,12/28/2021 09:07:33.312224,0,0,
Leslie,Pres,jorgensenj,12/28/2021 09:07:33.312224,0,0,
Leslie,Pres,pierceb,12/28/2021 09:07:33.312224,0,0,
Leslie,Pres,trumpd,12/28/2021 09:07:33.312224,0,0,
Leslie,Pres,westk,12/28/2021 09:07:33.312224,0,0,
Magoffin,A101,bidenj,12/28/2021 09:07:33.312224,135,454,21153-SALYERSVILLE 2 (A101)
Magoffin,A101,jorgensenj,12/28/2021 09:07:33.312224,1,454,21153-SALYERSVILLE 2 (A101)
Magoffin,A101,pierceb,12/28/2021 09:07:33.312224,1,454,21153-SALYERSVILLE 2 (A101)
Magoffin,A101,trumpd,12/28/2021 09:07:33.312224,317,454,21153-SALYERSVILLE 2 (A101)
Magoffin,A101,westk,12/28/2021 09:07:33.312224,0,454,21153-SALYERSVILLE 2 (A101)
Magoffin,A102,bidenj,12/28/2021 09:07:33.312224,106,500,21153-BLOOMINGTON (A102)
Magoffin,A102,jorgensenj,12/28/2021 09:07:33.312224,2,500,21153-BLOOMINGTON (A102)
Magoffin,A102,pierceb,12/28/2021 09:07:33.312224,0,500,21153-BLOOMINGTON (A102)
Magoffin,A102,trumpd,12/28/2021 09:07:33.312224,391,500,21153-BLOOMINGTON (A102)
Magoffin,A102,westk,12/28/2021 09:07:33.312224,1,500,21153-BLOOMINGTON (A102)
Magoffin,A103,bidenj,12/28/2021 09:07:33.312224,55,303,undefined
Magoffin,A103,jorgensenj,12/28/2021 09:07:33.312224,2,303,undefined
Magoffin,A103,pierceb,12/28/2021 09:07:33.312224,0,303,undefined
Magoffin,A103,trumpd,12/28/2021 09:07:33.312224,244,303,undefined
Magoffin,A103,westk,12/28/2021 09:07:33.312224,2,303,undefined
Magoffin,A104,bidenj,12/28/2021 09:07:33.312224,143,617,21153-CARTY BRANCH (A104)
Magoffin,A104,jorgensenj,12/28/2021 09:07:33.312224,6,617,21153-CARTY BRANCH (A104)
Magoffin,A104,pierceb,12/28/2021 09:07:33.312224,3,617,21153-CARTY BRANCH (A104)
Magoffin,A104,trumpd,12/28/2021 09:07:33.312224,465,617,21153-CARTY BRANCH (A104)
Magoffin,A104,westk,12/28/2021 09:07:33.312224,0,617,21153-CARTY BRANCH (A104)
Magoffin,B101,bidenj,12/28/2021 09:07:33.312224,167,604,21153-SALYERSVILLE 1 (B101)
Magoffin,B101,jorgensenj,12/28/2021 09:07:33.312224,5,604,21153-SALYERSVILLE 1 (B101)
Magoffin,B101,pierceb,12/28/2021 09:07:33.312224,3,604,21153-SALYERSVILLE 1 (B101)
Magoffin,B101,trumpd,12/28/2021 09:07:33.312224,428,604,21153-SALYERSVILLE 1 (B101)
Magoffin,B101,westk,12/28/2021 09:07:33.312224,1,604,21153-SALYERSVILLE 1 (B101)
Magoffin,B102,bidenj,12/28/2021 09:07:33.312224,102,482,21153-STATE ROAD (B102)
Magoffin,B102,jorgensenj,12/28/2021 09:07:33.312224,3,482,21153-STATE ROAD (B102)
Magoffin,B102,pierceb,12/28/2021 09:07:33.312224,0,482,21153-STATE ROAD (B102)
Magoffin,B102,trumpd,12/28/2021 09:07:33.312224,376,482,21153-STATE ROAD (B102)
Magoffin,B102,westk,12/28/2021 09:07:33.312224,1,482,21153-STATE ROAD (B102)
Magoffin,B103,bidenj,12/28/2021 09:07:33.312224,19,222,21153-NEW IVYTOWN (B103)
Magoffin,B103,jorgensenj,12/28/2021 09:07:33.312224,3,222,21153-NEW IVYTOWN (B103)
Magoffin,B103,pierceb,12/28/2021 09:07:33.312224,0,222,21153-NEW IVYTOWN (B103)
Magoffin,B103,trumpd,12/28/2021 09:07:33.312224,199,222,21153-NEW IVYTOWN (B103)
Magoffin,B103,westk,12/28/2021 09:07:33.312224,1,222,21153-NEW IVYTOWN (B103)
Magoffin,B104,bidenj,12/28/2021 09:07:33.312224,77,305,21153-FLAT FORK (B104)
Magoffin,B104,jorgensenj,12/28/2021 09:07:33.312224,0,305,21153-FLAT FORK (B104)
Magoffin,B104,pierceb,12/28/2021 09:07:33.312224,0,305,21153-FLAT FORK (B104)
Magoffin,B104,trumpd,12/28/2021 09:07:33.312224,227,305,21153-FLAT FORK (B104)
Magoffin,B104,westk,12/28/2021 09:07:33.312224,1,305,21153-FLAT FORK (B104)
Magoffin,B105,bidenj,12/28/2021 09:07:33.312224,60,228,21153-BAYES (B105)
Magoffin,B105,jorgensenj,12/28/2021 09:07:33.312224,1,228,21153-BAYES (B105)
Magoffin,B105,pierceb,12/28/2021 09:07:33.312224,0,228,21153-BAYES (B105)
Magoffin,B105,trumpd,12/28/2021 09:07:33.312224,167,228,21153-BAYES (B105)
Magoffin,B105,westk,12/28/2021 09:07:33.312224,0,228,21153-BAYES (B105)
Magoffin,C101,bidenj,12/28/2021 09:07:33.312224,79,297,21153-MEADOWS (C101)
Magoffin,C101,jorgensenj,12/28/2021 09:07:33.312224,3,297,21153-MEADOWS (C101)
Magoffin,C101,pierceb,12/28/2021 09:07:33.312224,0,297,21153-MEADOWS (C101)
Magoffin,C101,trumpd,12/28/2021 09:07:33.312224,215,297,21153-MEADOWS (C101)
Magoffin,C101,westk,12/28/2021 09:07:33.312224,0,297,21153-MEADOWS (C101)
Magoffin,C102,bidenj,12/28/2021 09:07:33.312224,41,282,21153-WIREMAN (C102)
Magoffin,C102,jorgensenj,12/28/2021 09:07:33.312224,6,282,21153-WIREMAN (C102)
Magoffin,C102,pierceb,12/28/2021 09:07:33.312224,1,282,21153-WIREMAN (C102)
Magoffin,C102,trumpd,12/28/2021 09:07:33.312224,234,282,21153-WIREMAN (C102)
Magoffin,C102,westk,12/28/2021 09:07:33.312224,0,282,21153-WIREMAN (C102)
Magoffin,C103,bidenj,12/28/2021 09:07:33.312224,70,342,21153-LAKEVILLE (C103)
Magoffin,C103,jorgensenj,12/28/2021 09:07:33.312224,5,342,21153-LAKEVILLE (C103)
Magoffin,C103,pierceb,12/28/2021 09:07:33.312224,0,342,21153-LAKEVILLE (C103)
Magoffin,C103,trumpd,12/28/2021 09:07:33.312224,266,342,21153-LAKEVILLE (C103)
Magoffin,C103,westk,12/28/2021 09:07:33.312224,1,342,21153-LAKEVILLE (C103)
Magoffin,C104,bidenj,12/28/2021 09:07:33.312224,70,348,21153-ATKINSON (C104)
Magoffin,C104,jorgensenj,12/28/2021 09:07:33.312224,1,348,21153-ATKINSON (C104)
Magoffin,C104,pierceb,12/28/2021 09:07:33.312224,0,348,21153-ATKINSON (C104)
Magoffin,C104,trumpd,12/28/2021 09:07:33.312224,276,348,21153-ATKINSON (C104)
Magoffin,C104,westk,12/28/2021 09:07:33.312224,1,348,21153-ATKINSON (C104)
Magoffin,C105,bidenj,12/28/2021 09:07:33.312224,89,462,21153-BRADLEY (C105)
Magoffin,C105,jorgensenj,12/28/2021 09:07:33.312224,2,462,21153-BRADLEY (C105)
Magoffin,C105,pierceb,12/28/2021 09:07:33.312224,1,462,21153-BRADLEY (C105)
Magoffin,C105,trumpd,12/28/2021 09:07:33.312224,369,462,21153-BRADLEY (C105)
Magoffin,C105,westk,12/28/2021 09:07:33.312224,1,462,21153-BRADLEY (C105)
Magoffin,Pres,bidenj,12/28/2021 09:07:33.312224,0,0,
Magoffin,Pres,jorgensenj,12/28/2021 09:07:33.312224,0,0,
Magoffin,Pres,pierceb,12/28/2021 09:07:33.312224,0,0,
Magoffin,Pres,trumpd,12/28/2021 09:07:33.312224,0,0,
Magoffin,Pres,westk,12/28/2021 09:07:33.312224,0,0,
Martin,A101,bidenj,12/28/2021 09:07:33.312224,56,384,21159-INEZ LOWER (A101)
Martin,A101,jorgensenj,12/28/2021 09:07:33.312224,2,384,21159-INEZ LOWER (A101)
Martin,A101,pierceb,12/28/2021 09:07:33.312224,0,384,21159-INEZ LOWER (A101)
Martin,A101,trumpd,12/28/2021 09:07:33.312224,325,384,21159-INEZ LOWER (A101)
Martin,A101,westk,12/28/2021 09:07:33.312224,1,384,21159-INEZ LOWER (A101)
Martin,A102,bidenj,12/28/2021 09:07:33.312224,25,213,21159-INEZ UPPER (A102)
Martin,A102,jorgensenj,12/28/2021 09:07:33.312224,1,213,21159-INEZ UPPER (A102)
Martin,A102,pierceb,12/28/2021 09:07:33.312224,0,213,21159-INEZ UPPER (A102)
Martin,A102,trumpd,12/28/2021 09:07:33.312224,186,213,21159-INEZ UPPER (A102)
Martin,A102,westk,12/28/2021 09:07:33.312224,1,213,21159-INEZ UPPER (A102)
Martin,A103,bidenj,12/28/2021 09:07:33.312224,19,216,21159-TURKEY (A103)
Martin,A103,jorgensenj,12/28/2021 09:07:33.312224,0,216,21159-TURKEY (A103)
Martin,A103,pierceb,12/28/2021 09:07:33.312224,0,216,21159-TURKEY (A103)
Martin,A103,trumpd,12/28/2021 09:07:33.312224,195,216,21159-TURKEY (A103)
Martin,A103,westk,12/28/2021 09:07:33.312224,2,216,21159-TURKEY (A103)
Martin,B101,bidenj,12/28/2021 09:07:33.312224,15,159,21159-BLACKLOG (B101)
Martin,B101,jorgensenj,12/28/2021 09:07:33.312224,0,159,21159-BLACKLOG (B101)
Martin,B101,pierceb,12/28/2021 09:07:33.312224,1,159,21159-BLACKLOG (B101)
Martin,B101,trumpd,12/28/2021 09:07:33.312224,143,159,21159-BLACKLOG (B101)
Martin,B101,westk,12/28/2021 09:07:33.312224,0,159,21159-BLACKLOG (B101)
Martin,B102,bidenj,12/28/2021 09:07:33.312224,26,424,21159-COLDWATER (B102)
Martin,B102,jorgensenj,12/28/2021 09:07:33.312224,2,424,21159-COLDWATER (B102)
Martin,B102,pierceb,12/28/2021 09:07:33.312224,1,424,21159-COLDWATER (B102)
Martin,B102,trumpd,12/28/2021 09:07:33.312224,395,424,21159-COLDWATER (B102)
Martin,B102,westk,12/28/2021 09:07:33.312224,0,424,21159-COLDWATER (B102)
Martin,B103,bidenj,12/28/2021 09:07:33.312224,26,293,21159-JOHN DAVIS (B103)
Martin,B103,jorgensenj,12/28/2021 09:07:33.312224,1,293,21159-JOHN DAVIS (B103)
Martin,B103,pierceb,12/28/2021 09:07:33.312224,1,293,21159-JOHN DAVIS (B103)
Martin,B103,trumpd,12/28/2021 09:07:33.312224,263,293,21159-JOHN DAVIS (B103)
Martin,B103,westk,12/28/2021 09:07:33.312224,2,293,21159-JOHN DAVIS (B103)
Martin,C101,bidenj,12/28/2021 09:07:33.312224,62,512,21159-TOMAHAWK (C101)
Martin,C101,jorgensenj,12/28/2021 09:07:33.312224,5,512,21159-TOMAHAWK (C101)
Martin,C101,pierceb,12/28/2021 09:07:33.312224,1,512,21159-TOMAHAWK (C101)
Martin,C101,trumpd,12/28/2021 09:07:33.312224,444,512,21159-TOMAHAWK (C101)
Martin,C101,westk,12/28/2021 09:07:33.312224,0,512,21159-TOMAHAWK (C101)
Martin,C102,bidenj,12/28/2021 09:07:33.312224,30,303,21159-LICK BRANCH (C102)
Martin,C102,jorgensenj,12/28/2021 09:07:33.312224,1,303,21159-LICK BRANCH (C102)
Martin,C102,pierceb,12/28/2021 09:07:33.312224,0,303,21159-LICK BRANCH (C102)
Martin,C102,trumpd,12/28/2021 09:07:33.312224,271,303,21159-LICK BRANCH (C102)
Martin,C102,westk,12/28/2021 09:07:33.312224,1,303,21159-LICK BRANCH (C102)
Martin,D101,bidenj,12/28/2021 09:07:33.312224,24,200,21159-LONG BRANCH (D101)
Martin,D101,jorgensenj,12/28/2021 09:07:33.312224,1,200,21159-LONG BRANCH (D101)
Martin,D101,pierceb,12/28/2021 09:07:33.312224,0,200,21159-LONG BRANCH (D101)
Martin,D101,trumpd,12/28/2021 09:07:33.312224,175,200,21159-LONG BRANCH (D101)
Martin,D101,westk,12/28/2021 09:07:33.312224,0,200,21159-LONG BRANCH (D101)
Martin,D102,bidenj,12/28/2021 09:07:33.312224,27,239,21159-EMILY (D102)
Martin,D102,jorgensenj,12/28/2021 09:07:33.312224,2,239,21159-EMILY (D102)
Martin,D102,pierceb,12/28/2021 09:07:33.312224,1,239,21159-EMILY (D102)
Martin,D102,trumpd,12/28/2021 09:07:33.312224,209,239,21159-EMILY (D102)
Martin,D102,westk,12/28/2021 09:07:33.312224,0,239,21159-EMILY (D102)
Martin,D103,bidenj,12/28/2021 09:07:33.312224,15,265,21159-PIGEON ROOST (D103)
Martin,D103,jorgensenj,12/28/2021 09:07:33.312224,2,265,21159-PIGEON ROOST (D103)
Martin,D103,pierceb,12/28/2021 09:07:33.312224,0,265,21159-PIGEON ROOST (D103)
Martin,D103,trumpd,12/28/2021 09:07:33.312224,248,265,21159-PIGEON ROOST (D103)
Martin,D103,westk,12/28/2021 09:07:33.312224,0,265,21159-PIGEON ROOST (D103)
Martin,D104,bidenj,12/28/2021 09:07:33.312224,4,104,21159-SAM MOORE (D104)
Martin,D104,jorgensenj,12/28/2021 09:07:33.312224,0,104,21159-SAM MOORE (D104)
Martin,D104,pierceb,12/28/2021 09:07:33.312224,0,104,21159-SAM MOORE (D104)
Martin,D104,trumpd,12/28/2021 09:07:33.312224,100,104,21159-SAM MOORE (D104)
Martin,D104,westk,12/28/2021 09:07:33.312224,0,104,21159-SAM MOORE (D104)
Martin,E101,bidenj,12/28/2021 09:07:33.312224,29,229,21159-HIMLERVILLE (E101)
Martin,E101,jorgensenj,12/28/2021 09:07:33.312224,0,229,21159-HIMLERVILLE (E101)
Martin,E101,pierceb,12/28/2021 09:07:33.312224,0,229,21159-HIMLERVILLE (E101)
Martin,E101,trumpd,12/28/2021 09:07:33.312224,200,229,21159-HIMLERVILLE (E101)
Martin,E101,westk,12/28/2021 09:07:33.312224,0,229,21159-HIMLERVILLE (E101)
Martin,E102,bidenj,12/28/2021 09:07:33.312224,45,389,21159-WARFIELD (E102)
Martin,E102,jorgensenj,12/28/2021 09:07:33.312224,0,389,21159-WARFIELD (E102)
Martin,E102,pierceb,12/28/2021 09:07:33.312224,1,389,21159-WARFIELD (E102)
Martin,E102,trumpd,12/28/2021 09:07:33.312224,342,389,21159-WARFIELD (E102)
Martin,E102,westk,12/28/2021 09:07:33.312224,1,389,21159-WARFIELD (E102)
Martin,Pres,bidenj,12/28/2021 09:07:33.312224,0,0,
Martin,Pres,jorgensenj,12/28/2021 09:07:33.312224,0,0,
Martin,Pres,pierceb,12/28/2021 09:07:33.312224,0,0,
Martin,Pres,trumpd,12/28/2021 09:07:33.312224,0,0,
Martin,Pres,westk,12/28/2021 09:07:33.312224,0,0,
Menifee,A101,bidenj,12/28/2021 09:07:33.312224,93,329,21165-FRENCHBURG 1 (A101)
Menifee,A101,jorgensenj,12/28/2021 09:07:33.312224,4,329,21165-FRENCHBURG 1 (A101)
Menifee,A101,pierceb,12/28/2021 09:07:33.312224,3,329,21165-FRENCHBURG 1 (A101)
Menifee,A101,trumpd,12/28/2021 09:07:33.312224,227,329,21165-FRENCHBURG 1 (A101)
Menifee,A101,westk,12/28/2021 09:07:33.312224,2,329,21165-FRENCHBURG 1 (A101)
Menifee,A102,bidenj,12/28/2021 09:07:33.312224,55,270,21165-FRENCHBURG 2 (A102)
Menifee,A102,jorgensenj,12/28/2021 09:07:33.312224,3,270,21165-FRENCHBURG 2 (A102)
Menifee,A102,pierceb,12/28/2021 09:07:33.312224,0,270,21165-FRENCHBURG 2 (A102)
Menifee,A102,trumpd,12/28/2021 09:07:33.312224,212,270,21165-FRENCHBURG 2 (A102)
Menifee,A102,westk,12/28/2021 09:07:33.312224,0,270,21165-FRENCHBURG 2 (A102)
Menifee,B101,bidenj,12/28/2021 09:07:33.312224,217,835,21165-WELLINGTON (B101)
Menifee,B101,jorgensenj,12/28/2021 09:07:33.312224,7,835,21165-WELLINGTON (B101)
Menifee,B101,pierceb,12/28/2021 09:07:33.312224,1,835,21165-WELLINGTON (B101)
Menifee,B101,trumpd,12/28/2021 09:07:33.312224,606,835,21165-WELLINGTON (B101)
Menifee,B101,westk,12/28/2021 09:07:33.312224,4,835,21165-WELLINGTON (B101)
Menifee,C101,bidenj,12/28/2021 09:07:33.312224,110,571,21165-MEANS (C101)
Menifee,C101,jorgensenj,12/28/2021 09:07:33.312224,4,571,21165-MEANS (C101)
Menifee,C101,pierceb,12/28/2021 09:07:33.312224,0,571,21165-MEANS (C101)
Menifee,C101,trumpd,12/28/2021 09:07:33.312224,456,571,21165-MEANS (C101)
Menifee,C101,westk,12/28/2021 09:07:33.312224,1,571,21165-MEANS (C101)
Menifee,D101,bidenj,12/28/2021 09:07:33.312224,133,553,21165-POMEROYTON (D101)
Menifee,D101,jorgensenj,12/28/2021 09:07:33.312224,2,553,21165-POMEROYTON (D101)
Menifee,D101,pierceb,12/28/2021 09:07:33.312224,0,553,21165-POMEROYTON (D101)
Menifee,D101,trumpd,12/28/2021 09:07:33.312224,417,553,21165-POMEROYTON (D101)
Menifee,D101,westk,12/28/2021 09:07:33.312224,1,553,21165-POMEROYTON (D101)
Menifee,E101,bidenj,12/28/2021 09:07:33.312224,142,538,21165-MARIBA (E101)
Menifee,E101,jorgensenj,12/28/2021 09:07:33.312224,4,538,21165-MARIBA (E101)
Menifee,E101,pierceb,12/28/2021 09:07:33.312224,1,538,21165-MARIBA (E101)
Menifee,E101,trumpd,12/28/2021 09:07:33.312224,387,538,21165-MARIBA (E101)
Menifee,E101,westk,12/28/2021 09:07:33.312224,4,538,21165-MARIBA (E101)
Menifee,Pres,bidenj,12/28/2021 09:07:33.312224,0,6,
Menifee,Pres,jorgensenj,12/28/2021 09:07:33.312224,0,6,
Menifee,Pres,pierceb,12/28/2021 09:07:33.312224,0,6,
Menifee,Pres,trumpd,12/28/2021 09:07:33.312224,6,6,
Menifee,Pres,westk,12/28/2021 09:07:33.312224,0,6,
Powell,A101,bidenj,12/28/2021 09:07:33.312224,116,515,21197-VIRDEN 1 (A101)
Powell,A101,jorgensenj,12/28/2021 09:07:33.312224,3,515,21197-VIRDEN 1 (A101)
Powell,A101,pierceb,12/28/2021 09:07:33.312224,0,515,21197-VIRDEN 1 (A101)
Powell,A101,trumpd,12/28/2021 09:07:33.312224,396,515,21197-VIRDEN 1 (A101)
Powell,A101,westk,12/28/2021 09:07:33.312224,0,515,21197-VIRDEN 1 (A101)
Powell,A102,bidenj,12/28/2021 09:07:33.312224,163,664,21197-HARDWICKS CREEK 6 (A102)
Powell,A102,jorgensenj,12/28/2021 09:07:33.312224,6,664,21197-HARDWICKS CREEK 6 (A102)
Powell,A102,pierceb,12/28/2021 09:07:33.312224,2,664,21197-HARDWICKS CREEK 6 (A102)
Powell,A102,trumpd,12/28/2021 09:07:33.312224,493,664,21197-HARDWICKS CREEK 6 (A102)
Powell,A102,westk,12/28/2021 09:07:33.312224,0,664,21197-HARDWICKS CREEK 6 (A102)
Powell,B101,bidenj,12/28/2021 09:07:33.312224,79,347,21197-CLAY CITY 5 (B101)
Powell,B101,jorgensenj,12/28/2021 09:07:33.312224,4,347,21197-CLAY CITY 5 (B101)
Powell,B101,pierceb,12/28/2021 09:07:33.312224,1,347,21197-CLAY CITY 5 (B101)
Powell,B101,trumpd,12/28/2021 09:07:33.312224,261,347,21197-CLAY CITY 5 (B101)
Powell,B101,westk,12/28/2021 09:07:33.312224,2,347,21197-CLAY CITY 5 (B101)
Powell,B102,bidenj,12/28/2021 09:07:33.312224,138,702,21197-CLAY CITY 9 (B102)
Powell,B102,jorgensenj,12/28/2021 09:07:33.312224,16,702,21197-CLAY CITY 9 (B102)
Powell,B102,pierceb,12/28/2021 09:07:33.312224,2,702,21197-CLAY CITY 9 (B102)
Powell,B102,trumpd,12/28/2021 09:07:33.312224,544,702,21197-CLAY CITY 9 (B102)
Powell,B102,westk,12/28/2021 09:07:33.312224,2,702,21197-CLAY CITY 9 (B102)
Powell,C101,bidenj,12/28/2021 09:07:33.312224,119,473,21197-STANTON 02 (C101)
Powell,C101,jorgensenj,12/28/2021 09:07:33.312224,3,473,21197-STANTON 02 (C101)
Powell,C101,pierceb,12/28/2021 09:07:33.312224,1,473,21197-STANTON 02 (C101)
Powell,C101,trumpd,12/28/2021 09:07:33.312224,349,473,21197-STANTON 02 (C101)
Powell,C101,westk,12/28/2021 09:07:33.312224,1,473,21197-STANTON 02 (C101)
Powell,C102,bidenj,12/28/2021 09:07:33.312224,147,542,21197-STANTON 07 (C102)
Powell,C102,jorgensenj,12/28/2021 09:07:33.312224,9,542,21197-STANTON 07 (C102)
Powell,C102,pierceb,12/28/2021 09:07:33.312224,1,542,21197-STANTON 07 (C102)
Powell,C102,trumpd,12/28/2021 09:07:33.312224,382,542,21197-STANTON 07 (C102)
Powell,C102,westk,12/28/2021 09:07:33.312224,3,542,21197-STANTON 07 (C102)
Powell,D101,bidenj,12/28/2021 09:07:33.312224,172,598,21197-ROSSLYN 3 (D101)
Powell,D101,jorgensenj,12/28/2021 09:07:33.312224,6,598,21197-ROSSLYN 3 (D101)
Powell,D101,pierceb,12/28/2021 09:07:33.312224,0,598,21197-ROSSLYN 3 (D101)
Powell,D101,trumpd,12/28/2021 09:07:33.312224,419,598,21197-ROSSLYN 3 (D101)
Powell,D101,westk,12/28/2021 09:07:33.312224,1,598,21197-ROSSLYN 3 (D101)
Powell,D102,bidenj,12/28/2021 09:07:33.312224,80,254,21197-SOUTH FORK 4 (D102)
Powell,D102,jorgensenj,12/28/2021 09:07:33.312224,0,254,21197-SOUTH FORK 4 (D102)
Powell,D102,pierceb,12/28/2021 09:07:33.312224,1,254,21197-SOUTH FORK 4 (D102)
Powell,D102,trumpd,12/28/2021 09:07:33.312224,173,254,21197-SOUTH FORK 4 (D102)
Powell,D102,westk,12/28/2021 09:07:33.312224,0,254,21197-SOUTH FORK 4 (D102)
Powell,D103,bidenj,12/28/2021 09:07:33.312224,53,153,21197-SLADE 11 (D103)
Powell,D103,jorgensenj,12/28/2021 09:07:33.312224,2,153,21197-SLADE 11 (D103)
Powell,D103,pierceb,12/28/2021 09:07:33.312224,0,153,21197-SLADE 11 (D103)
Powell,D103,trumpd,12/28/2021 09:07:33.312224,98,153,21197-SLADE 11 (D103)
Powell,D103,westk,12/28/2021 09:07:33.312224,0,153,21197-SLADE 11 (D103)
Powell,E101,bidenj,12/28/2021 09:07:33.312224,175,683,21197-STANTON 08 (E101)
Powell,E101,jorgensenj,12/28/2021 09:07:33.312224,11,683,21197-STANTON 08 (E101)
Powell,E101,pierceb,12/28/2021 09:07:33.312224,3,683,21197-STANTON 08 (E101)
Powell,E101,trumpd,12/28/2021 09:07:33.312224,491,683,21197-STANTON 08 (E101)
Powell,E101,westk,12/28/2021 09:07:33.312224,3,683,21197-STANTON 08 (E101)
Powell,E102,bidenj,12/28/2021 09:07:33.312224,125,567,21197-FURNACE MTN 10 (E102)
Powell,E102,jorgensenj,12/28/2021 09:07:33.312224,7,567,21197-FURNACE MTN 10 (E102)
Powell,E102,pierceb,12/28/2021 09:07:33.312224,3,567,21197-FURNACE MTN 10 (E102)
Powell,E102,trumpd,12/28/2021 09:07:33.312224,428,567,21197-FURNACE MTN 10 (E102)
Powell,E102,westk,12/28/2021 09:07:33.312224,4,567,21197-FURNACE MTN 10 (E102)
Powell,Pres,bidenj,12/28/2021 09:07:33.312224,0,7,
Powell,Pres,jorgensenj,12/28/2021 09:07:33.312224,0,7,
Powell,Pres,pierceb,12/28/2021 09:07:33.312224,0,7,
Powell,Pres,trumpd,12/28/2021 09:07:33.312224,7,7,
Powell,Pres,westk,12/28/2021 09:07:33.312224,0,7,
Rockcastle,A101,bidenj,12/28/2021 09:07:33.312224,162,1117,21203-BRODHEAD N (A101)
Rockcastle,A101,jorgensenj,12/28/2021 09:07:33.312224,10,1117,21203-BRODHEAD N (A101)
Rockcastle,A101,pierceb,12/28/2021 09:07:33.312224,0,1117,21203-BRODHEAD N (A101)
Rockcastle,A101,trumpd,12/28/2021 09:07:33.312224,940,1117,21203-BRODHEAD N (A101)
Rockcastle,A101,westk,12/28/2021 09:07:33.312224,5,1117,21203-BRODHEAD N (A101)
Rockcastle,A102,bidenj,12/28/2021 09:07:33.312224,71,516,21203-MT VERNON N (A102)
Rockcastle,A102,jorgensenj,12/28/2021 09:07:33.312224,1,516,21203-MT VERNON N (A102)
Rockcastle,A102,pierceb,12/28/2021 09:07:33.312224,0,516,21203-MT VERNON N (A102)
Rockcastle,A102,trumpd,12/28/2021 09:07:33.312224,442,516,21203-MT VERNON N (A102)
Rockcastle,A102,westk,12/28/2021 09:07:33.312224,2,516,21203-MT VERNON N (A102)
Rockcastle,B101,bidenj,12/28/2021 09:07:33.312224,69,517,21203-MT VERNON S (B101)
Rockcastle,B101,jorgensenj,12/28/2021 09:07:33.312224,4,517,21203-MT VERNON S (B101)
Rockcastle,B101,pierceb,12/28/2021 09:07:33.312224,0,517,21203-MT VERNON S (B101)
Rockcastle,B101,trumpd,12/28/2021 09:07:33.312224,441,517,21203-MT VERNON S (B101)
Rockcastle,B101,westk,12/28/2021 09:07:33.312224,3,517,21203-MT VERNON S (B101)
Rockcastle,B102,bidenj,12/28/2021 09:07:33.312224,125,786,21203-WEST MT VERNON (B102)
Rockcastle,B102,jorgensenj,12/28/2021 09:07:33.312224,3,786,21203-WEST MT VERNON (B102)
Rockcastle,B102,pierceb,12/28/2021 09:07:33.312224,0,786,21203-WEST MT VERNON (B102)
Rockcastle,B102,trumpd,12/28/2021 09:07:33.312224,658,786,21203-WEST MT VERNON (B102)
Rockcastle,B102,westk,12/28/2021 09:07:33.312224,0,786,21203-WEST MT VERNON (B102)
Rockcastle,C101,bidenj,12/28/2021 09:07:33.312224,94,849,21203-BROWN (C101)
Rockcastle,C101,jorgensenj,12/28/2021 09:07:33.312224,0,849,21203-BROWN (C101)
Rockcastle,C101,pierceb,12/28/2021 09:07:33.312224,3,849,21203-BROWN (C101)
Rockcastle,C101,trumpd,12/28/2021 09:07:33.312224,752,849,21203-BROWN (C101)
Rockcastle,C101,westk,12/28/2021 09:07:33.312224,0,849,21203-BROWN (C101)
Rockcastle,C102,bidenj,12/28/2021 09:07:33.312224,99,733,21203-BRODHEAD W (C102)
Rockcastle,C102,jorgensenj,12/28/2021 09:07:33.312224,5,733,21203-BRODHEAD W (C102)
Rockcastle,C102,pierceb,12/28/2021 09:07:33.312224,0,733,21203-BRODHEAD W (C102)
Rockcastle,C102,trumpd,12/28/2021 09:07:33.312224,629,733,21203-BRODHEAD W (C102)
Rockcastle,C102,westk,12/28/2021 09:07:33.312224,0,733,21203-BRODHEAD W (C102)
Rockcastle,C103,bidenj,12/28/2021 09:07:33.312224,11,200,21203-BULLOCK (C103)
Rockcastle,C103,jorgensenj,12/28/2021 09:07:33.312224,3,200,21203-BULLOCK (C103)
Rockcastle,C103,pierceb,12/28/2021 09:07:33.312224,0,200,21203-BULLOCK (C103)
Rockcastle,C103,trumpd,12/28/2021 09:07:33.312224,185,200,21203-BULLOCK (C103)
Rockcastle,C103,westk,12/28/2021 09:07:33.312224,1,200,21203-BULLOCK (C103)
Rockcastle,D101,bidenj,12/28/2021 09:07:33.312224,149,910,21203-CONWAY (D101)
Rockcastle,D101,jorgensenj,12/28/2021 09:07:33.312224,11,910,21203-CONWAY (D101)
Rockcastle,D101,pierceb,12/28/2021 09:07:33.312224,0,910,21203-CONWAY (D101)
Rockcastle,D101,trumpd,12/28/2021 09:07:33.312224,750,910,21203-CONWAY (D101)
Rockcastle,D101,westk,12/28/2021 09:07:33.312224,0,910,21203-CONWAY (D101)
Rockcastle,D102,bidenj,12/28/2021 09:07:33.312224,84,475,21203-ROUNDSTONE (D102)
Rockcastle,D102,jorgensenj,12/28/2021 09:07:33.312224,3,475,21203-ROUNDSTONE (D102)
Rockcastle,D102,pierceb,12/28/2021 09:07:33.312224,0,475,21203-ROUNDSTONE (D102)
Rockcastle,D102,trumpd,12/28/2021 09:07:33.312224,388,475,21203-ROUNDSTONE (D102)
Rockcastle,D102,westk,12/28/2021 09:07:33.312224,0,475,21203-ROUNDSTONE (D102)
Rockcastle,D103,bidenj,12/28/2021 09:07:33.312224,46,154,21203-CLIMAX (D103)
Rockcastle,D103,jorgensenj,12/28/2021 09:07:33.312224,2,154,21203-CLIMAX (D103)
Rockcastle,D103,pierceb,12/28/2021 09:07:33.312224,0,154,21203-CLIMAX (D103)
Rockcastle,D103,trumpd,12/28/2021 09:07:33.312224,106,154,21203-CLIMAX (D103)
Rockcastle,D103,westk,12/28/2021 09:07:33.312224,0,154,21203-CLIMAX (D103)
Rockcastle,E101,bidenj,12/28/2021 09:07:33.312224,77,510,21203-MT VERNON E (E101)
Rockcastle,E101,jorgensenj,12/28/2021 09:07:33.312224,6,510,21203-MT VERNON E (E101)
Rockcastle,E101,pierceb,12/28/2021 09:07:33.312224,0,510,21203-MT VERNON E (E101)
Rockcastle,E101,trumpd,12/28/2021 09:07:33.312224,426,510,21203-MT VERNON E (E101)
Rockcastle,E101,westk,12/28/2021 09:07:33.312224,1,510,21203-MT VERNON E (E101)
Rockcastle,E102,bidenj,12/28/2021 09:07:33.312224,39,420,21203-ORLANDO (E102)
Rockcastle,E102,jorgensenj,12/28/2021 09:07:33.312224,2,420,21203-ORLANDO (E102)
Rockcastle,E102,pierceb,12/28/2021 09:07:33.312224,0,420,21203-ORLANDO (E102)
Rockcastle,E102,trumpd,12/28/2021 09:07:33.312224,378,420,21203-ORLANDO (E102)
Rockcastle,E102,westk,12/28/2021 09:07:33.312224,1,420,21203-ORLANDO (E102)
Rockcastle,E103,bidenj,12/28/2021 09:07:33.312224,44,290,21203-LIVINGSTON E (E103)
Rockcastle,E103,jorgensenj,12/28/2021 09:07:33.312224,3,290,21203-LIVINGSTON E (E103)
Rockcastle,E103,pierceb,12/28/2021 09:07:33.312224,0,290,21203-LIVINGSTON E (E103)
Rockcastle,E103,trumpd,12/28/2021 09:07:33.312224,243,290,21203-LIVINGSTON E (E103)
Rockcastle,E103,westk,12/28/2021 09:07:33.312224,0,290,21203-LIVINGSTON E (E103)
Rockcastle,E104,bidenj,12/28/2021 09:07:33.312224,24,109,21203-WILDIE (E104)
Rockcastle,E104,jorgensenj,12/28/2021 09:07:33.312224,2,109,21203-WILDIE (E104)
Rockcastle,E104,pierceb,12/28/2021 09:07:33.312224,0,109,21203-WILDIE (E104)
Rockcastle,E104,trumpd,12/28/2021 09:07:33.312224,83,109,21203-WILDIE (E104)
Rockcastle,E104,westk,12/28/2021 09:07:33.312224,0,109,21203-WILDIE (E104)
Rockcastle,E105,bidenj,12/28/2021 09:07:33.312224,40,197,21203-WEST LIVINGSTON (E105)
Rockcastle,E105,jorgensenj,12/28/2021 09:07:33.312224,1,197,21203-WEST LIVINGSTON (E105)
Rockcastle,E105,pierceb,12/28/2021 09:07:33.312224,0,197,21203-WEST LIVINGSTON (E105)
Rockcastle,E105,trumpd,12/28/2021 09:07:33.312224,156,197,21203-WEST LIVINGSTON (E105)
Rockcastle,E105,westk,12/28/2021 09:07:33.312224,0,197,21203-WEST LIVINGSTON (E105)
Rockcastle,Pres,bidenj,12/28/2021 09:07:33.312224,0,0,
Rockcastle,Pres,jorgensenj,12/28/2021 09:07:33.312224,0,0,
Rockcastle,Pres,pierceb,12/28/2021 09:07:33.312224,0,0,
Rockcastle,Pres,trumpd,12/28/2021 09:07:33.312224,0,0,
Rockcastle,Pres,westk,12/28/2021 09:07:33.312224,0,0,
Floyd,A101,bidenj,12/30/2021 10:16:32.119504,130,381,21071-COURT HOUSE/TRIMBLE BR (A101)
Floyd,A101,jorgensenj,12/30/2021 10:16:32.119504,4,381,21071-COURT HOUSE/TRIMBLE BR (A101)
Floyd,A101,pierceb,12/30/2021 10:16:32.119504,0,381,21071-COURT HOUSE/TRIMBLE BR (A101)
Floyd,A101,trumpd,12/30/2021 10:16:32.119504,246,381,21071-COURT HOUSE/TRIMBLE BR (A101)
Floyd,A101,westk,12/30/2021 10:16:32.119504,1,381,21071-COURT HOUSE/TRIMBLE BR (A101)
Floyd,A102,bidenj,12/30/2021 10:16:32.119504,9,76,21071-ENDICOTT/BUFFALO (A102)
Floyd,A102,jorgensenj,12/30/2021 10:16:32.119504,0,76,21071-ENDICOTT/BUFFALO (A102)
Floyd,A102,pierceb,12/30/2021 10:16:32.119504,0,76,21071-ENDICOTT/BUFFALO (A102)
Floyd,A102,trumpd,12/30/2021 10:16:32.119504,66,76,21071-ENDICOTT/BUFFALO (A102)
Floyd,A102,westk,12/30/2021 10:16:32.119504,1,76,21071-ENDICOTT/BUFFALO (A102)
Floyd,A103,bidenj,12/30/2021 10:16:32.119504,66,412,21071-DEPOT (A103)
Floyd,A103,jorgensenj,12/30/2021 10:16:32.119504,3,412,21071-DEPOT (A103)
Floyd,A103,pierceb,12/30/2021 10:16:32.119504,0,412,21071-DEPOT (A103)
Floyd,A103,trumpd,12/30/2021 10:16:32.119504,341,412,21071-DEPOT (A103)
Floyd,A103,westk,12/30/2021 10:16:32.119504,2,412,21071-DEPOT (A103)
Floyd,A104,bidenj,12/30/2021 10:16:32.119504,66,216,21071-RICHMOND (A104)
Floyd,A104,jorgensenj,12/30/2021 10:16:32.119504,4,216,21071-RICHMOND (A104)
Floyd,A104,pierceb,12/30/2021 10:16:32.119504,0,216,21071-RICHMOND (A104)
Floyd,A104,trumpd,12/30/2021 10:16:32.119504,146,216,21071-RICHMOND (A104)
Floyd,A104,westk,12/30/2021 10:16:32.119504,0,216,21071-RICHMOND (A104)
Floyd,A105,bidenj,12/30/2021 10:16:32.119504,155,561,21071-NORTH PRESTONBURG (A105)
Floyd,A105,jorgensenj,12/30/2021 10:16:32.119504,1,561,21071-NORTH PRESTONBURG (A105)
Floyd,A105,pierceb,12/30/2021 10:16:32.119504,0,561,21071-NORTH PRESTONBURG (A105)
Floyd,A105,trumpd,12/30/2021 10:16:32.119504,400,561,21071-NORTH PRESTONBURG (A105)
Floyd,A105,westk,12/30/2021 10:16:32.119504,5,561,21071-NORTH PRESTONBURG (A105)
Floyd,A106,bidenj,12/30/2021 10:16:32.119504,153,569,21071-PORTER (A106)
Floyd,A106,jorgensenj,12/30/2021 10:16:32.119504,3,569,21071-PORTER (A106)
Floyd,A106,pierceb,12/30/2021 10:16:32.119504,1,569,21071-PORTER (A106)
Floyd,A106,trumpd,12/30/2021 10:16:32.119504,409,569,21071-PORTER (A106)
Floyd,A106,westk,12/30/2021 10:16:32.119504,3,569,21071-PORTER (A106)
Floyd,A107,bidenj,12/30/2021 10:16:32.119504,128,476,21071-AUXIER (A107)
Floyd,A107,jorgensenj,12/30/2021 10:16:32.119504,5,476,21071-AUXIER (A107)
Floyd,A107,pierceb,12/30/2021 10:16:32.119504,1,476,21071-AUXIER (A107)
Floyd,A107,trumpd,12/30/2021 10:16:32.119504,337,476,21071-AUXIER (A107)
Floyd,A107,westk,12/30/2021 10:16:32.119504,5,476,21071-AUXIER (A107)
Floyd,A109,bidenj,12/30/2021 10:16:32.119504,107,579,21071-COW CREEK (A109)
Floyd,A109,jorgensenj,12/30/2021 10:16:32.119504,5,579,21071-COW CREEK (A109)
Floyd,A109,pierceb,12/30/2021 10:16:32.119504,1,579,21071-COW CREEK (A109)
Floyd,A109,trumpd,12/30/2021 10:16:32.119504,465,579,21071-COW CREEK (A109)
Floyd,A109,westk,12/30/2021 10:16:32.119504,1,579,21071-COW CREEK (A109)
Floyd,A110,bidenj,12/30/2021 10:16:32.119504,105,369,21071-ALLEN-DWALE (A110)
Floyd,A110,jorgensenj,12/30/2021 10:16:32.119504,5,369,21071-ALLEN-DWALE (A110)
Floyd,A110,pierceb,12/30/2021 10:16:32.119504,1,369,21071-ALLEN-DWALE (A110)
Floyd,A110,trumpd,12/30/2021 10:16:32.119504,256,369,21071-ALLEN-DWALE (A110)
Floyd,A110,westk,12/30/2021 10:16:32.119504,2,369,21071-ALLEN-DWALE (A110)
Floyd,A111,bidenj,12/30/2021 10:16:32.119504,142,505,21071-JIM BANKS (A111)
Floyd,A111,jorgensenj,12/30/2021 10:16:32.119504,2,505,21071-JIM BANKS (A111)
Floyd,A111,pierceb,12/30/2021 10:16:32.119504,0,505,21071-JIM BANKS (A111)
Floyd,A111,trumpd,12/30/2021 10:16:32.119504,359,505,21071-JIM BANKS (A111)
Floyd,A111,westk,12/30/2021 10:16:32.119504,2,505,21071-JIM BANKS (A111)
Floyd,A113,bidenj,12/30/2021 10:16:32.119504,89,542,21071-ABBOTT (A113)
Floyd,A113,jorgensenj,12/30/2021 10:16:32.119504,9,542,21071-ABBOTT (A113)
Floyd,A113,pierceb,12/30/2021 10:16:32.119504,2,542,21071-ABBOTT (A113)
Floyd,A113,trumpd,12/30/2021 10:16:32.119504,442,542,21071-ABBOTT (A113)
Floyd,A113,westk,12/30/2021 10:16:32.119504,0,542,21071-ABBOTT (A113)
Floyd,A116,bidenj,12/30/2021 10:16:32.119504,130,671,21071-CLIFF (A116)
Floyd,A116,jorgensenj,12/30/2021 10:16:32.119504,8,671,21071-CLIFF (A116)
Floyd,A116,pierceb,12/30/2021 10:16:32.119504,0,671,21071-CLIFF (A116)
Floyd,A116,trumpd,12/30/2021 10:16:32.119504,530,671,21071-CLIFF (A116)
Floyd,A116,westk,12/30/2021 10:16:32.119504,3,671,21071-CLIFF (A116)
Floyd,B101,bidenj,12/30/2021 10:16:32.119504,77,285,21071-JOHN POSSUM (B101)
Floyd,B101,jorgensenj,12/30/2021 10:16:32.119504,3,285,21071-JOHN POSSUM (B101)
Floyd,B101,pierceb,12/30/2021 10:16:32.119504,1,285,21071-JOHN POSSUM (B101)
Floyd,B101,trumpd,12/30/2021 10:16:32.119504,203,285,21071-JOHN POSSUM (B101)
Floyd,B101,westk,12/30/2021 10:16:32.119504,1,285,21071-JOHN POSSUM (B101)
Floyd,B102,bidenj,12/30/2021 10:16:32.119504,139,554,21071-MAYTOWN (B102)
Floyd,B102,jorgensenj,12/30/2021 10:16:32.119504,2,554,21071-MAYTOWN (B102)
Floyd,B102,pierceb,12/30/2021 10:16:32.119504,2,554,21071-MAYTOWN (B102)
Floyd,B102,trumpd,12/30/2021 10:16:32.119504,410,554,21071-MAYTOWN (B102)
Floyd,B102,westk,12/30/2021 10:16:32.119504,1,554,21071-MAYTOWN (B102)
Floyd,B103,bidenj,12/30/2021 10:16:32.119504,88,366,21071-BOSCO (B103)
Floyd,B103,jorgensenj,12/30/2021 10:16:32.119504,3,366,21071-BOSCO (B103)
Floyd,B103,pierceb,12/30/2021 10:16:32.119504,0,366,21071-BOSCO (B103)
Floyd,B103,trumpd,12/30/2021 10:16:32.119504,273,366,21071-BOSCO (B103)
Floyd,B103,westk,12/30/2021 10:16:32.119504,2,366,21071-BOSCO (B103)
Floyd,B104,bidenj,12/30/2021 10:16:32.119504,84,354,21071-GARRETT/ROCK FORK (B104)
Floyd,B104,jorgensenj,12/30/2021 10:16:32.119504,0,354,21071-GARRETT/ROCK FORK (B104)
Floyd,B104,pierceb,12/30/2021 10:16:32.119504,0,354,21071-GARRETT/ROCK FORK (B104)
Floyd,B104,trumpd,12/30/2021 10:16:32.119504,270,354,21071-GARRETT/ROCK FORK (B104)
Floyd,B104,westk,12/30/2021 10:16:32.119504,0,354,21071-GARRETT/ROCK FORK (B104)
Floyd,B105,bidenj,12/30/2021 10:16:32.119504,101,353,21071-LACKEY/WAYLAND (B105)
Floyd,B105,jorgensenj,12/30/2021 10:16:32.119504,0,353,21071-LACKEY/WAYLAND (B105)
Floyd,B105,pierceb,12/30/2021 10:16:32.119504,0,353,21071-LACKEY/WAYLAND (B105)
Floyd,B105,trumpd,12/30/2021 10:16:32.119504,249,353,21071-LACKEY/WAYLAND (B105)
Floyd,B105,westk,12/30/2021 10:16:32.119504,3,353,21071-LACKEY/WAYLAND (B105)
Floyd,B106,bidenj,12/30/2021 10:16:32.119504,111,557,21071-MIDDLE CREEK/JACK ALLEN (B106)
Floyd,B106,jorgensenj,12/30/2021 10:16:32.119504,4,557,21071-MIDDLE CREEK/JACK ALLEN (B106)
Floyd,B106,pierceb,12/30/2021 10:16:32.119504,1,557,21071-MIDDLE CREEK/JACK ALLEN (B106)
Floyd,B106,trumpd,12/30/2021 10:16:32.119504,439,557,21071-MIDDLE CREEK/JACK ALLEN (B106)
Floyd,B106,westk,12/30/2021 10:16:32.119504,2,557,21071-MIDDLE CREEK/JACK ALLEN (B106)
Floyd,B108,bidenj,12/30/2021 10:16:32.119504,73,387,21071-BEECH GROVE (B108)
Floyd,B108,jorgensenj,12/30/2021 10:16:32.119504,2,387,21071-BEECH GROVE (B108)
Floyd,B108,pierceb,12/30/2021 10:16:32.119504,0,387,21071-BEECH GROVE (B108)
Floyd,B108,trumpd,12/30/2021 10:16:32.119504,311,387,21071-BEECH GROVE (B108)
Floyd,B108,westk,12/30/2021 10:16:32.119504,1,387,21071-BEECH GROVE (B108)
Floyd,B109,bidenj,12/30/2021 10:16:32.119504,31,181,21071-MOUTH OF BEAVER (B109)
Floyd,B109,jorgensenj,12/30/2021 10:16:32.119504,0,181,21071-MOUTH OF BEAVER (B109)
Floyd,B109,pierceb,12/30/2021 10:16:32.119504,1,181,21071-MOUTH OF BEAVER (B109)
Floyd,B109,trumpd,12/30/2021 10:16:32.119504,148,181,21071-MOUTH OF BEAVER (B109)
Floyd,B109,westk,12/30/2021 10:16:32.119504,1,181,21071-MOUTH OF BEAVER (B109)
Floyd,B112,bidenj,12/30/2021 10:16:32.119504,95,480,21071-ROUGH & TOUGH (B112)
Floyd,B112,jorgensenj,12/30/2021 10:16:32.119504,1,480,21071-ROUGH & TOUGH (B112)
Floyd,B112,pierceb,12/30/2021 10:16:32.119504,0,480,21071-ROUGH & TOUGH (B112)
Floyd,B112,trumpd,12/30/2021 10:16:32.119504,381,480,21071-ROUGH & TOUGH (B112)
Floyd,B112,westk,12/30/2021 10:16:32.119504,3,480,21071-ROUGH & TOUGH (B112)
Floyd,C101,bidenj,12/30/2021 10:16:32.119504,104,382,21071-MARTIN (C101)
Floyd,C101,jorgensenj,12/30/2021 10:16:32.119504,2,382,21071-MARTIN (C101)
Floyd,C101,pierceb,12/30/2021 10:16:32.119504,3,382,21071-MARTIN (C101)
Floyd,C101,trumpd,12/30/2021 10:16:32.119504,270,382,21071-MARTIN (C101)
Floyd,C101,westk,12/30/2021 10:16:32.119504,3,382,21071-MARTIN (C101)
Floyd,C102,bidenj,12/30/2021 10:16:32.119504,91,300,21071-HALBERT (C102)
Floyd,C102,jorgensenj,12/30/2021 10:16:32.119504,2,300,21071-HALBERT (C102)
Floyd,C102,pierceb,12/30/2021 10:16:32.119504,1,300,21071-HALBERT (C102)
Floyd,C102,trumpd,12/30/2021 10:16:32.119504,205,300,21071-HALBERT (C102)
Floyd,C102,westk,12/30/2021 10:16:32.119504,1,300,21071-HALBERT (C102)
Floyd,C103,bidenj,12/30/2021 10:16:32.119504,110,394,21071-DRIFT (C103)
Floyd,C103,jorgensenj,12/30/2021 10:16:32.119504,3,394,21071-DRIFT (C103)
Floyd,C103,pierceb,12/30/2021 10:16:32.119504,1,394,21071-DRIFT (C103)
Floyd,C103,trumpd,12/30/2021 10:16:32.119504,279,394,21071-DRIFT (C103)
Floyd,C103,westk,12/30/2021 10:16:32.119504,1,394,21071-DRIFT (C103)
Floyd,C104,bidenj,12/30/2021 10:16:32.119504,173,527,21071-JOHN ANT/FRASURES CREEK (C104)
Floyd,C104,jorgensenj,12/30/2021 10:16:32.119504,3,527,21071-JOHN ANT/FRASURES CREEK (C104)
Floyd,C104,pierceb,12/30/2021 10:16:32.119504,4,527,21071-JOHN ANT/FRASURES CREEK (C104)
Floyd,C104,trumpd,12/30/2021 10:16:32.119504,345,527,21071-JOHN ANT/FRASURES CREEK (C104)
Floyd,C104,westk,12/30/2021 10:16:32.119504,2,527,21071-JOHN ANT/FRASURES CREEK (C104)
Floyd,C105,bidenj,12/30/2021 10:16:32.119504,21,118,21071-GEARHEART (C105)
Floyd,C105,jorgensenj,12/30/2021 10:16:32.119504,1,118,21071-GEARHEART (C105)
Floyd,C105,pierceb,12/30/2021 10:16:32.119504,0,118,21071-GEARHEART (C105)
Floyd,C105,trumpd,12/30/2021 10:16:32.119504,96,118,21071-GEARHEART (C105)
Floyd,C105,westk,12/30/2021 10:16:32.119504,0,118,21071-GEARHEART (C105)
Floyd,C106,bidenj,12/30/2021 10:16:32.119504,89,321,21071-CLEAR CREEK (C106)
Floyd,C106,jorgensenj,12/30/2021 10:16:32.119504,1,321,21071-CLEAR CREEK (C106)
Floyd,C106,pierceb,12/30/2021 10:16:32.119504,0,321,21071-CLEAR CREEK (C106)
Floyd,C106,trumpd,12/30/2021 10:16:32.119504,230,321,21071-CLEAR CREEK (C106)
Floyd,C106,westk,12/30/2021 10:16:32.119504,1,321,21071-CLEAR CREEK (C106)
Floyd,C107,bidenj,12/30/2021 10:16:32.119504,74,299,21071-JACKS CREEK (C107)
Floyd,C107,jorgensenj,12/30/2021 10:16:32.119504,3,299,21071-JACKS CREEK (C107)
Floyd,C107,pierceb,12/30/2021 10:16:32.119504,0,299,21071-JACKS CREEK (C107)
Floyd,C107,trumpd,12/30/2021 10:16:32.119504,221,299,21071-JACKS CREEK (C107)
Floyd,C107,westk,12/30/2021 10:16:32.119504,1,299,21071-JACKS CREEK (C107)
Floyd,C108,bidenj,12/30/2021 10:16:32.119504,116,370,21071-LEE HALL (C108)
Floyd,C108,jorgensenj,12/30/2021 10:16:32.119504,3,370,21071-LEE HALL (C108)
Floyd,C108,pierceb,12/30/2021 10:16:32.119504,1,370,21071-LEE HALL (C108)
Floyd,C108,trumpd,12/30/2021 10:16:32.119504,245,370,21071-LEE HALL (C108)
Floyd,C108,westk,12/30/2021 10:16:32.119504,5,370,21071-LEE HALL (C108)
Floyd,C109,bidenj,12/30/2021 10:16:32.119504,88,327,21071-MELVIN (C109)
Floyd,C109,jorgensenj,12/30/2021 10:16:32.119504,2,327,21071-MELVIN (C109)
Floyd,C109,pierceb,12/30/2021 10:16:32.119504,1,327,21071-MELVIN (C109)
Floyd,C109,trumpd,12/30/2021 10:16:32.119504,236,327,21071-MELVIN (C109)
Floyd,C109,westk,12/30/2021 10:16:32.119504,0,327,21071-MELVIN (C109)
Floyd,C110,bidenj,12/30/2021 10:16:32.119504,62,232,21071-WEEKSBURY (C110)
Floyd,C110,jorgensenj,12/30/2021 10:16:32.119504,1,232,21071-WEEKSBURY (C110)
Floyd,C110,pierceb,12/30/2021 10:16:32.119504,0,232,21071-WEEKSBURY (C110)
Floyd,C110,trumpd,12/30/2021 10:16:32.119504,169,232,21071-WEEKSBURY (C110)
Floyd,C110,westk,12/30/2021 10:16:32.119504,0,232,21071-WEEKSBURY (C110)
Floyd,C111,bidenj,12/30/2021 10:16:32.119504,48,244,21071-ARKANSAS (C111)
Floyd,C111,jorgensenj,12/30/2021 10:16:32.119504,0,244,21071-ARKANSAS (C111)
Floyd,C111,pierceb,12/30/2021 10:16:32.119504,1,244,21071-ARKANSAS (C111)
Floyd,C111,trumpd,12/30/2021 10:16:32.119504,193,244,21071-ARKANSAS (C111)
Floyd,C111,westk,12/30/2021 10:16:32.119504,2,244,21071-ARKANSAS (C111)
Floyd,D101,bidenj,12/30/2021 10:16:32.119504,71,284,21071-ANTIOCH (D101)
Floyd,D101,jorgensenj,12/30/2021 10:16:32.119504,5,284,21071-ANTIOCH (D101)
Floyd,D101,pierceb,12/30/2021 10:16:32.119504,2,284,21071-ANTIOCH (D101)
Floyd,D101,trumpd,12/30/2021 10:16:32.119504,206,284,21071-ANTIOCH (D101)
Floyd,D101,westk,12/30/2021 10:16:32.119504,0,284,21071-ANTIOCH (D101)
Floyd,D102,bidenj,12/30/2021 10:16:32.119504,81,463,21071-TICKEY (D102)
Floyd,D102,jorgensenj,12/30/2021 10:16:32.119504,2,463,21071-TICKEY (D102)
Floyd,D102,pierceb,12/30/2021 10:16:32.119504,1,463,21071-TICKEY (D102)
Floyd,D102,trumpd,12/30/2021 10:16:32.119504,375,463,21071-TICKEY (D102)
Floyd,D102,westk,12/30/2021 10:16:32.119504,4,463,21071-TICKEY (D102)
Floyd,D103,bidenj,12/30/2021 10:16:32.119504,88,331,21071-TOLER (D103)
Floyd,D103,jorgensenj,12/30/2021 10:16:32.119504,3,331,21071-TOLER (D103)
Floyd,D103,pierceb,12/30/2021 10:16:32.119504,2,331,21071-TOLER (D103)
Floyd,D103,trumpd,12/30/2021 10:16:32.119504,236,331,21071-TOLER (D103)
Floyd,D103,westk,12/30/2021 10:16:32.119504,2,331,21071-TOLER (D103)
Floyd,D104,bidenj,12/30/2021 10:16:32.119504,100,526,21071-MOUTH OF MUD (D104)
Floyd,D104,jorgensenj,12/30/2021 10:16:32.119504,7,526,21071-MOUTH OF MUD (D104)
Floyd,D104,pierceb,12/30/2021 10:16:32.119504,1,526,21071-MOUTH OF MUD (D104)
Floyd,D104,trumpd,12/30/2021 10:16:32.119504,417,526,21071-MOUTH OF MUD (D104)
Floyd,D104,westk,12/30/2021 10:16:32.119504,1,526,21071-MOUTH OF MUD (D104)
Floyd,D105,bidenj,12/30/2021 10:16:32.119504,51,260,21071-LITTLE MUD (D105)
Floyd,D105,jorgensenj,12/30/2021 10:16:32.119504,0,260,21071-LITTLE MUD (D105)
Floyd,D105,pierceb,12/30/2021 10:16:32.119504,0,260,21071-LITTLE MUD (D105)
Floyd,D105,trumpd,12/30/2021 10:16:32.119504,208,260,21071-LITTLE MUD (D105)
Floyd,D105,westk,12/30/2021 10:16:32.119504,1,260,21071-LITTLE MUD (D105)
Floyd,D106,bidenj,12/30/2021 10:16:32.119504,104,492,21071-IVEL (D106)
Floyd,D106,jorgensenj,12/30/2021 10:16:32.119504,3,492,21071-IVEL (D106)
Floyd,D106,pierceb,12/30/2021 10:16:32.119504,3,492,21071-IVEL (D106)
Floyd,D106,trumpd,12/30/2021 10:16:32.119504,381,492,21071-IVEL (D106)
Floyd,D106,westk,12/30/2021 10:16:32.119504,1,492,21071-IVEL (D106)
Floyd,D107,bidenj,12/30/2021 10:16:32.119504,140,594,21071-BETSY LAYNE (D107)
Floyd,D107,jorgensenj,12/30/2021 10:16:32.119504,1,594,21071-BETSY LAYNE (D107)
Floyd,D107,pierceb,12/30/2021 10:16:32.119504,4,594,21071-BETSY LAYNE (D107)
Floyd,D107,trumpd,12/30/2021 10:16:32.119504,449,594,21071-BETSY LAYNE (D107)
Floyd,D107,westk,12/30/2021 10:16:32.119504,0,594,21071-BETSY LAYNE (D107)
Floyd,D108,bidenj,12/30/2021 10:16:32.119504,116,677,21071-PRATER CREEK (D108)
Floyd,D108,jorgensenj,12/30/2021 10:16:32.119504,2,677,21071-PRATER CREEK (D108)
Floyd,D108,pierceb,12/30/2021 10:16:32.119504,0,677,21071-PRATER CREEK (D108)
Floyd,D108,trumpd,12/30/2021 10:16:32.119504,557,677,21071-PRATER CREEK (D108)
Floyd,D108,westk,12/30/2021 10:16:32.119504,2,677,21071-PRATER CREEK (D108)
Floyd,D109,bidenj,12/30/2021 10:16:32.119504,34,168,21071-BRANHAMS CREEK (D109)
Floyd,D109,jorgensenj,12/30/2021 10:16:32.119504,1,168,21071-BRANHAMS CREEK (D109)
Floyd,D109,pierceb,12/30/2021 10:16:32.119504,0,168,21071-BRANHAMS CREEK (D109)
Floyd,D109,trumpd,12/30/2021 10:16:32.119504,133,168,21071-BRANHAMS CREEK (D109)
Floyd,D109,westk,12/30/2021 10:16:32.119504,0,168,21071-BRANHAMS CREEK (D109)
Floyd,D110,bidenj,12/30/2021 10:16:32.119504,44,166,21071-HEAD OF MUD (D110)
Floyd,D110,jorgensenj,12/30/2021 10:16:32.119504,2,166,21071-HEAD OF MUD (D110)
Floyd,D110,pierceb,12/30/2021 10:16:32.119504,1,166,21071-HEAD OF MUD (D110)
Floyd,D110,trumpd,12/30/2021 10:16:32.119504,116,166,21071-HEAD OF MUD (D110)
Floyd,D110,westk,12/30/2021 10:16:32.119504,3,166,21071-HEAD OF MUD (D110)
Floyd,Pres,bidenj,12/30/2021 10:16:32.119504,0,2,
Floyd,Pres,jorgensenj,12/30/2021 10:16:32.119504,0,2,
Floyd,Pres,pierceb,12/30/2021 10:16:32.119504,0,2,
Floyd,Pres,trumpd,12/30/2021 10:16:32.119504,2,2,
Floyd,Pres,westk,12/30/2021 10:16:32.119504,0,2,
Jefferson,A105,bidenj,12/30/2021 10:16:32.119504,705,1264,21111-28-PRECINCT 105 28 DISTRICT (A105)
Jefferson,A105,jorgensenj,12/30/2021 10:16:32.119504,20,1264,21111-28-PRECINCT 105 28 DISTRICT (A105)
Jefferson,A105,pierceb,12/30/2021 10:16:32.119504,3,1264,21111-28-PRECINCT 105 28 DISTRICT (A105)
Jefferson,A105,trumpd,12/30/2021 10:16:32.119504,534,1264,21111-28-PRECINCT 105 28 DISTRICT (A105)
Jefferson,A105,westk,12/30/2021 10:16:32.119504,2,1264,21111-28-PRECINCT 105 28 DISTRICT (A105)
Jefferson,A107,bidenj,12/30/2021 10:16:32.119504,317,616,21111-28-PRECINCT 107 28 DISTRICT (A107)
Jefferson,A107,jorgensenj,12/30/2021 10:16:32.119504,11,616,21111-28-PRECINCT 107 28 DISTRICT (A107)
Jefferson,A107,pierceb,12/30/2021 10:16:32.119504,1,616,21111-28-PRECINCT 107 28 DISTRICT (A107)
Jefferson,A107,trumpd,12/30/2021 10:16:32.119504,283,616,21111-28-PRECINCT 107 28 DISTRICT (A107)
Jefferson,A107,westk,12/30/2021 10:16:32.119504,4,616,21111-28-PRECINCT 107 28 DISTRICT (A107)
Jefferson,A108,bidenj,12/30/2021 10:16:32.119504,437,959,21111-28-PRECINCT 108 28 DISTRICT (A108)
Jefferson,A108,jorgensenj,12/30/2021 10:16:32.119504,7,959,21111-28-PRECINCT 108 28 DISTRICT (A108)
Jefferson,A108,pierceb,12/30/2021 10:16:32.119504,2,959,21111-28-PRECINCT 108 28 DISTRICT (A108)
Jefferson,A108,trumpd,12/30/2021 10:16:32.119504,508,959,21111-28-PRECINCT 108 28 DISTRICT (A108)
Jefferson,A108,westk,12/30/2021 10:16:32.119504,5,959,21111-28-PRECINCT 108 28 DISTRICT (A108)
Jefferson,A111,bidenj,12/30/2021 10:16:32.119504,386,807,21111-28-PRECINCT 111 28 DISTRICT (A111)
Jefferson,A111,jorgensenj,12/30/2021 10:16:32.119504,13,807,21111-28-PRECINCT 111 28 DISTRICT (A111)
Jefferson,A111,pierceb,12/30/2021 10:16:32.119504,0,807,21111-28-PRECINCT 111 28 DISTRICT (A111)
Jefferson,A111,trumpd,12/30/2021 10:16:32.119504,407,807,21111-28-PRECINCT 111 28 DISTRICT (A111)
Jefferson,A111,westk,12/30/2021 10:16:32.119504,1,807,21111-28-PRECINCT 111 28 DISTRICT (A111)
Jefferson,A113,bidenj,12/30/2021 10:16:32.119504,387,845,21111-28-PRECINCT 113 28 DISTRICT (A113)
Jefferson,A113,jorgensenj,12/30/2021 10:16:32.119504,5,845,21111-28-PRECINCT 113 28 DISTRICT (A113)
Jefferson,A113,pierceb,12/30/2021 10:16:32.119504,1,845,21111-28-PRECINCT 113 28 DISTRICT (A113)
Jefferson,A113,trumpd,12/30/2021 10:16:32.119504,446,845,21111-28-PRECINCT 113 28 DISTRICT (A113)
Jefferson,A113,westk,12/30/2021 10:16:32.119504,6,845,21111-28-PRECINCT 113 28 DISTRICT (A113)
Jefferson,A114,bidenj,12/30/2021 10:16:32.119504,315,694,21111-28-PRECINCT 114 28 DISTRICT (A114)
Jefferson,A114,jorgensenj,12/30/2021 10:16:32.119504,11,694,21111-28-PRECINCT 114 28 DISTRICT (A114)
Jefferson,A114,pierceb,12/30/2021 10:16:32.119504,2,694,21111-28-PRECINCT 114 28 DISTRICT (A114)
Jefferson,A114,trumpd,12/30/2021 10:16:32.119504,363,694,21111-28-PRECINCT 114 28 DISTRICT (A114)
Jefferson,A114,westk,12/30/2021 10:16:32.119504,3,694,21111-28-PRECINCT 114 28 DISTRICT (A114)
Jefferson,A115,bidenj,12/30/2021 10:16:32.119504,315,769,21111-28-PRECINCT 115 28 DISTRICT (A115)
Jefferson,A115,jorgensenj,12/30/2021 10:16:32.119504,5,769,21111-28-PRECINCT 115 28 DISTRICT (A115)
Jefferson,A115,pierceb,12/30/2021 10:16:32.119504,0,769,21111-28-PRECINCT 115 28 DISTRICT (A115)
Jefferson,A115,trumpd,12/30/2021 10:16:32.119504,449,769,21111-28-PRECINCT 115 28 DISTRICT (A115)
Jefferson,A115,westk,12/30/2021 10:16:32.119504,0,769,21111-28-PRECINCT 115 28 DISTRICT (A115)
Jefferson,A118,bidenj,12/30/2021 10:16:32.119504,169,424,21111-28-PRECINCT 118 28 DISTRICT (A118)
Jefferson,A118,jorgensenj,12/30/2021 10:16:32.119504,5,424,21111-28-PRECINCT 118 28 DISTRICT (A118)
Jefferson,A118,pierceb,12/30/2021 10:16:32.119504,0,424,21111-28-PRECINCT 118 28 DISTRICT (A118)
Jefferson,A118,trumpd,12/30/2021 10:16:32.119504,247,424,21111-28-PRECINCT 118 28 DISTRICT (A118)
Jefferson,A118,westk,12/30/2021 10:16:32.119504,3,424,21111-28-PRECINCT 118 28 DISTRICT (A118)
Jefferson,A119,bidenj,12/30/2021 10:16:32.119504,296,687,21111-28-PRECINCT 119 28 DISTRICT (A119)
Jefferson,A119,jorgensenj,12/30/2021 10:16:32.119504,10,687,21111-28-PRECINCT 119 28 DISTRICT (A119)
Jefferson,A119,pierceb,12/30/2021 10:16:32.119504,3,687,21111-28-PRECINCT 119 28 DISTRICT (A119)
Jefferson,A119,trumpd,12/30/2021 10:16:32.119504,376,687,21111-28-PRECINCT 119 28 DISTRICT (A119)
Jefferson,A119,westk,12/30/2021 10:16:32.119504,2,687,21111-28-PRECINCT 119 28 DISTRICT (A119)
Jefferson,A121,bidenj,12/30/2021 10:16:32.119504,359,804,21111-28-PRECINCT 121 28 DISTRICT (A121)
Jefferson,A121,jorgensenj,12/30/2021 10:16:32.119504,8,804,21111-28-PRECINCT 121 28 DISTRICT (A121)
Jefferson,A121,pierceb,12/30/2021 10:16:32.119504,3,804,21111-28-PRECINCT 121 28 DISTRICT (A121)
Jefferson,A121,trumpd,12/30/2021 10:16:32.119504,432,804,21111-28-PRECINCT 121 28 DISTRICT (A121)
Jefferson,A121,westk,12/30/2021 10:16:32.119504,2,804,21111-28-PRECINCT 121 28 DISTRICT (A121)
Jefferson,A123,bidenj,12/30/2021 10:16:32.119504,467,911,21111-28-PRECINCT 123 28 DISTRICT (A123)
Jefferson,A123,jorgensenj,12/30/2021 10:16:32.119504,14,911,21111-28-PRECINCT 123 28 DISTRICT (A123)
Jefferson,A123,pierceb,12/30/2021 10:16:32.119504,1,911,21111-28-PRECINCT 123 28 DISTRICT (A123)
Jefferson,A123,trumpd,12/30/2021 10:16:32.119504,424,911,21111-28-PRECINCT 123 28 DISTRICT (A123)
Jefferson,A123,westk,12/30/2021 10:16:32.119504,5,911,21111-28-PRECINCT 123 28 DISTRICT (A123)
Jefferson,A124,bidenj,12/30/2021 10:16:32.119504,338,837,21111-28-PRECINCT 124 28 DISTRICT (A124)
Jefferson,A124,jorgensenj,12/30/2021 10:16:32.119504,7,837,21111-28-PRECINCT 124 28 DISTRICT (A124)
Jefferson,A124,pierceb,12/30/2021 10:16:32.119504,0,837,21111-28-PRECINCT 124 28 DISTRICT (A124)
Jefferson,A124,trumpd,12/30/2021 10:16:32.119504,492,837,21111-28-PRECINCT 124 28 DISTRICT (A124)
Jefferson,A124,westk,12/30/2021 10:16:32.119504,0,837,21111-28-PRECINCT 124 28 DISTRICT (A124)
Jefferson,A125,bidenj,12/30/2021 10:16:32.119504,322,861,21111-28-PRECINCT 125 28 DISTRICT (A125)
Jefferson,A125,jorgensenj,12/30/2021 10:16:32.119504,5,861,21111-28-PRECINCT 125 28 DISTRICT (A125)
Jefferson,A125,pierceb,12/30/2021 10:16:32.119504,0,861,21111-28-PRECINCT 125 28 DISTRICT (A125)
Jefferson,A125,trumpd,12/30/2021 10:16:32.119504,530,861,21111-28-PRECINCT 125 28 DISTRICT (A125)
Jefferson,A125,westk,12/30/2021 10:16:32.119504,4,861,21111-28-PRECINCT 125 28 DISTRICT (A125)
Jefferson,A126,bidenj,12/30/2021 10:16:32.119504,339,837,21111-28-PRECINCT 126 28 DISTRICT (A126)
Jefferson,A126,jorgensenj,12/30/2021 10:16:32.119504,4,837,21111-28-PRECINCT 126 28 DISTRICT (A126)
Jefferson,A126,pierceb,12/30/2021 10:16:32.119504,3,837,21111-28-PRECINCT 126 28 DISTRICT (A126)
Jefferson,A126,trumpd,12/30/2021 10:16:32.119504,488,837,21111-28-PRECINCT 126 28 DISTRICT (A126)
Jefferson,A126,westk,12/30/2021 10:16:32.119504,3,837,21111-28-PRECINCT 126 28 DISTRICT (A126)
Jefferson,A127,bidenj,12/30/2021 10:16:32.119504,330,664,21111-28-PRECINCT 127 28 DISTRICT (A127)
Jefferson,A127,jorgensenj,12/30/2021 10:16:32.119504,11,664,21111-28-PRECINCT 127 28 DISTRICT (A127)
Jefferson,A127,pierceb,12/30/2021 10:16:32.119504,1,664,21111-28-PRECINCT 127 28 DISTRICT (A127)
Jefferson,A127,trumpd,12/30/2021 10:16:32.119504,319,664,21111-28-PRECINCT 127 28 DISTRICT (A127)
Jefferson,A127,westk,12/30/2021 10:16:32.119504,3,664,21111-28-PRECINCT 127 28 DISTRICT (A127)
Jefferson,A128,bidenj,12/30/2021 10:16:32.119504,294,715,21111-28-PRECINCT 128 28 DISTRICT (A128)
Jefferson,A128,jorgensenj,12/30/2021 10:16:32.119504,8,715,21111-28-PRECINCT 128 28 DISTRICT (A128)
Jefferson,A128,pierceb,12/30/2021 10:16:32.119504,1,715,21111-28-PRECINCT 128 28 DISTRICT (A128)
Jefferson,A128,trumpd,12/30/2021 10:16:32.119504,407,715,21111-28-PRECINCT 128 28 DISTRICT (A128)
Jefferson,A128,westk,12/30/2021 10:16:32.119504,5,715,21111-28-PRECINCT 128 28 DISTRICT (A128)
Jefferson,A129,bidenj,12/30/2021 10:16:32.119504,320,969,21111-28-PRECINCT 129 28 DISTRICT (A129)
Jefferson,A129,jorgensenj,12/30/2021 10:16:32.119504,9,969,21111-28-PRECINCT 129 28 DISTRICT (A129)
Jefferson,A129,pierceb,12/30/2021 10:16:32.119504,4,969,21111-28-PRECINCT 129 28 DISTRICT (A129)
Jefferson,A129,trumpd,12/30/2021 10:16:32.119504,632,969,21111-28-PRECINCT 129 28 DISTRICT (A129)
Jefferson,A129,westk,12/30/2021 10:16:32.119504,4,969,21111-28-PRECINCT 129 28 DISTRICT (A129)
Jefferson,A130,bidenj,12/30/2021 10:16:32.119504,99,446,21111-28-PRECINCT 130 28 DISTRICT (A130)
Jefferson,A130,jorgensenj,12/30/2021 10:16:32.119504,5,446,21111-28-PRECINCT 130 28 DISTRICT (A130)
Jefferson,A130,pierceb,12/30/2021 10:16:32.119504,2,446,21111-28-PRECINCT 130 28 DISTRICT (A130)
Jefferson,A130,trumpd,12/30/2021 10:16:32.119504,338,446,21111-28-PRECINCT 130 28 DISTRICT (A130)
Jefferson,A130,westk,12/30/2021 10:16:32.119504,2,446,21111-28-PRECINCT 130 28 DISTRICT (A130)
Jefferson,A131,bidenj,12/30/2021 10:16:32.119504,385,835,21111-28-PRECINCT 131 28 DISTRICT (A131)
Jefferson,A131,jorgensenj,12/30/2021 10:16:32.119504,5,835,21111-28-PRECINCT 131 28 DISTRICT (A131)
Jefferson,A131,pierceb,12/30/2021 10:16:32.119504,0,835,21111-28-PRECINCT 131 28 DISTRICT (A131)
Jefferson,A131,trumpd,12/30/2021 10:16:32.119504,440,835,21111-28-PRECINCT 131 28 DISTRICT (A131)
Jefferson,A131,westk,12/30/2021 10:16:32.119504,5,835,21111-28-PRECINCT 131 28 DISTRICT (A131)
Jefferson,A134,bidenj,12/30/2021 10:16:32.119504,182,537,21111-28-PRECINCT 134 28 DISTRICT (A134)
Jefferson,A134,jorgensenj,12/30/2021 10:16:32.119504,4,537,21111-28-PRECINCT 134 28 DISTRICT (A134)
Jefferson,A134,pierceb,12/30/2021 10:16:32.119504,3,537,21111-28-PRECINCT 134 28 DISTRICT (A134)
Jefferson,A134,trumpd,12/30/2021 10:16:32.119504,344,537,21111-28-PRECINCT 134 28 DISTRICT (A134)
Jefferson,A134,westk,12/30/2021 10:16:32.119504,4,537,21111-28-PRECINCT 134 28 DISTRICT (A134)
Jefferson,A135,bidenj,12/30/2021 10:16:32.119504,296,660,21111-28-PRECINCT 135 28 DISTRICT (A135)
Jefferson,A135,jorgensenj,12/30/2021 10:16:32.119504,8,660,21111-28-PRECINCT 135 28 DISTRICT (A135)
Jefferson,A135,pierceb,12/30/2021 10:16:32.119504,2,660,21111-28-PRECINCT 135 28 DISTRICT (A135)
Jefferson,A135,trumpd,12/30/2021 10:16:32.119504,348,660,21111-28-PRECINCT 135 28 DISTRICT (A135)
Jefferson,A135,westk,12/30/2021 10:16:32.119504,6,660,21111-28-PRECINCT 135 28 DISTRICT (A135)
Jefferson,A136,bidenj,12/30/2021 10:16:32.119504,195,433,21111-28-PRECINCT 136 28 DISTRICT (A136)
Jefferson,A136,jorgensenj,12/30/2021 10:16:32.119504,10,433,21111-28-PRECINCT 136 28 DISTRICT (A136)
Jefferson,A136,pierceb,12/30/2021 10:16:32.119504,2,433,21111-28-PRECINCT 136 28 DISTRICT (A136)
Jefferson,A136,trumpd,12/30/2021 10:16:32.119504,222,433,21111-28-PRECINCT 136 28 DISTRICT (A136)
Jefferson,A136,westk,12/30/2021 10:16:32.119504,4,433,21111-28-PRECINCT 136 28 DISTRICT (A136)
Jefferson,A139,bidenj,12/30/2021 10:16:32.119504,211,504,21111-28-PRECINCT 139 28 DISTRICT (A139)
Jefferson,A139,jorgensenj,12/30/2021 10:16:32.119504,13,504,21111-28-PRECINCT 139 28 DISTRICT (A139)
Jefferson,A139,pierceb,12/30/2021 10:16:32.119504,2,504,21111-28-PRECINCT 139 28 DISTRICT (A139)
Jefferson,A139,trumpd,12/30/2021 10:16:32.119504,275,504,21111-28-PRECINCT 139 28 DISTRICT (A139)
Jefferson,A139,westk,12/30/2021 10:16:32.119504,3,504,21111-28-PRECINCT 139 28 DISTRICT (A139)
Jefferson,A140,bidenj,12/30/2021 10:16:32.119504,454,1052,21111-28-PRECINCT 140 28 DISTRICT (A140)
Jefferson,A140,jorgensenj,12/30/2021 10:16:32.119504,10,1052,21111-28-PRECINCT 140 28 DISTRICT (A140)
Jefferson,A140,pierceb,12/30/2021 10:16:32.119504,2,1052,21111-28-PRECINCT 140 28 DISTRICT (A140)
Jefferson,A140,trumpd,12/30/2021 10:16:32.119504,582,1052,21111-28-PRECINCT 140 28 DISTRICT (A140)
Jefferson,A140,westk,12/30/2021 10:16:32.119504,4,1052,21111-28-PRECINCT 140 28 DISTRICT (A140)
Jefferson,A141,bidenj,12/30/2021 10:16:32.119504,21,36,21111-28-PRECINCT 141 28 DISTRICT (A141)
Jefferson,A141,jorgensenj,12/30/2021 10:16:32.119504,1,36,21111-28-PRECINCT 141 28 DISTRICT (A141)
Jefferson,A141,pierceb,12/30/2021 10:16:32.119504,0,36,21111-28-PRECINCT 141 28 DISTRICT (A141)
Jefferson,A141,trumpd,12/30/2021 10:16:32.119504,14,36,21111-28-PRECINCT 141 28 DISTRICT (A141)
Jefferson,A141,westk,12/30/2021 10:16:32.119504,0,36,21111-28-PRECINCT 141 28 DISTRICT (A141)
Jefferson,A142,bidenj,12/30/2021 10:16:32.119504,83,221,21111-28-PRECINCT 142 28 DISTRICT (A142)
Jefferson,A142,jorgensenj,12/30/2021 10:16:32.119504,4,221,21111-28-PRECINCT 142 28 DISTRICT (A142)
Jefferson,A142,pierceb,12/30/2021 10:16:32.119504,1,221,21111-28-PRECINCT 142 28 DISTRICT (A142)
Jefferson,A142,trumpd,12/30/2021 10:16:32.119504,132,221,21111-28-PRECINCT 142 28 DISTRICT (A142)
Jefferson,A142,westk,12/30/2021 10:16:32.119504,1,221,21111-28-PRECINCT 142 28 DISTRICT (A142)
Jefferson,A143,bidenj,12/30/2021 10:16:32.119504,3,12,21111-28-PRECINCT 143 28 DISTRICT (A143)
Jefferson,A143,jorgensenj,12/30/2021 10:16:32.119504,0,12,21111-28-PRECINCT 143 28 DISTRICT (A143)
Jefferson,A143,pierceb,12/30/2021 10:16:32.119504,0,12,21111-28-PRECINCT 143 28 DISTRICT (A143)
Jefferson,A143,trumpd,12/30/2021 10:16:32.119504,9,12,21111-28-PRECINCT 143 28 DISTRICT (A143)
Jefferson,A143,westk,12/30/2021 10:16:32.119504,0,12,21111-28-PRECINCT 143 28 DISTRICT (A143)
Jefferson,B124,bidenj,12/30/2021 10:16:32.119504,375,806,21111-29-PRECINCT 124 29 DISTRICT (B124)
Jefferson,B124,jorgensenj,12/30/2021 10:16:32.119504,10,806,21111-29-PRECINCT 124 29 DISTRICT (B124)
Jefferson,B124,pierceb,12/30/2021 10:16:32.119504,1,806,21111-29-PRECINCT 124 29 DISTRICT (B124)
Jefferson,B124,trumpd,12/30/2021 10:16:32.119504,416,806,21111-29-PRECINCT 124 29 DISTRICT (B124)
Jefferson,B124,westk,12/30/2021 10:16:32.119504,4,806,21111-29-PRECINCT 124 29 DISTRICT (B124)
Jefferson,B132,bidenj,12/30/2021 10:16:32.119504,410,1010,21111-29-PRECINCT 132 29 DISTRICT (B132)
Jefferson,B132,jorgensenj,12/30/2021 10:16:32.119504,14,1010,21111-29-PRECINCT 132 29 DISTRICT (B132)
Jefferson,B132,pierceb,12/30/2021 10:16:32.119504,1,1010,21111-29-PRECINCT 132 29 DISTRICT (B132)
Jefferson,B132,trumpd,12/30/2021 10:16:32.119504,582,1010,21111-29-PRECINCT 132 29 DISTRICT (B132)
Jefferson,B132,westk,12/30/2021 10:16:32.119504,3,1010,21111-29-PRECINCT 132 29 DISTRICT (B132)
Jefferson,B133,bidenj,12/30/2021 10:16:32.119504,433,1052,21111-29-PRECINCT 133 29 DISTRICT (B133)
Jefferson,B133,jorgensenj,12/30/2021 10:16:32.119504,7,1052,21111-29-PRECINCT 133 29 DISTRICT (B133)
Jefferson,B133,pierceb,12/30/2021 10:16:32.119504,6,1052,21111-29-PRECINCT 133 29 DISTRICT (B133)
Jefferson,B133,trumpd,12/30/2021 10:16:32.119504,602,1052,21111-29-PRECINCT 133 29 DISTRICT (B133)
Jefferson,B133,westk,12/30/2021 10:16:32.119504,4,1052,21111-29-PRECINCT 133 29 DISTRICT (B133)
Jefferson,B134,bidenj,12/30/2021 10:16:32.119504,880,1865,21111-29-PRECINCT 134 29 DISTRICT (B134)
Jefferson,B134,jorgensenj,12/30/2021 10:16:32.119504,27,1865,21111-29-PRECINCT 134 29 DISTRICT (B134)
Jefferson,B134,pierceb,12/30/2021 10:16:32.119504,9,1865,21111-29-PRECINCT 134 29 DISTRICT (B134)
Jefferson,B134,trumpd,12/30/2021 10:16:32.119504,944,1865,21111-29-PRECINCT 134 29 DISTRICT (B134)
Jefferson,B134,westk,12/30/2021 10:16:32.119504,5,1865,21111-29-PRECINCT 134 29 DISTRICT (B134)
Jefferson,B149,bidenj,12/30/2021 10:16:32.119504,263,642,21111-29-PRECINCT 149 29 DISTRICT (B149)
Jefferson,B149,jorgensenj,12/30/2021 10:16:32.119504,14,642,21111-29-PRECINCT 149 29 DISTRICT (B149)
Jefferson,B149,pierceb,12/30/2021 10:16:32.119504,1,642,21111-29-PRECINCT 149 29 DISTRICT (B149)
Jefferson,B149,trumpd,12/30/2021 10:16:32.119504,364,642,21111-29-PRECINCT 149 29 DISTRICT (B149)
Jefferson,B149,westk,12/30/2021 10:16:32.119504,0,642,21111-29-PRECINCT 149 29 DISTRICT (B149)
Jefferson,B151,bidenj,12/30/2021 10:16:32.119504,570,1222,21111-29-PRECINCT 151 29 DISTRICT (B151)
Jefferson,B151,jorgensenj,12/30/2021 10:16:32.119504,19,1222,21111-29-PRECINCT 151 29 DISTRICT (B151)
Jefferson,B151,pierceb,12/30/2021 10:16:32.119504,7,1222,21111-29-PRECINCT 151 29 DISTRICT (B151)
Jefferson,B151,trumpd,12/30/2021 10:16:32.119504,623,1222,21111-29-PRECINCT 151 29 DISTRICT (B151)
Jefferson,B151,westk,12/30/2021 10:16:32.119504,3,1222,21111-29-PRECINCT 151 29 DISTRICT (B151)
Jefferson,B153,bidenj,12/30/2021 10:16:32.119504,26,63,21111-29-PRECINCT 153 29 DISTRICT (B153)
Jefferson,B153,jorgensenj,12/30/2021 10:16:32.119504,1,63,21111-29-PRECINCT 153 29 DISTRICT (B153)
Jefferson,B153,pierceb,12/30/2021 10:16:32.119504,0,63,21111-29-PRECINCT 153 29 DISTRICT (B153)
Jefferson,B153,trumpd,12/30/2021 10:16:32.119504,36,63,21111-29-PRECINCT 153 29 DISTRICT (B153)
Jefferson,B153,westk,12/30/2021 10:16:32.119504,0,63,21111-29-PRECINCT 153 29 DISTRICT (B153)
Jefferson,B154,bidenj,12/30/2021 10:16:32.119504,400,785,21111-29-PRECINCT 154 29 DISTRICT (B154)
Jefferson,B154,jorgensenj,12/30/2021 10:16:32.119504,12,785,21111-29-PRECINCT 154 29 DISTRICT (B154)
Jefferson,B154,pierceb,12/30/2021 10:16:32.119504,3,785,21111-29-PRECINCT 154 29 DISTRICT (B154)
Jefferson,B154,trumpd,12/30/2021 10:16:32.119504,366,785,21111-29-PRECINCT 154 29 DISTRICT (B154)
Jefferson,B154,westk,12/30/2021 10:16:32.119504,4,785,21111-29-PRECINCT 154 29 DISTRICT (B154)
Jefferson,B155,bidenj,12/30/2021 10:16:32.119504,359,632,21111-29-PRECINCT 155 29 DISTRICT (B155)
Jefferson,B155,jorgensenj,12/30/2021 10:16:32.119504,10,632,21111-29-PRECINCT 155 29 DISTRICT (B155)
Jefferson,B155,pierceb,12/30/2021 10:16:32.119504,2,632,21111-29-PRECINCT 155 29 DISTRICT (B155)
Jefferson,B155,trumpd,12/30/2021 10:16:32.119504,256,632,21111-29-PRECINCT 155 29 DISTRICT (B155)
Jefferson,B155,westk,12/30/2021 10:16:32.119504,5,632,21111-29-PRECINCT 155 29 DISTRICT (B155)
Jefferson,B156,bidenj,12/30/2021 10:16:32.119504,584,1149,21111-29-PRECINCT 156 29 DISTRICT (B156)
Jefferson,B156,jorgensenj,12/30/2021 10:16:32.119504,17,1149,21111-29-PRECINCT 156 29 DISTRICT (B156)
Jefferson,B156,pierceb,12/30/2021 10:16:32.119504,3,1149,21111-29-PRECINCT 156 29 DISTRICT (B156)
Jefferson,B156,trumpd,12/30/2021 10:16:32.119504,544,1149,21111-29-PRECINCT 156 29 DISTRICT (B156)
Jefferson,B156,westk,12/30/2021 10:16:32.119504,1,1149,21111-29-PRECINCT 156 29 DISTRICT (B156)
Jefferson,B157,bidenj,12/30/2021 10:16:32.119504,754,1516,21111-29-PRECINCT 157 29 DISTRICT (B157)
Jefferson,B157,jorgensenj,12/30/2021 10:16:32.119504,22,1516,21111-29-PRECINCT 157 29 DISTRICT (B157)
Jefferson,B157,pierceb,12/30/2021 10:16:32.119504,4,1516,21111-29-PRECINCT 157 29 DISTRICT (B157)
Jefferson,B157,trumpd,12/30/2021 10:16:32.119504,733,1516,21111-29-PRECINCT 157 29 DISTRICT (B157)
Jefferson,B157,westk,12/30/2021 10:16:32.119504,3,1516,21111-29-PRECINCT 157 29 DISTRICT (B157)
Jefferson,B158,bidenj,12/30/2021 10:16:32.119504,385,1121,21111-29-PRECINCT 158 29 DISTRICT (B158)
Jefferson,B158,jorgensenj,12/30/2021 10:16:32.119504,8,1121,21111-29-PRECINCT 158 29 DISTRICT (B158)
Jefferson,B158,pierceb,12/30/2021 10:16:32.119504,2,1121,21111-29-PRECINCT 158 29 DISTRICT (B158)
Jefferson,B158,trumpd,12/30/2021 10:16:32.119504,723,1121,21111-29-PRECINCT 158 29 DISTRICT (B158)
Jefferson,B158,westk,12/30/2021 10:16:32.119504,3,1121,21111-29-PRECINCT 158 29 DISTRICT (B158)
Jefferson,B159,bidenj,12/30/2021 10:16:32.119504,933,2056,21111-29-PRECINCT 159 29 DISTRICT (B159)
Jefferson,B159,jorgensenj,12/30/2021 10:16:32.119504,41,2056,21111-29-PRECINCT 159 29 DISTRICT (B159)
Jefferson,B159,pierceb,12/30/2021 10:16:32.119504,7,2056,21111-29-PRECINCT 159 29 DISTRICT (B159)
Jefferson,B159,trumpd,12/30/2021 10:16:32.119504,1063,2056,21111-29-PRECINCT 159 29 DISTRICT (B159)
Jefferson,B159,westk,12/30/2021 10:16:32.119504,12,2056,21111-29-PRECINCT 159 29 DISTRICT (B159)
Jefferson,B160,bidenj,12/30/2021 10:16:32.119504,253,567,21111-29-PRECINCT 160 29 DISTRICT (B160)
Jefferson,B160,jorgensenj,12/30/2021 10:16:32.119504,12,567,21111-29-PRECINCT 160 29 DISTRICT (B160)
Jefferson,B160,pierceb,12/30/2021 10:16:32.119504,1,567,21111-29-PRECINCT 160 29 DISTRICT (B160)
Jefferson,B160,trumpd,12/30/2021 10:16:32.119504,300,567,21111-29-PRECINCT 160 29 DISTRICT (B160)
Jefferson,B160,westk,12/30/2021 10:16:32.119504,1,567,21111-29-PRECINCT 160 29 DISTRICT (B160)
Jefferson,B161,bidenj,12/30/2021 10:16:32.119504,38,109,21111-29-PRECINCT 161 29 DISTRICT (B161)
Jefferson,B161,jorgensenj,12/30/2021 10:16:32.119504,1,109,21111-29-PRECINCT 161 29 DISTRICT (B161)
Jefferson,B161,pierceb,12/30/2021 10:16:32.119504,1,109,21111-29-PRECINCT 161 29 DISTRICT (B161)
Jefferson,B161,trumpd,12/30/2021 10:16:32.119504,69,109,21111-29-PRECINCT 161 29 DISTRICT (B161)
Jefferson,B161,westk,12/30/2021 10:16:32.119504,0,109,21111-29-PRECINCT 161 29 DISTRICT (B161)
Jefferson,B162,bidenj,12/30/2021 10:16:32.119504,407,1086,21111-29-PRECINCT 162 29 DISTRICT (B162)
Jefferson,B162,jorgensenj,12/30/2021 10:16:32.119504,14,1086,21111-29-PRECINCT 162 29 DISTRICT (B162)
Jefferson,B162,pierceb,12/30/2021 10:16:32.119504,0,1086,21111-29-PRECINCT 162 29 DISTRICT (B162)
Jefferson,B162,trumpd,12/30/2021 10:16:32.119504,661,1086,21111-29-PRECINCT 162 29 DISTRICT (B162)
Jefferson,B162,westk,12/30/2021 10:16:32.119504,4,1086,21111-29-PRECINCT 162 29 DISTRICT (B162)
Jefferson,B163,bidenj,12/30/2021 10:16:32.119504,543,1007,21111-29-PRECINCT 163 29 DISTRICT (B163)
Jefferson,B163,jorgensenj,12/30/2021 10:16:32.119504,20,1007,21111-29-PRECINCT 163 29 DISTRICT (B163)
Jefferson,B163,pierceb,12/30/2021 10:16:32.119504,4,1007,21111-29-PRECINCT 163 29 DISTRICT (B163)
Jefferson,B163,trumpd,12/30/2021 10:16:32.119504,434,1007,21111-29-PRECINCT 163 29 DISTRICT (B163)
Jefferson,B163,westk,12/30/2021 10:16:32.119504,6,1007,21111-29-PRECINCT 163 29 DISTRICT (B163)
Jefferson,B166,bidenj,12/30/2021 10:16:32.119504,287,658,21111-29-PRECINCT 166 29 DISTRICT (B166)
Jefferson,B166,jorgensenj,12/30/2021 10:16:32.119504,13,658,21111-29-PRECINCT 166 29 DISTRICT (B166)
Jefferson,B166,pierceb,12/30/2021 10:16:32.119504,0,658,21111-29-PRECINCT 166 29 DISTRICT (B166)
Jefferson,B166,trumpd,12/30/2021 10:16:32.119504,357,658,21111-29-PRECINCT 166 29 DISTRICT (B166)
Jefferson,B166,westk,12/30/2021 10:16:32.119504,1,658,21111-29-PRECINCT 166 29 DISTRICT (B166)
Jefferson,B168,bidenj,12/30/2021 10:16:32.119504,511,1048,21111-29-PRECINCT 168 29 DISTRICT (B168)
Jefferson,B168,jorgensenj,12/30/2021 10:16:32.119504,8,1048,21111-29-PRECINCT 168 29 DISTRICT (B168)
Jefferson,B168,pierceb,12/30/2021 10:16:32.119504,4,1048,21111-29-PRECINCT 168 29 DISTRICT (B168)
Jefferson,B168,trumpd,12/30/2021 10:16:32.119504,523,1048,21111-29-PRECINCT 168 29 DISTRICT (B168)
Jefferson,B168,westk,12/30/2021 10:16:32.119504,2,1048,21111-29-PRECINCT 168 29 DISTRICT (B168)
Jefferson,B169,bidenj,12/30/2021 10:16:32.119504,312,738,21111-29-PRECINCT 169 29 DISTRICT (B169)
Jefferson,B169,jorgensenj,12/30/2021 10:16:32.119504,17,738,21111-29-PRECINCT 169 29 DISTRICT (B169)
Jefferson,B169,pierceb,12/30/2021 10:16:32.119504,1,738,21111-29-PRECINCT 169 29 DISTRICT (B169)
Jefferson,B169,trumpd,12/30/2021 10:16:32.119504,406,738,21111-29-PRECINCT 169 29 DISTRICT (B169)
Jefferson,B169,westk,12/30/2021 10:16:32.119504,2,738,21111-29-PRECINCT 169 29 DISTRICT (B169)
Jefferson,B170,bidenj,12/30/2021 10:16:32.119504,304,640,21111-29-PRECINCT 170 29 DISTRICT (B170)
Jefferson,B170,jorgensenj,12/30/2021 10:16:32.119504,11,640,21111-29-PRECINCT 170 29 DISTRICT (B170)
Jefferson,B170,pierceb,12/30/2021 10:16:32.119504,3,640,21111-29-PRECINCT 170 29 DISTRICT (B170)
Jefferson,B170,trumpd,12/30/2021 10:16:32.119504,321,640,21111-29-PRECINCT 170 29 DISTRICT (B170)
Jefferson,B170,westk,12/30/2021 10:16:32.119504,1,640,21111-29-PRECINCT 170 29 DISTRICT (B170)
Jefferson,B172,bidenj,12/30/2021 10:16:32.119504,870,1759,21111-29-PRECINCT 172 29 DISTRICT (B172)
Jefferson,B172,jorgensenj,12/30/2021 10:16:32.119504,24,1759,21111-29-PRECINCT 172 29 DISTRICT (B172)
Jefferson,B172,pierceb,12/30/2021 10:16:32.119504,7,1759,21111-29-PRECINCT 172 29 DISTRICT (B172)
Jefferson,B172,trumpd,12/30/2021 10:16:32.119504,847,1759,21111-29-PRECINCT 172 29 DISTRICT (B172)
Jefferson,B172,westk,12/30/2021 10:16:32.119504,11,1759,21111-29-PRECINCT 172 29 DISTRICT (B172)
Jefferson,B173,bidenj,12/30/2021 10:16:32.119504,508,1250,21111-29-PRECINCT 173 29 DISTRICT (B173)
Jefferson,B173,jorgensenj,12/30/2021 10:16:32.119504,16,1250,21111-29-PRECINCT 173 29 DISTRICT (B173)
Jefferson,B173,pierceb,12/30/2021 10:16:32.119504,4,1250,21111-29-PRECINCT 173 29 DISTRICT (B173)
Jefferson,B173,trumpd,12/30/2021 10:16:32.119504,719,1250,21111-29-PRECINCT 173 29 DISTRICT (B173)
Jefferson,B173,westk,12/30/2021 10:16:32.119504,3,1250,21111-29-PRECINCT 173 29 DISTRICT (B173)
Jefferson,B175,bidenj,12/30/2021 10:16:32.119504,467,1111,21111-29-PRECINCT 175 29 DISTRICT (B175)
Jefferson,B175,jorgensenj,12/30/2021 10:16:32.119504,9,1111,21111-29-PRECINCT 175 29 DISTRICT (B175)
Jefferson,B175,pierceb,12/30/2021 10:16:32.119504,2,1111,21111-29-PRECINCT 175 29 DISTRICT (B175)
Jefferson,B175,trumpd,12/30/2021 10:16:32.119504,629,1111,21111-29-PRECINCT 175 29 DISTRICT (B175)
Jefferson,B175,westk,12/30/2021 10:16:32.119504,4,1111,21111-29-PRECINCT 175 29 DISTRICT (B175)
Jefferson,B177,bidenj,12/30/2021 10:16:32.119504,525,1357,21111-29-PRECINCT 177 29 DISTRICT (B177)
Jefferson,B177,jorgensenj,12/30/2021 10:16:32.119504,9,1357,21111-29-PRECINCT 177 29 DISTRICT (B177)
Jefferson,B177,pierceb,12/30/2021 10:16:32.119504,1,1357,21111-29-PRECINCT 177 29 DISTRICT (B177)
Jefferson,B177,trumpd,12/30/2021 10:16:32.119504,818,1357,21111-29-PRECINCT 177 29 DISTRICT (B177)
Jefferson,B177,westk,12/30/2021 10:16:32.119504,4,1357,21111-29-PRECINCT 177 29 DISTRICT (B177)
Jefferson,B181,bidenj,12/30/2021 10:16:32.119504,62,136,21111-29-PRECINCT 181 29 DISTRICT (B181)
Jefferson,B181,jorgensenj,12/30/2021 10:16:32.119504,2,136,21111-29-PRECINCT 181 29 DISTRICT (B181)
Jefferson,B181,pierceb,12/30/2021 10:16:32.119504,0,136,21111-29-PRECINCT 181 29 DISTRICT (B181)
Jefferson,B181,trumpd,12/30/2021 10:16:32.119504,72,136,21111-29-PRECINCT 181 29 DISTRICT (B181)
Jefferson,B181,westk,12/30/2021 10:16:32.119504,0,136,21111-29-PRECINCT 181 29 DISTRICT (B181)
Jefferson,B182,bidenj,12/30/2021 10:16:32.119504,231,547,21111-29-PRECINCT 182 29 DISTRICT (B182)
Jefferson,B182,jorgensenj,12/30/2021 10:16:32.119504,9,547,21111-29-PRECINCT 182 29 DISTRICT (B182)
Jefferson,B182,pierceb,12/30/2021 10:16:32.119504,0,547,21111-29-PRECINCT 182 29 DISTRICT (B182)
Jefferson,B182,trumpd,12/30/2021 10:16:32.119504,306,547,21111-29-PRECINCT 182 29 DISTRICT (B182)
Jefferson,B182,westk,12/30/2021 10:16:32.119504,1,547,21111-29-PRECINCT 182 29 DISTRICT (B182)
Jefferson,B183,bidenj,12/30/2021 10:16:32.119504,644,1529,21111-29-PRECINCT 183 29 DISTRICT (B183)
Jefferson,B183,jorgensenj,12/30/2021 10:16:32.119504,21,1529,21111-29-PRECINCT 183 29 DISTRICT (B183)
Jefferson,B183,pierceb,12/30/2021 10:16:32.119504,2,1529,21111-29-PRECINCT 183 29 DISTRICT (B183)
Jefferson,B183,trumpd,12/30/2021 10:16:32.119504,853,1529,21111-29-PRECINCT 183 29 DISTRICT (B183)
Jefferson,B183,westk,12/30/2021 10:16:32.119504,9,1529,21111-29-PRECINCT 183 29 DISTRICT (B183)
Jefferson,B184,bidenj,12/30/2021 10:16:32.119504,1,21,21111-29-PRECINCT 184 29 DISTRICT (B184)
Jefferson,B184,jorgensenj,12/30/2021 10:16:32.119504,0,21,21111-29-PRECINCT 184 29 DISTRICT (B184)
Jefferson,B184,pierceb,12/30/2021 10:16:32.119504,0,21,21111-29-PRECINCT 184 29 DISTRICT (B184)
Jefferson,B184,trumpd,12/30/2021 10:16:32.119504,20,21,21111-29-PRECINCT 184 29 DISTRICT (B184)
Jefferson,B184,westk,12/30/2021 10:16:32.119504,0,21,21111-29-PRECINCT 184 29 DISTRICT (B184)
Jefferson,B185,bidenj,12/30/2021 10:16:32.119504,181,369,21111-29-PRECINCT 185 29 DISTRICT (B185)
Jefferson,B185,jorgensenj,12/30/2021 10:16:32.119504,4,369,21111-29-PRECINCT 185 29 DISTRICT (B185)
Jefferson,B185,pierceb,12/30/2021 10:16:32.119504,3,369,21111-29-PRECINCT 185 29 DISTRICT (B185)
Jefferson,B185,trumpd,12/30/2021 10:16:32.119504,181,369,21111-29-PRECINCT 185 29 DISTRICT (B185)
Jefferson,B185,westk,12/30/2021 10:16:32.119504,0,369,21111-29-PRECINCT 185 29 DISTRICT (B185)
Jefferson,C101,bidenj,12/30/2021 10:16:32.119504,589,724,21111-30-PRECINCT 101 30 DISTRICT (C101)
Jefferson,C101,jorgensenj,12/30/2021 10:16:32.119504,8,724,21111-30-PRECINCT 101 30 DISTRICT (C101)
Jefferson,C101,pierceb,12/30/2021 10:16:32.119504,2,724,21111-30-PRECINCT 101 30 DISTRICT (C101)
Jefferson,C101,trumpd,12/30/2021 10:16:32.119504,124,724,21111-30-PRECINCT 101 30 DISTRICT (C101)
Jefferson,C101,westk,12/30/2021 10:16:32.119504,1,724,21111-30-PRECINCT 101 30 DISTRICT (C101)
Jefferson,C102,bidenj,12/30/2021 10:16:32.119504,343,479,21111-30-PRECINCT 102 30 DISTRICT (C102)
Jefferson,C102,jorgensenj,12/30/2021 10:16:32.119504,9,479,21111-30-PRECINCT 102 30 DISTRICT (C102)
Jefferson,C102,pierceb,12/30/2021 10:16:32.119504,0,479,21111-30-PRECINCT 102 30 DISTRICT (C102)
Jefferson,C102,trumpd,12/30/2021 10:16:32.119504,123,479,21111-30-PRECINCT 102 30 DISTRICT (C102)
Jefferson,C102,westk,12/30/2021 10:16:32.119504,4,479,21111-30-PRECINCT 102 30 DISTRICT (C102)
Jefferson,C103,bidenj,12/30/2021 10:16:32.119504,434,623,21111-30-PRECINCT 103 30 DISTRICT (C103)
Jefferson,C103,jorgensenj,12/30/2021 10:16:32.119504,6,623,21111-30-PRECINCT 103 30 DISTRICT (C103)
Jefferson,C103,pierceb,12/30/2021 10:16:32.119504,6,623,21111-30-PRECINCT 103 30 DISTRICT (C103)
Jefferson,C103,trumpd,12/30/2021 10:16:32.119504,173,623,21111-30-PRECINCT 103 30 DISTRICT (C103)
Jefferson,C103,westk,12/30/2021 10:16:32.119504,4,623,21111-30-PRECINCT 103 30 DISTRICT (C103)
Jefferson,C104,bidenj,12/30/2021 10:16:32.119504,286,414,21111-30-PRECINCT 104 30 DISTRICT (C104)
Jefferson,C104,jorgensenj,12/30/2021 10:16:32.119504,1,414,21111-30-PRECINCT 104 30 DISTRICT (C104)
Jefferson,C104,pierceb,12/30/2021 10:16:32.119504,1,414,21111-30-PRECINCT 104 30 DISTRICT (C104)
Jefferson,C104,trumpd,12/30/2021 10:16:32.119504,124,414,21111-30-PRECINCT 104 30 DISTRICT (C104)
Jefferson,C104,westk,12/30/2021 10:16:32.119504,2,414,21111-30-PRECINCT 104 30 DISTRICT (C104)
Jefferson,C105,bidenj,12/30/2021 10:16:32.119504,302,328,21111-30-PRECINCT 105 30 DISTRICT (C105)
Jefferson,C105,jorgensenj,12/30/2021 10:16:32.119504,4,328,21111-30-PRECINCT 105 30 DISTRICT (C105)
Jefferson,C105,pierceb,12/30/2021 10:16:32.119504,1,328,21111-30-PRECINCT 105 30 DISTRICT (C105)
Jefferson,C105,trumpd,12/30/2021 10:16:32.119504,19,328,21111-30-PRECINCT 105 30 DISTRICT (C105)
Jefferson,C105,westk,12/30/2021 10:16:32.119504,2,328,21111-30-PRECINCT 105 30 DISTRICT (C105)
Jefferson,C106,bidenj,12/30/2021 10:16:32.119504,830,1075,21111-30-PRECINCT 106 30 DISTRICT (C106)
Jefferson,C106,jorgensenj,12/30/2021 10:16:32.119504,7,1075,21111-30-PRECINCT 106 30 DISTRICT (C106)
Jefferson,C106,pierceb,12/30/2021 10:16:32.119504,2,1075,21111-30-PRECINCT 106 30 DISTRICT (C106)
Jefferson,C106,trumpd,12/30/2021 10:16:32.119504,234,1075,21111-30-PRECINCT 106 30 DISTRICT (C106)
Jefferson,C106,westk,12/30/2021 10:16:32.119504,2,1075,21111-30-PRECINCT 106 30 DISTRICT (C106)
Jefferson,C108,bidenj,12/30/2021 10:16:32.119504,698,839,21111-30-PRECINCT 108 30 DISTRICT (C108)
Jefferson,C108,jorgensenj,12/30/2021 10:16:32.119504,9,839,21111-30-PRECINCT 108 30 DISTRICT (C108)
Jefferson,C108,pierceb,12/30/2021 10:16:32.119504,2,839,21111-30-PRECINCT 108 30 DISTRICT (C108)
Jefferson,C108,trumpd,12/30/2021 10:16:32.119504,125,839,21111-30-PRECINCT 108 30 DISTRICT (C108)
Jefferson,C108,westk,12/30/2021 10:16:32.119504,5,839,21111-30-PRECINCT 108 30 DISTRICT (C108)
Jefferson,C109,bidenj,12/30/2021 10:16:32.119504,243,294,21111-30-PRECINCT 109 30 DISTRICT (C109)
Jefferson,C109,jorgensenj,12/30/2021 10:16:32.119504,1,294,21111-30-PRECINCT 109 30 DISTRICT (C109)
Jefferson,C109,pierceb,12/30/2021 10:16:32.119504,0,294,21111-30-PRECINCT 109 30 DISTRICT (C109)
Jefferson,C109,trumpd,12/30/2021 10:16:32.119504,46,294,21111-30-PRECINCT 109 30 DISTRICT (C109)
Jefferson,C109,westk,12/30/2021 10:16:32.119504,4,294,21111-30-PRECINCT 109 30 DISTRICT (C109)
Jefferson,C110,bidenj,12/30/2021 10:16:32.119504,468,484,21111-30-PRECINCT 110 30 DISTRICT (C110)
Jefferson,C110,jorgensenj,12/30/2021 10:16:32.119504,3,484,21111-30-PRECINCT 110 30 DISTRICT (C110)
Jefferson,C110,pierceb,12/30/2021 10:16:32.119504,2,484,21111-30-PRECINCT 110 30 DISTRICT (C110)
Jefferson,C110,trumpd,12/30/2021 10:16:32.119504,8,484,21111-30-PRECINCT 110 30 DISTRICT (C110)
Jefferson,C110,westk,12/30/2021 10:16:32.119504,3,484,21111-30-PRECINCT 110 30 DISTRICT (C110)
Jefferson,C111,bidenj,12/30/2021 10:16:32.119504,817,880,21111-30-PRECINCT 111 30 DISTRICT (C111)
Jefferson,C111,jorgensenj,12/30/2021 10:16:32.119504,9,880,21111-30-PRECINCT 111 30 DISTRICT (C111)
Jefferson,C111,pierceb,12/30/2021 10:16:32.119504,2,880,21111-30-PRECINCT 111 30 DISTRICT (C111)
Jefferson,C111,trumpd,12/30/2021 10:16:32.119504,47,880,21111-30-PRECINCT 111 30 DISTRICT (C111)
Jefferson,C111,westk,12/30/2021 10:16:32.119504,5,880,21111-30-PRECINCT 111 30 DISTRICT (C111)
Jefferson,C113,bidenj,12/30/2021 10:16:32.119504,216,330,21111-30-PRECINCT 113 30 DISTRICT (C113)
Jefferson,C113,jorgensenj,12/30/2021 10:16:32.119504,5,330,21111-30-PRECINCT 113 30 DISTRICT (C113)
Jefferson,C113,pierceb,12/30/2021 10:16:32.119504,0,330,21111-30-PRECINCT 113 30 DISTRICT (C113)
Jefferson,C113,trumpd,12/30/2021 10:16:32.119504,108,330,21111-30-PRECINCT 113 30 DISTRICT (C113)
Jefferson,C113,westk,12/30/2021 10:16:32.119504,1,330,21111-30-PRECINCT 113 30 DISTRICT (C113)
Jefferson,C115,bidenj,12/30/2021 10:16:32.119504,723,996,21111-30-PRECINCT 115 30 DISTRICT (C115)
Jefferson,C115,jorgensenj,12/30/2021 10:16:32.119504,12,996,21111-30-PRECINCT 115 30 DISTRICT (C115)
Jefferson,C115,pierceb,12/30/2021 10:16:32.119504,4,996,21111-30-PRECINCT 115 30 DISTRICT (C115)
Jefferson,C115,trumpd,12/30/2021 10:16:32.119504,256,996,21111-30-PRECINCT 115 30 DISTRICT (C115)
Jefferson,C115,westk,12/30/2021 10:16:32.119504,1,996,21111-30-PRECINCT 115 30 DISTRICT (C115)
Jefferson,C122,bidenj,12/30/2021 10:16:32.119504,442,634,21111-30-PRECINCT 122 30 DISTRICT (C122)
Jefferson,C122,jorgensenj,12/30/2021 10:16:32.119504,9,634,21111-30-PRECINCT 122 30 DISTRICT (C122)
Jefferson,C122,pierceb,12/30/2021 10:16:32.119504,2,634,21111-30-PRECINCT 122 30 DISTRICT (C122)
Jefferson,C122,trumpd,12/30/2021 10:16:32.119504,180,634,21111-30-PRECINCT 122 30 DISTRICT (C122)
Jefferson,C122,westk,12/30/2021 10:16:32.119504,1,634,21111-30-PRECINCT 122 30 DISTRICT (C122)
Jefferson,C123,bidenj,12/30/2021 10:16:32.119504,269,427,21111-30-PRECINCT 123 30 DISTRICT (C123)
Jefferson,C123,jorgensenj,12/30/2021 10:16:32.119504,11,427,21111-30-PRECINCT 123 30 DISTRICT (C123)
Jefferson,C123,pierceb,12/30/2021 10:16:32.119504,0,427,21111-30-PRECINCT 123 30 DISTRICT (C123)
Jefferson,C123,trumpd,12/30/2021 10:16:32.119504,141,427,21111-30-PRECINCT 123 30 DISTRICT (C123)
Jefferson,C123,westk,12/30/2021 10:16:32.119504,6,427,21111-30-PRECINCT 123 30 DISTRICT (C123)
Jefferson,C124,bidenj,12/30/2021 10:16:32.119504,572,949,21111-30-PRECINCT 124 30 DISTRICT (C124)
Jefferson,C124,jorgensenj,12/30/2021 10:16:32.119504,12,949,21111-30-PRECINCT 124 30 DISTRICT (C124)
Jefferson,C124,pierceb,12/30/2021 10:16:32.119504,3,949,21111-30-PRECINCT 124 30 DISTRICT (C124)
Jefferson,C124,trumpd,12/30/2021 10:16:32.119504,358,949,21111-30-PRECINCT 124 30 DISTRICT (C124)
Jefferson,C124,westk,12/30/2021 10:16:32.119504,4,949,21111-30-PRECINCT 124 30 DISTRICT (C124)
Jefferson,C125,bidenj,12/30/2021 10:16:32.119504,463,582,21111-30-PRECINCT 125 30 DISTRICT (C125)
Jefferson,C125,jorgensenj,12/30/2021 10:16:32.119504,6,582,21111-30-PRECINCT 125 30 DISTRICT (C125)
Jefferson,C125,pierceb,12/30/2021 10:16:32.119504,0,582,21111-30-PRECINCT 125 30 DISTRICT (C125)
Jefferson,C125,trumpd,12/30/2021 10:16:32.119504,109,582,21111-30-PRECINCT 125 30 DISTRICT (C125)
Jefferson,C125,westk,12/30/2021 10:16:32.119504,4,582,21111-30-PRECINCT 125 30 DISTRICT (C125)
Jefferson,C126,bidenj,12/30/2021 10:16:32.119504,530,662,21111-30-PRECINCT 126 30 DISTRICT (C126)
Jefferson,C126,jorgensenj,12/30/2021 10:16:32.119504,10,662,21111-30-PRECINCT 126 30 DISTRICT (C126)
Jefferson,C126,pierceb,12/30/2021 10:16:32.119504,1,662,21111-30-PRECINCT 126 30 DISTRICT (C126)
Jefferson,C126,trumpd,12/30/2021 10:16:32.119504,120,662,21111-30-PRECINCT 126 30 DISTRICT (C126)
Jefferson,C126,westk,12/30/2021 10:16:32.119504,1,662,21111-30-PRECINCT 126 30 DISTRICT (C126)
Jefferson,C128,bidenj,12/30/2021 10:16:32.119504,112,188,21111-30-PRECINCT 128 30 DISTRICT (C128)
Jefferson,C128,jorgensenj,12/30/2021 10:16:32.119504,4,188,21111-30-PRECINCT 128 30 DISTRICT (C128)
Jefferson,C128,pierceb,12/30/2021 10:16:32.119504,0,188,21111-30-PRECINCT 128 30 DISTRICT (C128)
Jefferson,C128,trumpd,12/30/2021 10:16:32.119504,72,188,21111-30-PRECINCT 128 30 DISTRICT (C128)
Jefferson,C128,westk,12/30/2021 10:16:32.119504,0,188,21111-30-PRECINCT 128 30 DISTRICT (C128)
Jefferson,C129,bidenj,12/30/2021 10:16:32.119504,685,969,21111-30-PRECINCT 129 30 DISTRICT (C129)
Jefferson,C129,jorgensenj,12/30/2021 10:16:32.119504,12,969,21111-30-PRECINCT 129 30 DISTRICT (C129)
Jefferson,C129,pierceb,12/30/2021 10:16:32.119504,0,969,21111-30-PRECINCT 129 30 DISTRICT (C129)
Jefferson,C129,trumpd,12/30/2021 10:16:32.119504,269,969,21111-30-PRECINCT 129 30 DISTRICT (C129)
Jefferson,C129,westk,12/30/2021 10:16:32.119504,3,969,21111-30-PRECINCT 129 30 DISTRICT (C129)
Jefferson,C130,bidenj,12/30/2021 10:16:32.119504,45,64,21111-30-PRECINCT 130 30 DISTRICT (C130)
Jefferson,C130,jorgensenj,12/30/2021 10:16:32.119504,0,64,21111-30-PRECINCT 130 30 DISTRICT (C130)
Jefferson,C130,pierceb,12/30/2021 10:16:32.119504,0,64,21111-30-PRECINCT 130 30 DISTRICT (C130)
Jefferson,C130,trumpd,12/30/2021 10:16:32.119504,19,64,21111-30-PRECINCT 130 30 DISTRICT (C130)
Jefferson,C130,westk,12/30/2021 10:16:32.119504,0,64,21111-30-PRECINCT 130 30 DISTRICT (C130)
Jefferson,C131,bidenj,12/30/2021 10:16:32.119504,247,389,21111-30-PRECINCT 131 30 DISTRICT (C131)
Jefferson,C131,jorgensenj,12/30/2021 10:16:32.119504,4,389,21111-30-PRECINCT 131 30 DISTRICT (C131)
Jefferson,C131,pierceb,12/30/2021 10:16:32.119504,2,389,21111-30-PRECINCT 131 30 DISTRICT (C131)
Jefferson,C131,trumpd,12/30/2021 10:16:32.119504,134,389,21111-30-PRECINCT 131 30 DISTRICT (C131)
Jefferson,C131,westk,12/30/2021 10:16:32.119504,2,389,21111-30-PRECINCT 131 30 DISTRICT (C131)
Jefferson,C133,bidenj,12/30/2021 10:16:32.119504,650,981,21111-30-PRECINCT 133 30 DISTRICT (C133)
Jefferson,C133,jorgensenj,12/30/2021 10:16:32.119504,13,981,21111-30-PRECINCT 133 30 DISTRICT (C133)
Jefferson,C133,pierceb,12/30/2021 10:16:32.119504,3,981,21111-30-PRECINCT 133 30 DISTRICT (C133)
Jefferson,C133,trumpd,12/30/2021 10:16:32.119504,310,981,21111-30-PRECINCT 133 30 DISTRICT (C133)
Jefferson,C133,westk,12/30/2021 10:16:32.119504,5,981,21111-30-PRECINCT 133 30 DISTRICT (C133)
Jefferson,C134,bidenj,12/30/2021 10:16:32.119504,386,653,21111-30-PRECINCT 134 30 DISTRICT (C134)
Jefferson,C134,jorgensenj,12/30/2021 10:16:32.119504,8,653,21111-30-PRECINCT 134 30 DISTRICT (C134)
Jefferson,C134,pierceb,12/30/2021 10:16:32.119504,1,653,21111-30-PRECINCT 134 30 DISTRICT (C134)
Jefferson,C134,trumpd,12/30/2021 10:16:32.119504,256,653,21111-30-PRECINCT 134 30 DISTRICT (C134)
Jefferson,C134,westk,12/30/2021 10:16:32.119504,2,653,21111-30-PRECINCT 134 30 DISTRICT (C134)
Jefferson,C135,bidenj,12/30/2021 10:16:32.119504,454,723,21111-30-PRECINCT 135 30 DISTRICT (C135)
Jefferson,C135,jorgensenj,12/30/2021 10:16:32.119504,6,723,21111-30-PRECINCT 135 30 DISTRICT (C135)
Jefferson,C135,pierceb,12/30/2021 10:16:32.119504,2,723,21111-30-PRECINCT 135 30 DISTRICT (C135)
Jefferson,C135,trumpd,12/30/2021 10:16:32.119504,258,723,21111-30-PRECINCT 135 30 DISTRICT (C135)
Jefferson,C135,westk,12/30/2021 10:16:32.119504,3,723,21111-30-PRECINCT 135 30 DISTRICT (C135)
Jefferson,C136,bidenj,12/30/2021 10:16:32.119504,285,449,21111-30-PRECINCT 136 30 DISTRICT (C136)
Jefferson,C136,jorgensenj,12/30/2021 10:16:32.119504,6,449,21111-30-PRECINCT 136 30 DISTRICT (C136)
Jefferson,C136,pierceb,12/30/2021 10:16:32.119504,2,449,21111-30-PRECINCT 136 30 DISTRICT (C136)
Jefferson,C136,trumpd,12/30/2021 10:16:32.119504,150,449,21111-30-PRECINCT 136 30 DISTRICT (C136)
Jefferson,C136,westk,12/30/2021 10:16:32.119504,6,449,21111-30-PRECINCT 136 30 DISTRICT (C136)
Jefferson,C137,bidenj,12/30/2021 10:16:32.119504,434,676,21111-30-PRECINCT 137 30 DISTRICT (C137)
Jefferson,C137,jorgensenj,12/30/2021 10:16:32.119504,11,676,21111-30-PRECINCT 137 30 DISTRICT (C137)
Jefferson,C137,pierceb,12/30/2021 10:16:32.119504,1,676,21111-30-PRECINCT 137 30 DISTRICT (C137)
Jefferson,C137,trumpd,12/30/2021 10:16:32.119504,226,676,21111-30-PRECINCT 137 30 DISTRICT (C137)
Jefferson,C137,westk,12/30/2021 10:16:32.119504,4,676,21111-30-PRECINCT 137 30 DISTRICT (C137)
Jefferson,C138,bidenj,12/30/2021 10:16:32.119504,300,458,21111-30-PRECINCT 138 30 DISTRICT (C138)
Jefferson,C138,jorgensenj,12/30/2021 10:16:32.119504,8,458,21111-30-PRECINCT 138 30 DISTRICT (C138)
Jefferson,C138,pierceb,12/30/2021 10:16:32.119504,2,458,21111-30-PRECINCT 138 30 DISTRICT (C138)
Jefferson,C138,trumpd,12/30/2021 10:16:32.119504,147,458,21111-30-PRECINCT 138 30 DISTRICT (C138)
Jefferson,C138,westk,12/30/2021 10:16:32.119504,1,458,21111-30-PRECINCT 138 30 DISTRICT (C138)
Jefferson,C139,bidenj,12/30/2021 10:16:32.119504,12,34,21111-30-PRECINCT 139 30 DISTRICT (C139)
Jefferson,C139,jorgensenj,12/30/2021 10:16:32.119504,2,34,21111-30-PRECINCT 139 30 DISTRICT (C139)
Jefferson,C139,pierceb,12/30/2021 10:16:32.119504,0,34,21111-30-PRECINCT 139 30 DISTRICT (C139)
Jefferson,C139,trumpd,12/30/2021 10:16:32.119504,20,34,21111-30-PRECINCT 139 30 DISTRICT (C139)
Jefferson,C139,westk,12/30/2021 10:16:32.119504,0,34,21111-30-PRECINCT 139 30 DISTRICT (C139)
Jefferson,C141,bidenj,12/30/2021 10:16:32.119504,280,407,21111-30-PRECINCT 141 30 DISTRICT (C141)
Jefferson,C141,jorgensenj,12/30/2021 10:16:32.119504,9,407,21111-30-PRECINCT 141 30 DISTRICT (C141)
Jefferson,C141,pierceb,12/30/2021 10:16:32.119504,2,407,21111-30-PRECINCT 141 30 DISTRICT (C141)
Jefferson,C141,trumpd,12/30/2021 10:16:32.119504,115,407,21111-30-PRECINCT 141 30 DISTRICT (C141)
Jefferson,C141,westk,12/30/2021 10:16:32.119504,1,407,21111-30-PRECINCT 141 30 DISTRICT (C141)
Jefferson,C142,bidenj,12/30/2021 10:16:32.119504,579,741,21111-30-PRECINCT 142 30 DISTRICT (C142)
Jefferson,C142,jorgensenj,12/30/2021 10:16:32.119504,4,741,21111-30-PRECINCT 142 30 DISTRICT (C142)
Jefferson,C142,pierceb,12/30/2021 10:16:32.119504,1,741,21111-30-PRECINCT 142 30 DISTRICT (C142)
Jefferson,C142,trumpd,12/30/2021 10:16:32.119504,153,741,21111-30-PRECINCT 142 30 DISTRICT (C142)
Jefferson,C142,westk,12/30/2021 10:16:32.119504,4,741,21111-30-PRECINCT 142 30 DISTRICT (C142)
Jefferson,C143,bidenj,12/30/2021 10:16:32.119504,62,154,21111-30-PRECINCT 143 30 DISTRICT (C143)
Jefferson,C143,jorgensenj,12/30/2021 10:16:32.119504,1,154,21111-30-PRECINCT 143 30 DISTRICT (C143)
Jefferson,C143,pierceb,12/30/2021 10:16:32.119504,0,154,21111-30-PRECINCT 143 30 DISTRICT (C143)
Jefferson,C143,trumpd,12/30/2021 10:16:32.119504,91,154,21111-30-PRECINCT 143 30 DISTRICT (C143)
Jefferson,C143,westk,12/30/2021 10:16:32.119504,0,154,21111-30-PRECINCT 143 30 DISTRICT (C143)
Jefferson,C144,bidenj,12/30/2021 10:16:32.119504,40,78,21111-30-PRECINCT 144 30 DISTRICT (C144)
Jefferson,C144,jorgensenj,12/30/2021 10:16:32.119504,0,78,21111-30-PRECINCT 144 30 DISTRICT (C144)
Jefferson,C144,pierceb,12/30/2021 10:16:32.119504,0,78,21111-30-PRECINCT 144 30 DISTRICT (C144)
Jefferson,C144,trumpd,12/30/2021 10:16:32.119504,38,78,21111-30-PRECINCT 144 30 DISTRICT (C144)
Jefferson,C144,westk,12/30/2021 10:16:32.119504,0,78,21111-30-PRECINCT 144 30 DISTRICT (C144)
Jefferson,C145,bidenj,12/30/2021 10:16:32.119504,97,187,21111-30-PRECINCT 145 30 DISTRICT (C145)
Jefferson,C145,jorgensenj,12/30/2021 10:16:32.119504,3,187,21111-30-PRECINCT 145 30 DISTRICT (C145)
Jefferson,C145,pierceb,12/30/2021 10:16:32.119504,1,187,21111-30-PRECINCT 145 30 DISTRICT (C145)
Jefferson,C145,trumpd,12/30/2021 10:16:32.119504,82,187,21111-30-PRECINCT 145 30 DISTRICT (C145)
Jefferson,C145,westk,12/30/2021 10:16:32.119504,4,187,21111-30-PRECINCT 145 30 DISTRICT (C145)
Jefferson,C146,bidenj,12/30/2021 10:16:32.119504,1,1,
Jefferson,C146,jorgensenj,12/30/2021 10:16:32.119504,0,1,
Jefferson,C146,pierceb,12/30/2021 10:16:32.119504,0,1,
Jefferson,C146,trumpd,12/30/2021 10:16:32.119504,0,1,
Jefferson,C146,westk,12/30/2021 10:16:32.119504,0,1,
Jefferson,C147,bidenj,12/30/2021 10:16:32.119504,4,4,21111-30-PRECINCT 147 30 DISTRICT (C147)
Jefferson,C147,jorgensenj,12/30/2021 10:16:32.119504,0,4,21111-30-PRECINCT 147 30 DISTRICT (C147)
Jefferson,C147,pierceb,12/30/2021 10:16:32.119504,0,4,21111-30-PRECINCT 147 30 DISTRICT (C147)
Jefferson,C147,trumpd,12/30/2021 10:16:32.119504,0,4,21111-30-PRECINCT 147 30 DISTRICT (C147)
Jefferson,C147,westk,12/30/2021 10:16:32.119504,0,4,21111-30-PRECINCT 147 30 DISTRICT (C147)
Jefferson,C148,bidenj,12/30/2021 10:16:32.119504,15,31,
Jefferson,C148,jorgensenj,12/30/2021 10:16:32.119504,1,31,
Jefferson,C148,pierceb,12/30/2021 10:16:32.119504,0,31,
Jefferson,C148,trumpd,12/30/2021 10:16:32.119504,15,31,
Jefferson,C148,westk,12/30/2021 10:16:32.119504,0,31,
Jefferson,C149,bidenj,12/30/2021 10:16:32.119504,1,13,21111-30-PRECINCT 149 30 DISTRICT (C149)
Jefferson,C149,jorgensenj,12/30/2021 10:16:32.119504,0,13,21111-30-PRECINCT 149 30 DISTRICT (C149)
Jefferson,C149,pierceb,12/30/2021 10:16:32.119504,1,13,21111-30-PRECINCT 149 30 DISTRICT (C149)
Jefferson,C149,trumpd,12/30/2021 10:16:32.119504,11,13,21111-30-PRECINCT 149 30 DISTRICT (C149)
Jefferson,C149,westk,12/30/2021 10:16:32.119504,0,13,21111-30-PRECINCT 149 30 DISTRICT (C149)
Jefferson,C150,bidenj,12/30/2021 10:16:32.119504,7,12,21111-30-PRECINCT 150 30 DISTRICT (C150)
Jefferson,C150,jorgensenj,12/30/2021 10:16:32.119504,0,12,21111-30-PRECINCT 150 30 DISTRICT (C150)
Jefferson,C150,pierceb,12/30/2021 10:16:32.119504,0,12,21111-30-PRECINCT 150 30 DISTRICT (C150)
Jefferson,C150,trumpd,12/30/2021 10:16:32.119504,5,12,21111-30-PRECINCT 150 30 DISTRICT (C150)
Jefferson,C150,westk,12/30/2021 10:16:32.119504,0,12,21111-30-PRECINCT 150 30 DISTRICT (C150)
Jefferson,C151,bidenj,12/30/2021 10:16:32.119504,15,21,21111-30-PRECINCT 151 30 DISTRICT (C151)
Jefferson,C151,jorgensenj,12/30/2021 10:16:32.119504,0,21,21111-30-PRECINCT 151 30 DISTRICT (C151)
Jefferson,C151,pierceb,12/30/2021 10:16:32.119504,0,21,21111-30-PRECINCT 151 30 DISTRICT (C151)
Jefferson,C151,trumpd,12/30/2021 10:16:32.119504,6,21,21111-30-PRECINCT 151 30 DISTRICT (C151)
Jefferson,C151,westk,12/30/2021 10:16:32.119504,0,21,21111-30-PRECINCT 151 30 DISTRICT (C151)
Jefferson,D101,bidenj,12/30/2021 10:16:32.119504,289,464,21111-31-PRECINCT 101 31 DISTRICT (D101)
Jefferson,D101,jorgensenj,12/30/2021 10:16:32.119504,4,464,21111-31-PRECINCT 101 31 DISTRICT (D101)
Jefferson,D101,pierceb,12/30/2021 10:16:32.119504,2,464,21111-31-PRECINCT 101 31 DISTRICT (D101)
Jefferson,D101,trumpd,12/30/2021 10:16:32.119504,166,464,21111-31-PRECINCT 101 31 DISTRICT (D101)
Jefferson,D101,westk,12/30/2021 10:16:32.119504,3,464,21111-31-PRECINCT 101 31 DISTRICT (D101)
Jefferson,D104,bidenj,12/30/2021 10:16:32.119504,363,567,21111-31-PRECINCT 104 31 DISTRICT (D104)
Jefferson,D104,jorgensenj,12/30/2021 10:16:32.119504,10,567,21111-31-PRECINCT 104 31 DISTRICT (D104)
Jefferson,D104,pierceb,12/30/2021 10:16:32.119504,1,567,21111-31-PRECINCT 104 31 DISTRICT (D104)
Jefferson,D104,trumpd,12/30/2021 10:16:32.119504,190,567,21111-31-PRECINCT 104 31 DISTRICT (D104)
Jefferson,D104,westk,12/30/2021 10:16:32.119504,3,567,21111-31-PRECINCT 104 31 DISTRICT (D104)
Jefferson,D106,bidenj,12/30/2021 10:16:32.119504,438,754,21111-31-PRECINCT 106 31 DISTRICT (D106)
Jefferson,D106,jorgensenj,12/30/2021 10:16:32.119504,11,754,21111-31-PRECINCT 106 31 DISTRICT (D106)
Jefferson,D106,pierceb,12/30/2021 10:16:32.119504,1,754,21111-31-PRECINCT 106 31 DISTRICT (D106)
Jefferson,D106,trumpd,12/30/2021 10:16:32.119504,299,754,21111-31-PRECINCT 106 31 DISTRICT (D106)
Jefferson,D106,westk,12/30/2021 10:16:32.119504,5,754,21111-31-PRECINCT 106 31 DISTRICT (D106)
Jefferson,D108,bidenj,12/30/2021 10:16:32.119504,496,841,21111-31-PRECINCT 108 31 DISTRICT (D108)
Jefferson,D108,jorgensenj,12/30/2021 10:16:32.119504,14,841,21111-31-PRECINCT 108 31 DISTRICT (D108)
Jefferson,D108,pierceb,12/30/2021 10:16:32.119504,1,841,21111-31-PRECINCT 108 31 DISTRICT (D108)
Jefferson,D108,trumpd,12/30/2021 10:16:32.119504,328,841,21111-31-PRECINCT 108 31 DISTRICT (D108)
Jefferson,D108,westk,12/30/2021 10:16:32.119504,2,841,21111-31-PRECINCT 108 31 DISTRICT (D108)
Jefferson,D109,bidenj,12/30/2021 10:16:32.119504,250,359,21111-31-PRECINCT 109 31 DISTRICT (D109)
Jefferson,D109,jorgensenj,12/30/2021 10:16:32.119504,4,359,21111-31-PRECINCT 109 31 DISTRICT (D109)
Jefferson,D109,pierceb,12/30/2021 10:16:32.119504,0,359,21111-31-PRECINCT 109 31 DISTRICT (D109)
Jefferson,D109,trumpd,12/30/2021 10:16:32.119504,103,359,21111-31-PRECINCT 109 31 DISTRICT (D109)
Jefferson,D109,westk,12/30/2021 10:16:32.119504,2,359,21111-31-PRECINCT 109 31 DISTRICT (D109)
Jefferson,D110,bidenj,12/30/2021 10:16:32.119504,446,659,21111-31-PRECINCT 110 31 DISTRICT (D110)
Jefferson,D110,jorgensenj,12/30/2021 10:16:32.119504,8,659,21111-31-PRECINCT 110 31 DISTRICT (D110)
Jefferson,D110,pierceb,12/30/2021 10:16:32.119504,1,659,21111-31-PRECINCT 110 31 DISTRICT (D110)
Jefferson,D110,trumpd,12/30/2021 10:16:32.119504,200,659,21111-31-PRECINCT 110 31 DISTRICT (D110)
Jefferson,D110,westk,12/30/2021 10:16:32.119504,4,659,21111-31-PRECINCT 110 31 DISTRICT (D110)
Jefferson,D113,bidenj,12/30/2021 10:16:32.119504,385,526,21111-31-PRECINCT 113 31 DISTRICT (D113)
Jefferson,D113,jorgensenj,12/30/2021 10:16:32.119504,7,526,21111-31-PRECINCT 113 31 DISTRICT (D113)
Jefferson,D113,pierceb,12/30/2021 10:16:32.119504,0,526,21111-31-PRECINCT 113 31 DISTRICT (D113)
Jefferson,D113,trumpd,12/30/2021 10:16:32.119504,128,526,21111-31-PRECINCT 113 31 DISTRICT (D113)
Jefferson,D113,westk,12/30/2021 10:16:32.119504,6,526,21111-31-PRECINCT 113 31 DISTRICT (D113)
Jefferson,D114,bidenj,12/30/2021 10:16:32.119504,425,792,21111-31-PRECINCT 114 31 DISTRICT (D114)
Jefferson,D114,jorgensenj,12/30/2021 10:16:32.119504,10,792,21111-31-PRECINCT 114 31 DISTRICT (D114)
Jefferson,D114,pierceb,12/30/2021 10:16:32.119504,0,792,21111-31-PRECINCT 114 31 DISTRICT (D114)
Jefferson,D114,trumpd,12/30/2021 10:16:32.119504,355,792,21111-31-PRECINCT 114 31 DISTRICT (D114)
Jefferson,D114,westk,12/30/2021 10:16:32.119504,2,792,21111-31-PRECINCT 114 31 DISTRICT (D114)
Jefferson,D115,bidenj,12/30/2021 10:16:32.119504,651,1047,21111-31-PRECINCT 115 31 DISTRICT (D115)
Jefferson,D115,jorgensenj,12/30/2021 10:16:32.119504,16,1047,21111-31-PRECINCT 115 31 DISTRICT (D115)
Jefferson,D115,pierceb,12/30/2021 10:16:32.119504,2,1047,21111-31-PRECINCT 115 31 DISTRICT (D115)
Jefferson,D115,trumpd,12/30/2021 10:16:32.119504,376,1047,21111-31-PRECINCT 115 31 DISTRICT (D115)
Jefferson,D115,westk,12/30/2021 10:16:32.119504,2,1047,21111-31-PRECINCT 115 31 DISTRICT (D115)
Jefferson,D116,bidenj,12/30/2021 10:16:32.119504,614,1194,21111-31-PRECINCT 116 31 DISTRICT (D116)
Jefferson,D116,jorgensenj,12/30/2021 10:16:32.119504,21,1194,21111-31-PRECINCT 116 31 DISTRICT (D116)
Jefferson,D116,pierceb,12/30/2021 10:16:32.119504,1,1194,21111-31-PRECINCT 116 31 DISTRICT (D116)
Jefferson,D116,trumpd,12/30/2021 10:16:32.119504,555,1194,21111-31-PRECINCT 116 31 DISTRICT (D116)
Jefferson,D116,westk,12/30/2021 10:16:32.119504,3,1194,21111-31-PRECINCT 116 31 DISTRICT (D116)
Jefferson,D117,bidenj,12/30/2021 10:16:32.119504,450,790,21111-31-PRECINCT 117 31 DISTRICT (D117)
Jefferson,D117,jorgensenj,12/30/2021 10:16:32.119504,9,790,21111-31-PRECINCT 117 31 DISTRICT (D117)
Jefferson,D117,pierceb,12/30/2021 10:16:32.119504,0,790,21111-31-PRECINCT 117 31 DISTRICT (D117)
Jefferson,D117,trumpd,12/30/2021 10:16:32.119504,330,790,21111-31-PRECINCT 117 31 DISTRICT (D117)
Jefferson,D117,westk,12/30/2021 10:16:32.119504,1,790,21111-31-PRECINCT 117 31 DISTRICT (D117)
Jefferson,D120,bidenj,12/30/2021 10:16:32.119504,702,1128,21111-31-PRECINCT 120 31 DISTRICT (D120)
Jefferson,D120,jorgensenj,12/30/2021 10:16:32.119504,19,1128,21111-31-PRECINCT 120 31 DISTRICT (D120)
Jefferson,D120,pierceb,12/30/2021 10:16:32.119504,2,1128,21111-31-PRECINCT 120 31 DISTRICT (D120)
Jefferson,D120,trumpd,12/30/2021 10:16:32.119504,400,1128,21111-31-PRECINCT 120 31 DISTRICT (D120)
Jefferson,D120,westk,12/30/2021 10:16:32.119504,5,1128,21111-31-PRECINCT 120 31 DISTRICT (D120)
Jefferson,D121,bidenj,12/30/2021 10:16:32.119504,342,692,21111-31-PRECINCT 121 31 DISTRICT (D121)
Jefferson,D121,jorgensenj,12/30/2021 10:16:32.119504,16,692,21111-31-PRECINCT 121 31 DISTRICT (D121)
Jefferson,D121,pierceb,12/30/2021 10:16:32.119504,5,692,21111-31-PRECINCT 121 31 DISTRICT (D121)
Jefferson,D121,trumpd,12/30/2021 10:16:32.119504,325,692,21111-31-PRECINCT 121 31 DISTRICT (D121)
Jefferson,D121,westk,12/30/2021 10:16:32.119504,4,692,21111-31-PRECINCT 121 31 DISTRICT (D121)
Jefferson,D122,bidenj,12/30/2021 10:16:32.119504,403,803,21111-31-PRECINCT 122 31 DISTRICT (D122)
Jefferson,D122,jorgensenj,12/30/2021 10:16:32.119504,24,803,21111-31-PRECINCT 122 31 DISTRICT (D122)
Jefferson,D122,pierceb,12/30/2021 10:16:32.119504,2,803,21111-31-PRECINCT 122 31 DISTRICT (D122)
Jefferson,D122,trumpd,12/30/2021 10:16:32.119504,370,803,21111-31-PRECINCT 122 31 DISTRICT (D122)
Jefferson,D122,westk,12/30/2021 10:16:32.119504,4,803,21111-31-PRECINCT 122 31 DISTRICT (D122)
Jefferson,D126,bidenj,12/30/2021 10:16:32.119504,657,1210,21111-31-PRECINCT 126 31 DISTRICT (D126)
Jefferson,D126,jorgensenj,12/30/2021 10:16:32.119504,24,1210,21111-31-PRECINCT 126 31 DISTRICT (D126)
Jefferson,D126,pierceb,12/30/2021 10:16:32.119504,5,1210,21111-31-PRECINCT 126 31 DISTRICT (D126)
Jefferson,D126,trumpd,12/30/2021 10:16:32.119504,516,1210,21111-31-PRECINCT 126 31 DISTRICT (D126)
Jefferson,D126,westk,12/30/2021 10:16:32.119504,8,1210,21111-31-PRECINCT 126 31 DISTRICT (D126)
Jefferson,D129,bidenj,12/30/2021 10:16:32.119504,257,435,21111-31-PRECINCT 129 31 DISTRICT (D129)
Jefferson,D129,jorgensenj,12/30/2021 10:16:32.119504,5,435,21111-31-PRECINCT 129 31 DISTRICT (D129)
Jefferson,D129,pierceb,12/30/2021 10:16:32.119504,2,435,21111-31-PRECINCT 129 31 DISTRICT (D129)
Jefferson,D129,trumpd,12/30/2021 10:16:32.119504,169,435,21111-31-PRECINCT 129 31 DISTRICT (D129)
Jefferson,D129,westk,12/30/2021 10:16:32.119504,2,435,21111-31-PRECINCT 129 31 DISTRICT (D129)
Jefferson,D130,bidenj,12/30/2021 10:16:32.119504,464,765,21111-31-PRECINCT 130 31 DISTRICT (D130)
Jefferson,D130,jorgensenj,12/30/2021 10:16:32.119504,15,765,21111-31-PRECINCT 130 31 DISTRICT (D130)
Jefferson,D130,pierceb,12/30/2021 10:16:32.119504,1,765,21111-31-PRECINCT 130 31 DISTRICT (D130)
Jefferson,D130,trumpd,12/30/2021 10:16:32.119504,280,765,21111-31-PRECINCT 130 31 DISTRICT (D130)
Jefferson,D130,westk,12/30/2021 10:16:32.119504,5,765,21111-31-PRECINCT 130 31 DISTRICT (D130)
Jefferson,D131,bidenj,12/30/2021 10:16:32.119504,295,463,21111-31-PRECINCT 131 31 DISTRICT (D131)
Jefferson,D131,jorgensenj,12/30/2021 10:16:32.119504,11,463,21111-31-PRECINCT 131 31 DISTRICT (D131)
Jefferson,D131,pierceb,12/30/2021 10:16:32.119504,2,463,21111-31-PRECINCT 131 31 DISTRICT (D131)
Jefferson,D131,trumpd,12/30/2021 10:16:32.119504,153,463,21111-31-PRECINCT 131 31 DISTRICT (D131)
Jefferson,D131,westk,12/30/2021 10:16:32.119504,2,463,21111-31-PRECINCT 131 31 DISTRICT (D131)
Jefferson,D132,bidenj,12/30/2021 10:16:32.119504,832,1331,21111-31-PRECINCT 132 31 DISTRICT (D132)
Jefferson,D132,jorgensenj,12/30/2021 10:16:32.119504,23,1331,21111-31-PRECINCT 132 31 DISTRICT (D132)
Jefferson,D132,pierceb,12/30/2021 10:16:32.119504,3,1331,21111-31-PRECINCT 132 31 DISTRICT (D132)
Jefferson,D132,trumpd,12/30/2021 10:16:32.119504,469,1331,21111-31-PRECINCT 132 31 DISTRICT (D132)
Jefferson,D132,westk,12/30/2021 10:16:32.119504,4,1331,21111-31-PRECINCT 132 31 DISTRICT (D132)
Jefferson,D135,bidenj,12/30/2021 10:16:32.119504,401,639,21111-31-PRECINCT 135 31 DISTRICT (D135)
Jefferson,D135,jorgensenj,12/30/2021 10:16:32.119504,4,639,21111-31-PRECINCT 135 31 DISTRICT (D135)
Jefferson,D135,pierceb,12/30/2021 10:16:32.119504,2,639,21111-31-PRECINCT 135 31 DISTRICT (D135)
Jefferson,D135,trumpd,12/30/2021 10:16:32.119504,230,639,21111-31-PRECINCT 135 31 DISTRICT (D135)
Jefferson,D135,westk,12/30/2021 10:16:32.119504,2,639,21111-31-PRECINCT 135 31 DISTRICT (D135)
Jefferson,D136,bidenj,12/30/2021 10:16:32.119504,663,1179,21111-31-PRECINCT 136 31 DISTRICT (D136)
Jefferson,D136,jorgensenj,12/30/2021 10:16:32.119504,7,1179,21111-31-PRECINCT 136 31 DISTRICT (D136)
Jefferson,D136,pierceb,12/30/2021 10:16:32.119504,4,1179,21111-31-PRECINCT 136 31 DISTRICT (D136)
Jefferson,D136,trumpd,12/30/2021 10:16:32.119504,504,1179,21111-31-PRECINCT 136 31 DISTRICT (D136)
Jefferson,D136,westk,12/30/2021 10:16:32.119504,1,1179,21111-31-PRECINCT 136 31 DISTRICT (D136)
Jefferson,D137,bidenj,12/30/2021 10:16:32.119504,342,715,21111-31-PRECINCT 137 31 DISTRICT (D137)
Jefferson,D137,jorgensenj,12/30/2021 10:16:32.119504,10,715,21111-31-PRECINCT 137 31 DISTRICT (D137)
Jefferson,D137,pierceb,12/30/2021 10:16:32.119504,1,715,21111-31-PRECINCT 137 31 DISTRICT (D137)
Jefferson,D137,trumpd,12/30/2021 10:16:32.119504,358,715,21111-31-PRECINCT 137 31 DISTRICT (D137)
Jefferson,D137,westk,12/30/2021 10:16:32.119504,4,715,21111-31-PRECINCT 137 31 DISTRICT (D137)
Jefferson,D138,bidenj,12/30/2021 10:16:32.119504,813,1375,21111-31-PRECINCT 138 31 DISTRICT (D138)
Jefferson,D138,jorgensenj,12/30/2021 10:16:32.119504,16,1375,21111-31-PRECINCT 138 31 DISTRICT (D138)
Jefferson,D138,pierceb,12/30/2021 10:16:32.119504,8,1375,21111-31-PRECINCT 138 31 DISTRICT (D138)
Jefferson,D138,trumpd,12/30/2021 10:16:32.119504,535,1375,21111-31-PRECINCT 138 31 DISTRICT (D138)
Jefferson,D138,westk,12/30/2021 10:16:32.119504,3,1375,21111-31-PRECINCT 138 31 DISTRICT (D138)
Jefferson,D139,bidenj,12/30/2021 10:16:32.119504,639,1128,21111-31-PRECINCT 139 31 DISTRICT (D139)
Jefferson,D139,jorgensenj,12/30/2021 10:16:32.119504,15,1128,21111-31-PRECINCT 139 31 DISTRICT (D139)
Jefferson,D139,pierceb,12/30/2021 10:16:32.119504,1,1128,21111-31-PRECINCT 139 31 DISTRICT (D139)
Jefferson,D139,trumpd,12/30/2021 10:16:32.119504,470,1128,21111-31-PRECINCT 139 31 DISTRICT (D139)
Jefferson,D139,westk,12/30/2021 10:16:32.119504,3,1128,21111-31-PRECINCT 139 31 DISTRICT (D139)
Jefferson,D140,bidenj,12/30/2021 10:16:32.119504,541,1011,21111-31-PRECINCT 140 31 DISTRICT (D140)
Jefferson,D140,jorgensenj,12/30/2021 10:16:32.119504,8,1011,21111-31-PRECINCT 140 31 DISTRICT (D140)
Jefferson,D140,pierceb,12/30/2021 10:16:32.119504,0,1011,21111-31-PRECINCT 140 31 DISTRICT (D140)
Jefferson,D140,trumpd,12/30/2021 10:16:32.119504,460,1011,21111-31-PRECINCT 140 31 DISTRICT (D140)
Jefferson,D140,westk,12/30/2021 10:16:32.119504,2,1011,21111-31-PRECINCT 140 31 DISTRICT (D140)
Jefferson,D141,bidenj,12/30/2021 10:16:32.119504,330,717,21111-31-PRECINCT 141 31 DISTRICT (D141)
Jefferson,D141,jorgensenj,12/30/2021 10:16:32.119504,7,717,21111-31-PRECINCT 141 31 DISTRICT (D141)
Jefferson,D141,pierceb,12/30/2021 10:16:32.119504,2,717,21111-31-PRECINCT 141 31 DISTRICT (D141)
Jefferson,D141,trumpd,12/30/2021 10:16:32.119504,376,717,21111-31-PRECINCT 141 31 DISTRICT (D141)
Jefferson,D141,westk,12/30/2021 10:16:32.119504,2,717,21111-31-PRECINCT 141 31 DISTRICT (D141)
Jefferson,D142,bidenj,12/30/2021 10:16:32.119504,410,877,21111-31-PRECINCT 142 31 DISTRICT (D142)
Jefferson,D142,jorgensenj,12/30/2021 10:16:32.119504,10,877,21111-31-PRECINCT 142 31 DISTRICT (D142)
Jefferson,D142,pierceb,12/30/2021 10:16:32.119504,1,877,21111-31-PRECINCT 142 31 DISTRICT (D142)
Jefferson,D142,trumpd,12/30/2021 10:16:32.119504,453,877,21111-31-PRECINCT 142 31 DISTRICT (D142)
Jefferson,D142,westk,12/30/2021 10:16:32.119504,3,877,21111-31-PRECINCT 142 31 DISTRICT (D142)
Jefferson,D144,bidenj,12/30/2021 10:16:32.119504,249,443,21111-31-PRECINCT 144 31 DISTRICT (D144)
Jefferson,D144,jorgensenj,12/30/2021 10:16:32.119504,8,443,21111-31-PRECINCT 144 31 DISTRICT (D144)
Jefferson,D144,pierceb,12/30/2021 10:16:32.119504,2,443,21111-31-PRECINCT 144 31 DISTRICT (D144)
Jefferson,D144,trumpd,12/30/2021 10:16:32.119504,179,443,21111-31-PRECINCT 144 31 DISTRICT (D144)
Jefferson,D144,westk,12/30/2021 10:16:32.119504,5,443,21111-31-PRECINCT 144 31 DISTRICT (D144)
Jefferson,D145,bidenj,12/30/2021 10:16:32.119504,193,358,21111-31-PRECINCT 145 31 DISTRICT (D145)
Jefferson,D145,jorgensenj,12/30/2021 10:16:32.119504,3,358,21111-31-PRECINCT 145 31 DISTRICT (D145)
Jefferson,D145,pierceb,12/30/2021 10:16:32.119504,0,358,21111-31-PRECINCT 145 31 DISTRICT (D145)
Jefferson,D145,trumpd,12/30/2021 10:16:32.119504,161,358,21111-31-PRECINCT 145 31 DISTRICT (D145)
Jefferson,D145,westk,12/30/2021 10:16:32.119504,1,358,21111-31-PRECINCT 145 31 DISTRICT (D145)
Jefferson,E139,bidenj,12/30/2021 10:16:32.119504,472,661,21111-32-PRECINCT 139 32 DISTRICT (E139)
Jefferson,E139,jorgensenj,12/30/2021 10:16:32.119504,14,661,21111-32-PRECINCT 139 32 DISTRICT (E139)
Jefferson,E139,pierceb,12/30/2021 10:16:32.119504,2,661,21111-32-PRECINCT 139 32 DISTRICT (E139)
Jefferson,E139,trumpd,12/30/2021 10:16:32.119504,171,661,21111-32-PRECINCT 139 32 DISTRICT (E139)
Jefferson,E139,westk,12/30/2021 10:16:32.119504,2,661,21111-32-PRECINCT 139 32 DISTRICT (E139)
Jefferson,E141,bidenj,12/30/2021 10:16:32.119504,193,363,21111-32-PRECINCT 141 32 DISTRICT (E141)
Jefferson,E141,jorgensenj,12/30/2021 10:16:32.119504,14,363,21111-32-PRECINCT 141 32 DISTRICT (E141)
Jefferson,E141,pierceb,12/30/2021 10:16:32.119504,0,363,21111-32-PRECINCT 141 32 DISTRICT (E141)
Jefferson,E141,trumpd,12/30/2021 10:16:32.119504,156,363,21111-32-PRECINCT 141 32 DISTRICT (E141)
Jefferson,E141,westk,12/30/2021 10:16:32.119504,0,363,21111-32-PRECINCT 141 32 DISTRICT (E141)
Jefferson,E142,bidenj,12/30/2021 10:16:32.119504,429,692,21111-32-PRECINCT 142 32 DISTRICT (E142)
Jefferson,E142,jorgensenj,12/30/2021 10:16:32.119504,10,692,21111-32-PRECINCT 142 32 DISTRICT (E142)
Jefferson,E142,pierceb,12/30/2021 10:16:32.119504,0,692,21111-32-PRECINCT 142 32 DISTRICT (E142)
Jefferson,E142,trumpd,12/30/2021 10:16:32.119504,250,692,21111-32-PRECINCT 142 32 DISTRICT (E142)
Jefferson,E142,westk,12/30/2021 10:16:32.119504,3,692,21111-32-PRECINCT 142 32 DISTRICT (E142)
Jefferson,E143,bidenj,12/30/2021 10:16:32.119504,377,566,21111-32-PRECINCT 143 32 DISTRICT (E143)
Jefferson,E143,jorgensenj,12/30/2021 10:16:32.119504,8,566,21111-32-PRECINCT 143 32 DISTRICT (E143)
Jefferson,E143,pierceb,12/30/2021 10:16:32.119504,0,566,21111-32-PRECINCT 143 32 DISTRICT (E143)
Jefferson,E143,trumpd,12/30/2021 10:16:32.119504,176,566,21111-32-PRECINCT 143 32 DISTRICT (E143)
Jefferson,E143,westk,12/30/2021 10:16:32.119504,5,566,21111-32-PRECINCT 143 32 DISTRICT (E143)
Jefferson,E144,bidenj,12/30/2021 10:16:32.119504,519,853,21111-32-PRECINCT 144 32 DISTRICT (E144)
Jefferson,E144,jorgensenj,12/30/2021 10:16:32.119504,17,853,21111-32-PRECINCT 144 32 DISTRICT (E144)
Jefferson,E144,pierceb,12/30/2021 10:16:32.119504,1,853,21111-32-PRECINCT 144 32 DISTRICT (E144)
Jefferson,E144,trumpd,12/30/2021 10:16:32.119504,314,853,21111-32-PRECINCT 144 32 DISTRICT (E144)
Jefferson,E144,westk,12/30/2021 10:16:32.119504,2,853,21111-32-PRECINCT 144 32 DISTRICT (E144)
Jefferson,E145,bidenj,12/30/2021 10:16:32.119504,470,829,21111-32-PRECINCT 145 32 DISTRICT (E145)
Jefferson,E145,jorgensenj,12/30/2021 10:16:32.119504,15,829,21111-32-PRECINCT 145 32 DISTRICT (E145)
Jefferson,E145,pierceb,12/30/2021 10:16:32.119504,2,829,21111-32-PRECINCT 145 32 DISTRICT (E145)
Jefferson,E145,trumpd,12/30/2021 10:16:32.119504,338,829,21111-32-PRECINCT 145 32 DISTRICT (E145)
Jefferson,E145,westk,12/30/2021 10:16:32.119504,4,829,21111-32-PRECINCT 145 32 DISTRICT (E145)
Jefferson,E148,bidenj,12/30/2021 10:16:32.119504,555,1024,21111-32-PRECINCT 148 32 DISTRICT (E148)
Jefferson,E148,jorgensenj,12/30/2021 10:16:32.119504,14,1024,21111-32-PRECINCT 148 32 DISTRICT (E148)
Jefferson,E148,pierceb,12/30/2021 10:16:32.119504,0,1024,21111-32-PRECINCT 148 32 DISTRICT (E148)
Jefferson,E148,trumpd,12/30/2021 10:16:32.119504,454,1024,21111-32-PRECINCT 148 32 DISTRICT (E148)
Jefferson,E148,westk,12/30/2021 10:16:32.119504,1,1024,21111-32-PRECINCT 148 32 DISTRICT (E148)
Jefferson,E152,bidenj,12/30/2021 10:16:32.119504,509,1017,21111-32-PRECINCT 152 32 DISTRICT (E152)
Jefferson,E152,jorgensenj,12/30/2021 10:16:32.119504,10,1017,21111-32-PRECINCT 152 32 DISTRICT (E152)
Jefferson,E152,pierceb,12/30/2021 10:16:32.119504,2,1017,21111-32-PRECINCT 152 32 DISTRICT (E152)
Jefferson,E152,trumpd,12/30/2021 10:16:32.119504,494,1017,21111-32-PRECINCT 152 32 DISTRICT (E152)
Jefferson,E152,westk,12/30/2021 10:16:32.119504,2,1017,21111-32-PRECINCT 152 32 DISTRICT (E152)
Jefferson,E154,bidenj,12/30/2021 10:16:32.119504,399,732,21111-32-PRECINCT 154 32 DISTRICT (E154)
Jefferson,E154,jorgensenj,12/30/2021 10:16:32.119504,3,732,21111-32-PRECINCT 154 32 DISTRICT (E154)
Jefferson,E154,pierceb,12/30/2021 10:16:32.119504,4,732,21111-32-PRECINCT 154 32 DISTRICT (E154)
Jefferson,E154,trumpd,12/30/2021 10:16:32.119504,325,732,21111-32-PRECINCT 154 32 DISTRICT (E154)
Jefferson,E154,westk,12/30/2021 10:16:32.119504,1,732,21111-32-PRECINCT 154 32 DISTRICT (E154)
Jefferson,E155,bidenj,12/30/2021 10:16:32.119504,518,850,21111-32-PRECINCT 155 32 DISTRICT (E155)
Jefferson,E155,jorgensenj,12/30/2021 10:16:32.119504,10,850,21111-32-PRECINCT 155 32 DISTRICT (E155)
Jefferson,E155,pierceb,12/30/2021 10:16:32.119504,1,850,21111-32-PRECINCT 155 32 DISTRICT (E155)
Jefferson,E155,trumpd,12/30/2021 10:16:32.119504,319,850,21111-32-PRECINCT 155 32 DISTRICT (E155)
Jefferson,E155,westk,12/30/2021 10:16:32.119504,2,850,21111-32-PRECINCT 155 32 DISTRICT (E155)
Jefferson,E157,bidenj,12/30/2021 10:16:32.119504,119,245,21111-32-PRECINCT 157 32 DISTRICT (E157)
Jefferson,E157,jorgensenj,12/30/2021 10:16:32.119504,4,245,21111-32-PRECINCT 157 32 DISTRICT (E157)
Jefferson,E157,pierceb,12/30/2021 10:16:32.119504,1,245,21111-32-PRECINCT 157 32 DISTRICT (E157)
Jefferson,E157,trumpd,12/30/2021 10:16:32.119504,121,245,21111-32-PRECINCT 157 32 DISTRICT (E157)
Jefferson,E157,westk,12/30/2021 10:16:32.119504,0,245,21111-32-PRECINCT 157 32 DISTRICT (E157)
Jefferson,E158,bidenj,12/30/2021 10:16:32.119504,294,516,21111-32-PRECINCT 158 32 DISTRICT (E158)
Jefferson,E158,jorgensenj,12/30/2021 10:16:32.119504,8,516,21111-32-PRECINCT 158 32 DISTRICT (E158)
Jefferson,E158,pierceb,12/30/2021 10:16:32.119504,2,516,21111-32-PRECINCT 158 32 DISTRICT (E158)
Jefferson,E158,trumpd,12/30/2021 10:16:32.119504,212,516,21111-32-PRECINCT 158 32 DISTRICT (E158)
Jefferson,E158,westk,12/30/2021 10:16:32.119504,0,516,21111-32-PRECINCT 158 32 DISTRICT (E158)
Jefferson,E159,bidenj,12/30/2021 10:16:32.119504,240,448,21111-32-PRECINCT 159 32 DISTRICT (E159)
Jefferson,E159,jorgensenj,12/30/2021 10:16:32.119504,4,448,21111-32-PRECINCT 159 32 DISTRICT (E159)
Jefferson,E159,pierceb,12/30/2021 10:16:32.119504,3,448,21111-32-PRECINCT 159 32 DISTRICT (E159)
Jefferson,E159,trumpd,12/30/2021 10:16:32.119504,201,448,21111-32-PRECINCT 159 32 DISTRICT (E159)
Jefferson,E159,westk,12/30/2021 10:16:32.119504,0,448,21111-32-PRECINCT 159 32 DISTRICT (E159)
Jefferson,E160,bidenj,12/30/2021 10:16:32.119504,341,720,21111-32-PRECINCT 160 32 DISTRICT (E160)
Jefferson,E160,jorgensenj,12/30/2021 10:16:32.119504,6,720,21111-32-PRECINCT 160 32 DISTRICT (E160)
Jefferson,E160,pierceb,12/30/2021 10:16:32.119504,2,720,21111-32-PRECINCT 160 32 DISTRICT (E160)
Jefferson,E160,trumpd,12/30/2021 10:16:32.119504,371,720,21111-32-PRECINCT 160 32 DISTRICT (E160)
Jefferson,E160,westk,12/30/2021 10:16:32.119504,0,720,21111-32-PRECINCT 160 32 DISTRICT (E160)
Jefferson,E161,bidenj,12/30/2021 10:16:32.119504,161,426,21111-32-PRECINCT 161 32 DISTRICT (E161)
Jefferson,E161,jorgensenj,12/30/2021 10:16:32.119504,3,426,21111-32-PRECINCT 161 32 DISTRICT (E161)
Jefferson,E161,pierceb,12/30/2021 10:16:32.119504,1,426,21111-32-PRECINCT 161 32 DISTRICT (E161)
Jefferson,E161,trumpd,12/30/2021 10:16:32.119504,260,426,21111-32-PRECINCT 161 32 DISTRICT (E161)
Jefferson,E161,westk,12/30/2021 10:16:32.119504,1,426,21111-32-PRECINCT 161 32 DISTRICT (E161)
Jefferson,E162,bidenj,12/30/2021 10:16:32.119504,216,303,21111-32-PRECINCT 162 32 DISTRICT (E162)
Jefferson,E162,jorgensenj,12/30/2021 10:16:32.119504,4,303,21111-32-PRECINCT 162 32 DISTRICT (E162)
Jefferson,E162,pierceb,12/30/2021 10:16:32.119504,1,303,21111-32-PRECINCT 162 32 DISTRICT (E162)
Jefferson,E162,trumpd,12/30/2021 10:16:32.119504,82,303,21111-32-PRECINCT 162 32 DISTRICT (E162)
Jefferson,E162,westk,12/30/2021 10:16:32.119504,0,303,21111-32-PRECINCT 162 32 DISTRICT (E162)
Jefferson,E163,bidenj,12/30/2021 10:16:32.119504,378,961,21111-32-PRECINCT 163 32 DISTRICT (E163)
Jefferson,E163,jorgensenj,12/30/2021 10:16:32.119504,6,961,21111-32-PRECINCT 163 32 DISTRICT (E163)
Jefferson,E163,pierceb,12/30/2021 10:16:32.119504,0,961,21111-32-PRECINCT 163 32 DISTRICT (E163)
Jefferson,E163,trumpd,12/30/2021 10:16:32.119504,576,961,21111-32-PRECINCT 163 32 DISTRICT (E163)
Jefferson,E163,westk,12/30/2021 10:16:32.119504,1,961,21111-32-PRECINCT 163 32 DISTRICT (E163)
Jefferson,E164,bidenj,12/30/2021 10:16:32.119504,395,893,21111-32-PRECINCT 164 32 DISTRICT (E164)
Jefferson,E164,jorgensenj,12/30/2021 10:16:32.119504,12,893,21111-32-PRECINCT 164 32 DISTRICT (E164)
Jefferson,E164,pierceb,12/30/2021 10:16:32.119504,1,893,21111-32-PRECINCT 164 32 DISTRICT (E164)
Jefferson,E164,trumpd,12/30/2021 10:16:32.119504,481,893,21111-32-PRECINCT 164 32 DISTRICT (E164)
Jefferson,E164,westk,12/30/2021 10:16:32.119504,4,893,21111-32-PRECINCT 164 32 DISTRICT (E164)
Jefferson,E165,bidenj,12/30/2021 10:16:32.119504,556,948,21111-32-PRECINCT 165 32 DISTRICT (E165)
Jefferson,E165,jorgensenj,12/30/2021 10:16:32.119504,6,948,21111-32-PRECINCT 165 32 DISTRICT (E165)
Jefferson,E165,pierceb,12/30/2021 10:16:32.119504,0,948,21111-32-PRECINCT 165 32 DISTRICT (E165)
Jefferson,E165,trumpd,12/30/2021 10:16:32.119504,382,948,21111-32-PRECINCT 165 32 DISTRICT (E165)
Jefferson,E165,westk,12/30/2021 10:16:32.119504,4,948,21111-32-PRECINCT 165 32 DISTRICT (E165)
Jefferson,E166,bidenj,12/30/2021 10:16:32.119504,262,528,21111-32-PRECINCT 166 32 DISTRICT (E166)
Jefferson,E166,jorgensenj,12/30/2021 10:16:32.119504,12,528,21111-32-PRECINCT 166 32 DISTRICT (E166)
Jefferson,E166,pierceb,12/30/2021 10:16:32.119504,1,528,21111-32-PRECINCT 166 32 DISTRICT (E166)
Jefferson,E166,trumpd,12/30/2021 10:16:32.119504,250,528,21111-32-PRECINCT 166 32 DISTRICT (E166)
Jefferson,E166,westk,12/30/2021 10:16:32.119504,3,528,21111-32-PRECINCT 166 32 DISTRICT (E166)
Jefferson,E167,bidenj,12/30/2021 10:16:32.119504,613,911,21111-32-PRECINCT 167 32 DISTRICT (E167)
Jefferson,E167,jorgensenj,12/30/2021 10:16:32.119504,9,911,21111-32-PRECINCT 167 32 DISTRICT (E167)
Jefferson,E167,pierceb,12/30/2021 10:16:32.119504,3,911,21111-32-PRECINCT 167 32 DISTRICT (E167)
Jefferson,E167,trumpd,12/30/2021 10:16:32.119504,282,911,21111-32-PRECINCT 167 32 DISTRICT (E167)
Jefferson,E167,westk,12/30/2021 10:16:32.119504,4,911,21111-32-PRECINCT 167 32 DISTRICT (E167)
Jefferson,E168,bidenj,12/30/2021 10:16:32.119504,185,427,21111-32-PRECINCT 168 32 DISTRICT (E168)
Jefferson,E168,jorgensenj,12/30/2021 10:16:32.119504,4,427,21111-32-PRECINCT 168 32 DISTRICT (E168)
Jefferson,E168,pierceb,12/30/2021 10:16:32.119504,0,427,21111-32-PRECINCT 168 32 DISTRICT (E168)
Jefferson,E168,trumpd,12/30/2021 10:16:32.119504,236,427,21111-32-PRECINCT 168 32 DISTRICT (E168)
Jefferson,E168,westk,12/30/2021 10:16:32.119504,2,427,21111-32-PRECINCT 168 32 DISTRICT (E168)
Jefferson,E169,bidenj,12/30/2021 10:16:32.119504,558,1167,21111-32-PRECINCT 169 32 DISTRICT (E169)
Jefferson,E169,jorgensenj,12/30/2021 10:16:32.119504,12,1167,21111-32-PRECINCT 169 32 DISTRICT (E169)
Jefferson,E169,pierceb,12/30/2021 10:16:32.119504,1,1167,21111-32-PRECINCT 169 32 DISTRICT (E169)
Jefferson,E169,trumpd,12/30/2021 10:16:32.119504,595,1167,21111-32-PRECINCT 169 32 DISTRICT (E169)
Jefferson,E169,westk,12/30/2021 10:16:32.119504,1,1167,21111-32-PRECINCT 169 32 DISTRICT (E169)
Jefferson,E171,bidenj,12/30/2021 10:16:32.119504,335,566,21111-32-PRECINCT 171 32 DISTRICT (E171)
Jefferson,E171,jorgensenj,12/30/2021 10:16:32.119504,8,566,21111-32-PRECINCT 171 32 DISTRICT (E171)
Jefferson,E171,pierceb,12/30/2021 10:16:32.119504,3,566,21111-32-PRECINCT 171 32 DISTRICT (E171)
Jefferson,E171,trumpd,12/30/2021 10:16:32.119504,220,566,21111-32-PRECINCT 171 32 DISTRICT (E171)
Jefferson,E171,westk,12/30/2021 10:16:32.119504,0,566,21111-32-PRECINCT 171 32 DISTRICT (E171)
Jefferson,E173,bidenj,12/30/2021 10:16:32.119504,347,509,21111-32-PRECINCT 173 32 DISTRICT (E173)
Jefferson,E173,jorgensenj,12/30/2021 10:16:32.119504,9,509,21111-32-PRECINCT 173 32 DISTRICT (E173)
Jefferson,E173,pierceb,12/30/2021 10:16:32.119504,6,509,21111-32-PRECINCT 173 32 DISTRICT (E173)
Jefferson,E173,trumpd,12/30/2021 10:16:32.119504,142,509,21111-32-PRECINCT 173 32 DISTRICT (E173)
Jefferson,E173,westk,12/30/2021 10:16:32.119504,5,509,21111-32-PRECINCT 173 32 DISTRICT (E173)
Jefferson,E175,bidenj,12/30/2021 10:16:32.119504,322,502,21111-32-PRECINCT 175 32 DISTRICT (E175)
Jefferson,E175,jorgensenj,12/30/2021 10:16:32.119504,4,502,21111-32-PRECINCT 175 32 DISTRICT (E175)
Jefferson,E175,pierceb,12/30/2021 10:16:32.119504,0,502,21111-32-PRECINCT 175 32 DISTRICT (E175)
Jefferson,E175,trumpd,12/30/2021 10:16:32.119504,174,502,21111-32-PRECINCT 175 32 DISTRICT (E175)
Jefferson,E175,westk,12/30/2021 10:16:32.119504,2,502,21111-32-PRECINCT 175 32 DISTRICT (E175)
Jefferson,E176,bidenj,12/30/2021 10:16:32.119504,227,370,21111-32-PRECINCT 176 32 DISTRICT (E176)
Jefferson,E176,jorgensenj,12/30/2021 10:16:32.119504,6,370,21111-32-PRECINCT 176 32 DISTRICT (E176)
Jefferson,E176,pierceb,12/30/2021 10:16:32.119504,0,370,21111-32-PRECINCT 176 32 DISTRICT (E176)
Jefferson,E176,trumpd,12/30/2021 10:16:32.119504,137,370,21111-32-PRECINCT 176 32 DISTRICT (E176)
Jefferson,E176,westk,12/30/2021 10:16:32.119504,0,370,21111-32-PRECINCT 176 32 DISTRICT (E176)
Jefferson,E177,bidenj,12/30/2021 10:16:32.119504,147,331,21111-32-PRECINCT 177 32 DISTRICT (E177)
Jefferson,E177,jorgensenj,12/30/2021 10:16:32.119504,2,331,21111-32-PRECINCT 177 32 DISTRICT (E177)
Jefferson,E177,pierceb,12/30/2021 10:16:32.119504,3,331,21111-32-PRECINCT 177 32 DISTRICT (E177)
Jefferson,E177,trumpd,12/30/2021 10:16:32.119504,179,331,21111-32-PRECINCT 177 32 DISTRICT (E177)
Jefferson,E177,westk,12/30/2021 10:16:32.119504,0,331,21111-32-PRECINCT 177 32 DISTRICT (E177)
Jefferson,E178,bidenj,12/30/2021 10:16:32.119504,353,742,21111-32-PRECINCT 178 32 DISTRICT (E178)
Jefferson,E178,jorgensenj,12/30/2021 10:16:32.119504,9,742,21111-32-PRECINCT 178 32 DISTRICT (E178)
Jefferson,E178,pierceb,12/30/2021 10:16:32.119504,1,742,21111-32-PRECINCT 178 32 DISTRICT (E178)
Jefferson,E178,trumpd,12/30/2021 10:16:32.119504,372,742,21111-32-PRECINCT 178 32 DISTRICT (E178)
Jefferson,E178,westk,12/30/2021 10:16:32.119504,7,742,21111-32-PRECINCT 178 32 DISTRICT (E178)
Jefferson,E179,bidenj,12/30/2021 10:16:32.119504,363,734,21111-32-PRECINCT 179 32 DISTRICT (E179)
Jefferson,E179,jorgensenj,12/30/2021 10:16:32.119504,8,734,21111-32-PRECINCT 179 32 DISTRICT (E179)
Jefferson,E179,pierceb,12/30/2021 10:16:32.119504,3,734,21111-32-PRECINCT 179 32 DISTRICT (E179)
Jefferson,E179,trumpd,12/30/2021 10:16:32.119504,360,734,21111-32-PRECINCT 179 32 DISTRICT (E179)
Jefferson,E179,westk,12/30/2021 10:16:32.119504,0,734,21111-32-PRECINCT 179 32 DISTRICT (E179)
Jefferson,E180,bidenj,12/30/2021 10:16:32.119504,396,670,21111-32-PRECINCT 180 32 DISTRICT (E180)
Jefferson,E180,jorgensenj,12/30/2021 10:16:32.119504,14,670,21111-32-PRECINCT 180 32 DISTRICT (E180)
Jefferson,E180,pierceb,12/30/2021 10:16:32.119504,0,670,21111-32-PRECINCT 180 32 DISTRICT (E180)
Jefferson,E180,trumpd,12/30/2021 10:16:32.119504,259,670,21111-32-PRECINCT 180 32 DISTRICT (E180)
Jefferson,E180,westk,12/30/2021 10:16:32.119504,1,670,21111-32-PRECINCT 180 32 DISTRICT (E180)
Jefferson,E181,bidenj,12/30/2021 10:16:32.119504,514,903,21111-32-PRECINCT 181 32 DISTRICT (E181)
Jefferson,E181,jorgensenj,12/30/2021 10:16:32.119504,10,903,21111-32-PRECINCT 181 32 DISTRICT (E181)
Jefferson,E181,pierceb,12/30/2021 10:16:32.119504,2,903,21111-32-PRECINCT 181 32 DISTRICT (E181)
Jefferson,E181,trumpd,12/30/2021 10:16:32.119504,376,903,21111-32-PRECINCT 181 32 DISTRICT (E181)
Jefferson,E181,westk,12/30/2021 10:16:32.119504,1,903,21111-32-PRECINCT 181 32 DISTRICT (E181)
Jefferson,E182,bidenj,12/30/2021 10:16:32.119504,889,1721,21111-32-PRECINCT 182 32 DISTRICT (E182)
Jefferson,E182,jorgensenj,12/30/2021 10:16:32.119504,12,1721,21111-32-PRECINCT 182 32 DISTRICT (E182)
Jefferson,E182,pierceb,12/30/2021 10:16:32.119504,4,1721,21111-32-PRECINCT 182 32 DISTRICT (E182)
Jefferson,E182,trumpd,12/30/2021 10:16:32.119504,807,1721,21111-32-PRECINCT 182 32 DISTRICT (E182)
Jefferson,E182,westk,12/30/2021 10:16:32.119504,9,1721,21111-32-PRECINCT 182 32 DISTRICT (E182)
Jefferson,E183,bidenj,12/30/2021 10:16:32.119504,374,655,21111-32-PRECINCT 183 32 DISTRICT (E183)
Jefferson,E183,jorgensenj,12/30/2021 10:16:32.119504,8,655,21111-32-PRECINCT 183 32 DISTRICT (E183)
Jefferson,E183,pierceb,12/30/2021 10:16:32.119504,0,655,21111-32-PRECINCT 183 32 DISTRICT (E183)
Jefferson,E183,trumpd,12/30/2021 10:16:32.119504,272,655,21111-32-PRECINCT 183 32 DISTRICT (E183)
Jefferson,E183,westk,12/30/2021 10:16:32.119504,1,655,21111-32-PRECINCT 183 32 DISTRICT (E183)
Jefferson,E184,bidenj,12/30/2021 10:16:32.119504,341,640,21111-32-PRECINCT 184 32 DISTRICT (E184)
Jefferson,E184,jorgensenj,12/30/2021 10:16:32.119504,9,640,21111-32-PRECINCT 184 32 DISTRICT (E184)
Jefferson,E184,pierceb,12/30/2021 10:16:32.119504,2,640,21111-32-PRECINCT 184 32 DISTRICT (E184)
Jefferson,E184,trumpd,12/30/2021 10:16:32.119504,288,640,21111-32-PRECINCT 184 32 DISTRICT (E184)
Jefferson,E184,westk,12/30/2021 10:16:32.119504,0,640,21111-32-PRECINCT 184 32 DISTRICT (E184)
Jefferson,E185,bidenj,12/30/2021 10:16:32.119504,202,295,21111-32-PRECINCT 185 32 DISTRICT (E185)
Jefferson,E185,jorgensenj,12/30/2021 10:16:32.119504,5,295,21111-32-PRECINCT 185 32 DISTRICT (E185)
Jefferson,E185,pierceb,12/30/2021 10:16:32.119504,2,295,21111-32-PRECINCT 185 32 DISTRICT (E185)
Jefferson,E185,trumpd,12/30/2021 10:16:32.119504,84,295,21111-32-PRECINCT 185 32 DISTRICT (E185)
Jefferson,E185,westk,12/30/2021 10:16:32.119504,2,295,21111-32-PRECINCT 185 32 DISTRICT (E185)
Jefferson,F106,bidenj,12/30/2021 10:16:32.119504,516,968,21111-33-PRECINCT 106 33 DISTRICT (F106)
Jefferson,F106,jorgensenj,12/30/2021 10:16:32.119504,13,968,21111-33-PRECINCT 106 33 DISTRICT (F106)
Jefferson,F106,pierceb,12/30/2021 10:16:32.119504,2,968,21111-33-PRECINCT 106 33 DISTRICT (F106)
Jefferson,F106,trumpd,12/30/2021 10:16:32.119504,433,968,21111-33-PRECINCT 106 33 DISTRICT (F106)
Jefferson,F106,westk,12/30/2021 10:16:32.119504,4,968,21111-33-PRECINCT 106 33 DISTRICT (F106)
Jefferson,F145,bidenj,12/30/2021 10:16:32.119504,592,1170,21111-33-PRECINCT 145 33 DISTRICT (F145)
Jefferson,F145,jorgensenj,12/30/2021 10:16:32.119504,17,1170,21111-33-PRECINCT 145 33 DISTRICT (F145)
Jefferson,F145,pierceb,12/30/2021 10:16:32.119504,1,1170,21111-33-PRECINCT 145 33 DISTRICT (F145)
Jefferson,F145,trumpd,12/30/2021 10:16:32.119504,559,1170,21111-33-PRECINCT 145 33 DISTRICT (F145)
Jefferson,F145,westk,12/30/2021 10:16:32.119504,1,1170,21111-33-PRECINCT 145 33 DISTRICT (F145)
Jefferson,F151,bidenj,12/30/2021 10:16:32.119504,597,1206,21111-33-PRECINCT 151 33 DISTRICT (F151)
Jefferson,F151,jorgensenj,12/30/2021 10:16:32.119504,12,1206,21111-33-PRECINCT 151 33 DISTRICT (F151)
Jefferson,F151,pierceb,12/30/2021 10:16:32.119504,2,1206,21111-33-PRECINCT 151 33 DISTRICT (F151)
Jefferson,F151,trumpd,12/30/2021 10:16:32.119504,590,1206,21111-33-PRECINCT 151 33 DISTRICT (F151)
Jefferson,F151,westk,12/30/2021 10:16:32.119504,5,1206,21111-33-PRECINCT 151 33 DISTRICT (F151)
Jefferson,F152,bidenj,12/30/2021 10:16:32.119504,527,1141,21111-33-PRECINCT 152 33 DISTRICT (F152)
Jefferson,F152,jorgensenj,12/30/2021 10:16:32.119504,15,1141,21111-33-PRECINCT 152 33 DISTRICT (F152)
Jefferson,F152,pierceb,12/30/2021 10:16:32.119504,0,1141,21111-33-PRECINCT 152 33 DISTRICT (F152)
Jefferson,F152,trumpd,12/30/2021 10:16:32.119504,599,1141,21111-33-PRECINCT 152 33 DISTRICT (F152)
Jefferson,F152,westk,12/30/2021 10:16:32.119504,0,1141,21111-33-PRECINCT 152 33 DISTRICT (F152)
Jefferson,F153,bidenj,12/30/2021 10:16:32.119504,428,881,21111-33-PRECINCT 153 33 DISTRICT (F153)
Jefferson,F153,jorgensenj,12/30/2021 10:16:32.119504,15,881,21111-33-PRECINCT 153 33 DISTRICT (F153)
Jefferson,F153,pierceb,12/30/2021 10:16:32.119504,3,881,21111-33-PRECINCT 153 33 DISTRICT (F153)
Jefferson,F153,trumpd,12/30/2021 10:16:32.119504,434,881,21111-33-PRECINCT 153 33 DISTRICT (F153)
Jefferson,F153,westk,12/30/2021 10:16:32.119504,1,881,21111-33-PRECINCT 153 33 DISTRICT (F153)
Jefferson,F154,bidenj,12/30/2021 10:16:32.119504,394,846,21111-33-PRECINCT 154 33 DISTRICT (F154)
Jefferson,F154,jorgensenj,12/30/2021 10:16:32.119504,9,846,21111-33-PRECINCT 154 33 DISTRICT (F154)
Jefferson,F154,pierceb,12/30/2021 10:16:32.119504,1,846,21111-33-PRECINCT 154 33 DISTRICT (F154)
Jefferson,F154,trumpd,12/30/2021 10:16:32.119504,439,846,21111-33-PRECINCT 154 33 DISTRICT (F154)
Jefferson,F154,westk,12/30/2021 10:16:32.119504,3,846,21111-33-PRECINCT 154 33 DISTRICT (F154)
Jefferson,F155,bidenj,12/30/2021 10:16:32.119504,213,452,21111-33-PRECINCT 155 33 DISTRICT (F155)
Jefferson,F155,jorgensenj,12/30/2021 10:16:32.119504,5,452,21111-33-PRECINCT 155 33 DISTRICT (F155)
Jefferson,F155,pierceb,12/30/2021 10:16:32.119504,0,452,21111-33-PRECINCT 155 33 DISTRICT (F155)
Jefferson,F155,trumpd,12/30/2021 10:16:32.119504,231,452,21111-33-PRECINCT 155 33 DISTRICT (F155)
Jefferson,F155,westk,12/30/2021 10:16:32.119504,3,452,21111-33-PRECINCT 155 33 DISTRICT (F155)
Jefferson,F156,bidenj,12/30/2021 10:16:32.119504,489,961,21111-33-PRECINCT 156 33 DISTRICT (F156)
Jefferson,F156,jorgensenj,12/30/2021 10:16:32.119504,16,961,21111-33-PRECINCT 156 33 DISTRICT (F156)
Jefferson,F156,pierceb,12/30/2021 10:16:32.119504,0,961,21111-33-PRECINCT 156 33 DISTRICT (F156)
Jefferson,F156,trumpd,12/30/2021 10:16:32.119504,453,961,21111-33-PRECINCT 156 33 DISTRICT (F156)
Jefferson,F156,westk,12/30/2021 10:16:32.119504,3,961,21111-33-PRECINCT 156 33 DISTRICT (F156)
Jefferson,F158,bidenj,12/30/2021 10:16:32.119504,136,311,21111-33-PRECINCT 158 33 DISTRICT (F158)
Jefferson,F158,jorgensenj,12/30/2021 10:16:32.119504,5,311,21111-33-PRECINCT 158 33 DISTRICT (F158)
Jefferson,F158,pierceb,12/30/2021 10:16:32.119504,0,311,21111-33-PRECINCT 158 33 DISTRICT (F158)
Jefferson,F158,trumpd,12/30/2021 10:16:32.119504,169,311,21111-33-PRECINCT 158 33 DISTRICT (F158)
Jefferson,F158,westk,12/30/2021 10:16:32.119504,1,311,21111-33-PRECINCT 158 33 DISTRICT (F158)
Jefferson,F161,bidenj,12/30/2021 10:16:32.119504,286,655,21111-33-PRECINCT 161 33 DISTRICT (F161)
Jefferson,F161,jorgensenj,12/30/2021 10:16:32.119504,8,655,21111-33-PRECINCT 161 33 DISTRICT (F161)
Jefferson,F161,pierceb,12/30/2021 10:16:32.119504,0,655,21111-33-PRECINCT 161 33 DISTRICT (F161)
Jefferson,F161,trumpd,12/30/2021 10:16:32.119504,360,655,21111-33-PRECINCT 161 33 DISTRICT (F161)
Jefferson,F161,westk,12/30/2021 10:16:32.119504,1,655,21111-33-PRECINCT 161 33 DISTRICT (F161)
Jefferson,F163,bidenj,12/30/2021 10:16:32.119504,330,711,21111-33-PRECINCT 163 33 DISTRICT (F163)
Jefferson,F163,jorgensenj,12/30/2021 10:16:32.119504,3,711,21111-33-PRECINCT 163 33 DISTRICT (F163)
Jefferson,F163,pierceb,12/30/2021 10:16:32.119504,2,711,21111-33-PRECINCT 163 33 DISTRICT (F163)
Jefferson,F163,trumpd,12/30/2021 10:16:32.119504,376,711,21111-33-PRECINCT 163 33 DISTRICT (F163)
Jefferson,F163,westk,12/30/2021 10:16:32.119504,0,711,21111-33-PRECINCT 163 33 DISTRICT (F163)
Jefferson,F164,bidenj,12/30/2021 10:16:32.119504,326,822,21111-33-PRECINCT 164 33 DISTRICT (F164)
Jefferson,F164,jorgensenj,12/30/2021 10:16:32.119504,8,822,21111-33-PRECINCT 164 33 DISTRICT (F164)
Jefferson,F164,pierceb,12/30/2021 10:16:32.119504,2,822,21111-33-PRECINCT 164 33 DISTRICT (F164)
Jefferson,F164,trumpd,12/30/2021 10:16:32.119504,485,822,21111-33-PRECINCT 164 33 DISTRICT (F164)
Jefferson,F164,westk,12/30/2021 10:16:32.119504,1,822,21111-33-PRECINCT 164 33 DISTRICT (F164)
Jefferson,F166,bidenj,12/30/2021 10:16:32.119504,324,798,21111-33-PRECINCT 166 33 DISTRICT (F166)
Jefferson,F166,jorgensenj,12/30/2021 10:16:32.119504,11,798,21111-33-PRECINCT 166 33 DISTRICT (F166)
Jefferson,F166,pierceb,12/30/2021 10:16:32.119504,2,798,21111-33-PRECINCT 166 33 DISTRICT (F166)
Jefferson,F166,trumpd,12/30/2021 10:16:32.119504,460,798,21111-33-PRECINCT 166 33 DISTRICT (F166)
Jefferson,F166,westk,12/30/2021 10:16:32.119504,1,798,21111-33-PRECINCT 166 33 DISTRICT (F166)
Jefferson,F167,bidenj,12/30/2021 10:16:32.119504,402,674,21111-33-PRECINCT 167 33 DISTRICT (F167)
Jefferson,F167,jorgensenj,12/30/2021 10:16:32.119504,10,674,21111-33-PRECINCT 167 33 DISTRICT (F167)
Jefferson,F167,pierceb,12/30/2021 10:16:32.119504,1,674,21111-33-PRECINCT 167 33 DISTRICT (F167)
Jefferson,F167,trumpd,12/30/2021 10:16:32.119504,257,674,21111-33-PRECINCT 167 33 DISTRICT (F167)
Jefferson,F167,westk,12/30/2021 10:16:32.119504,4,674,21111-33-PRECINCT 167 33 DISTRICT (F167)
Jefferson,F169,bidenj,12/30/2021 10:16:32.119504,235,398,21111-33-PRECINCT 169 33 DISTRICT (F169)
Jefferson,F169,jorgensenj,12/30/2021 10:16:32.119504,0,398,21111-33-PRECINCT 169 33 DISTRICT (F169)
Jefferson,F169,pierceb,12/30/2021 10:16:32.119504,0,398,21111-33-PRECINCT 169 33 DISTRICT (F169)
Jefferson,F169,trumpd,12/30/2021 10:16:32.119504,163,398,21111-33-PRECINCT 169 33 DISTRICT (F169)
Jefferson,F169,westk,12/30/2021 10:16:32.119504,0,398,21111-33-PRECINCT 169 33 DISTRICT (F169)
Jefferson,F170,bidenj,12/30/2021 10:16:32.119504,287,459,21111-33-PRECINCT 170 33 DISTRICT (F170)
Jefferson,F170,jorgensenj,12/30/2021 10:16:32.119504,5,459,21111-33-PRECINCT 170 33 DISTRICT (F170)
Jefferson,F170,pierceb,12/30/2021 10:16:32.119504,0,459,21111-33-PRECINCT 170 33 DISTRICT (F170)
Jefferson,F170,trumpd,12/30/2021 10:16:32.119504,164,459,21111-33-PRECINCT 170 33 DISTRICT (F170)
Jefferson,F170,westk,12/30/2021 10:16:32.119504,3,459,21111-33-PRECINCT 170 33 DISTRICT (F170)
Jefferson,F171,bidenj,12/30/2021 10:16:32.119504,389,815,21111-33-PRECINCT 171 33 DISTRICT (F171)
Jefferson,F171,jorgensenj,12/30/2021 10:16:32.119504,11,815,21111-33-PRECINCT 171 33 DISTRICT (F171)
Jefferson,F171,pierceb,12/30/2021 10:16:32.119504,2,815,21111-33-PRECINCT 171 33 DISTRICT (F171)
Jefferson,F171,trumpd,12/30/2021 10:16:32.119504,410,815,21111-33-PRECINCT 171 33 DISTRICT (F171)
Jefferson,F171,westk,12/30/2021 10:16:32.119504,3,815,21111-33-PRECINCT 171 33 DISTRICT (F171)
Jefferson,F172,bidenj,12/30/2021 10:16:32.119504,375,723,21111-33-PRECINCT 172 33 DISTRICT (F172)
Jefferson,F172,jorgensenj,12/30/2021 10:16:32.119504,16,723,21111-33-PRECINCT 172 33 DISTRICT (F172)
Jefferson,F172,pierceb,12/30/2021 10:16:32.119504,2,723,21111-33-PRECINCT 172 33 DISTRICT (F172)
Jefferson,F172,trumpd,12/30/2021 10:16:32.119504,327,723,21111-33-PRECINCT 172 33 DISTRICT (F172)
Jefferson,F172,westk,12/30/2021 10:16:32.119504,3,723,21111-33-PRECINCT 172 33 DISTRICT (F172)
Jefferson,F176,bidenj,12/30/2021 10:16:32.119504,316,653,21111-33-PRECINCT 176 33 DISTRICT (F176)
Jefferson,F176,jorgensenj,12/30/2021 10:16:32.119504,15,653,21111-33-PRECINCT 176 33 DISTRICT (F176)
Jefferson,F176,pierceb,12/30/2021 10:16:32.119504,1,653,21111-33-PRECINCT 176 33 DISTRICT (F176)
Jefferson,F176,trumpd,12/30/2021 10:16:32.119504,319,653,21111-33-PRECINCT 176 33 DISTRICT (F176)
Jefferson,F176,westk,12/30/2021 10:16:32.119504,2,653,21111-33-PRECINCT 176 33 DISTRICT (F176)
Jefferson,F179,bidenj,12/30/2021 10:16:32.119504,451,833,21111-33-PRECINCT 179 33 DISTRICT (F179)
Jefferson,F179,jorgensenj,12/30/2021 10:16:32.119504,15,833,21111-33-PRECINCT 179 33 DISTRICT (F179)
Jefferson,F179,pierceb,12/30/2021 10:16:32.119504,2,833,21111-33-PRECINCT 179 33 DISTRICT (F179)
Jefferson,F179,trumpd,12/30/2021 10:16:32.119504,363,833,21111-33-PRECINCT 179 33 DISTRICT (F179)
Jefferson,F179,westk,12/30/2021 10:16:32.119504,2,833,21111-33-PRECINCT 179 33 DISTRICT (F179)
Jefferson,F180,bidenj,12/30/2021 10:16:32.119504,674,1211,21111-33-PRECINCT 180 33 DISTRICT (F180)
Jefferson,F180,jorgensenj,12/30/2021 10:16:32.119504,32,1211,21111-33-PRECINCT 180 33 DISTRICT (F180)
Jefferson,F180,pierceb,12/30/2021 10:16:32.119504,3,1211,21111-33-PRECINCT 180 33 DISTRICT (F180)
Jefferson,F180,trumpd,12/30/2021 10:16:32.119504,496,1211,21111-33-PRECINCT 180 33 DISTRICT (F180)
Jefferson,F180,westk,12/30/2021 10:16:32.119504,6,1211,21111-33-PRECINCT 180 33 DISTRICT (F180)
Jefferson,F181,bidenj,12/30/2021 10:16:32.119504,683,1144,21111-33-PRECINCT 181 33 DISTRICT (F181)
Jefferson,F181,jorgensenj,12/30/2021 10:16:32.119504,10,1144,21111-33-PRECINCT 181 33 DISTRICT (F181)
Jefferson,F181,pierceb,12/30/2021 10:16:32.119504,1,1144,21111-33-PRECINCT 181 33 DISTRICT (F181)
Jefferson,F181,trumpd,12/30/2021 10:16:32.119504,448,1144,21111-33-PRECINCT 181 33 DISTRICT (F181)
Jefferson,F181,westk,12/30/2021 10:16:32.119504,2,1144,21111-33-PRECINCT 181 33 DISTRICT (F181)
Jefferson,F182,bidenj,12/30/2021 10:16:32.119504,698,1224,21111-33-PRECINCT 182 33 DISTRICT (F182)
Jefferson,F182,jorgensenj,12/30/2021 10:16:32.119504,24,1224,21111-33-PRECINCT 182 33 DISTRICT (F182)
Jefferson,F182,pierceb,12/30/2021 10:16:32.119504,3,1224,21111-33-PRECINCT 182 33 DISTRICT (F182)
Jefferson,F182,trumpd,12/30/2021 10:16:32.119504,492,1224,21111-33-PRECINCT 182 33 DISTRICT (F182)
Jefferson,F182,westk,12/30/2021 10:16:32.119504,7,1224,21111-33-PRECINCT 182 33 DISTRICT (F182)
Jefferson,F183,bidenj,12/30/2021 10:16:32.119504,171,432,21111-33-PRECINCT 183 33 DISTRICT (F183)
Jefferson,F183,jorgensenj,12/30/2021 10:16:32.119504,3,432,21111-33-PRECINCT 183 33 DISTRICT (F183)
Jefferson,F183,pierceb,12/30/2021 10:16:32.119504,0,432,21111-33-PRECINCT 183 33 DISTRICT (F183)
Jefferson,F183,trumpd,12/30/2021 10:16:32.119504,257,432,21111-33-PRECINCT 183 33 DISTRICT (F183)
Jefferson,F183,westk,12/30/2021 10:16:32.119504,1,432,21111-33-PRECINCT 183 33 DISTRICT (F183)
Jefferson,F184,bidenj,12/30/2021 10:16:32.119504,491,916,21111-33-PRECINCT 184 33 DISTRICT (F184)
Jefferson,F184,jorgensenj,12/30/2021 10:16:32.119504,10,916,21111-33-PRECINCT 184 33 DISTRICT (F184)
Jefferson,F184,pierceb,12/30/2021 10:16:32.119504,0,916,21111-33-PRECINCT 184 33 DISTRICT (F184)
Jefferson,F184,trumpd,12/30/2021 10:16:32.119504,412,916,21111-33-PRECINCT 184 33 DISTRICT (F184)
Jefferson,F184,westk,12/30/2021 10:16:32.119504,3,916,21111-33-PRECINCT 184 33 DISTRICT (F184)
Jefferson,F185,bidenj,12/30/2021 10:16:32.119504,535,785,21111-33-PRECINCT 185 33 DISTRICT (F185)
Jefferson,F185,jorgensenj,12/30/2021 10:16:32.119504,9,785,21111-33-PRECINCT 185 33 DISTRICT (F185)
Jefferson,F185,pierceb,12/30/2021 10:16:32.119504,2,785,21111-33-PRECINCT 185 33 DISTRICT (F185)
Jefferson,F185,trumpd,12/30/2021 10:16:32.119504,234,785,21111-33-PRECINCT 185 33 DISTRICT (F185)
Jefferson,F185,westk,12/30/2021 10:16:32.119504,5,785,21111-33-PRECINCT 185 33 DISTRICT (F185)
Jefferson,F186,bidenj,12/30/2021 10:16:32.119504,808,1209,21111-33-PRECINCT 186 33 DISTRICT (F186)
Jefferson,F186,jorgensenj,12/30/2021 10:16:32.119504,33,1209,21111-33-PRECINCT 186 33 DISTRICT (F186)
Jefferson,F186,pierceb,12/30/2021 10:16:32.119504,5,1209,21111-33-PRECINCT 186 33 DISTRICT (F186)
Jefferson,F186,trumpd,12/30/2021 10:16:32.119504,353,1209,21111-33-PRECINCT 186 33 DISTRICT (F186)
Jefferson,F186,westk,12/30/2021 10:16:32.119504,10,1209,21111-33-PRECINCT 186 33 DISTRICT (F186)
Jefferson,F187,bidenj,12/30/2021 10:16:32.119504,415,699,21111-33-PRECINCT 187 33 DISTRICT (F187)
Jefferson,F187,jorgensenj,12/30/2021 10:16:32.119504,13,699,21111-33-PRECINCT 187 33 DISTRICT (F187)
Jefferson,F187,pierceb,12/30/2021 10:16:32.119504,1,699,21111-33-PRECINCT 187 33 DISTRICT (F187)
Jefferson,F187,trumpd,12/30/2021 10:16:32.119504,265,699,21111-33-PRECINCT 187 33 DISTRICT (F187)
Jefferson,F187,westk,12/30/2021 10:16:32.119504,5,699,21111-33-PRECINCT 187 33 DISTRICT (F187)
Jefferson,G103,bidenj,12/30/2021 10:16:32.119504,489,569,21111-34-PRECINCT 103 34 DISTRICT (G103)
Jefferson,G103,jorgensenj,12/30/2021 10:16:32.119504,10,569,21111-34-PRECINCT 103 34 DISTRICT (G103)
Jefferson,G103,pierceb,12/30/2021 10:16:32.119504,0,569,21111-34-PRECINCT 103 34 DISTRICT (G103)
Jefferson,G103,trumpd,12/30/2021 10:16:32.119504,70,569,21111-34-PRECINCT 103 34 DISTRICT (G103)
Jefferson,G103,westk,12/30/2021 10:16:32.119504,0,569,21111-34-PRECINCT 103 34 DISTRICT (G103)
Jefferson,G104,bidenj,12/30/2021 10:16:32.119504,363,463,21111-34-PRECINCT 104 34 DISTRICT (G104)
Jefferson,G104,jorgensenj,12/30/2021 10:16:32.119504,9,463,21111-34-PRECINCT 104 34 DISTRICT (G104)
Jefferson,G104,pierceb,12/30/2021 10:16:32.119504,2,463,21111-34-PRECINCT 104 34 DISTRICT (G104)
Jefferson,G104,trumpd,12/30/2021 10:16:32.119504,86,463,21111-34-PRECINCT 104 34 DISTRICT (G104)
Jefferson,G104,westk,12/30/2021 10:16:32.119504,3,463,21111-34-PRECINCT 104 34 DISTRICT (G104)
Jefferson,G106,bidenj,12/30/2021 10:16:32.119504,480,570,21111-34-PRECINCT 106 34 DISTRICT (G106)
Jefferson,G106,jorgensenj,12/30/2021 10:16:32.119504,5,570,21111-34-PRECINCT 106 34 DISTRICT (G106)
Jefferson,G106,pierceb,12/30/2021 10:16:32.119504,0,570,21111-34-PRECINCT 106 34 DISTRICT (G106)
Jefferson,G106,trumpd,12/30/2021 10:16:32.119504,85,570,21111-34-PRECINCT 106 34 DISTRICT (G106)
Jefferson,G106,westk,12/30/2021 10:16:32.119504,0,570,21111-34-PRECINCT 106 34 DISTRICT (G106)
Jefferson,G107,bidenj,12/30/2021 10:16:32.119504,508,611,21111-34-PRECINCT 107 34 DISTRICT (G107)
Jefferson,G107,jorgensenj,12/30/2021 10:16:32.119504,5,611,21111-34-PRECINCT 107 34 DISTRICT (G107)
Jefferson,G107,pierceb,12/30/2021 10:16:32.119504,1,611,21111-34-PRECINCT 107 34 DISTRICT (G107)
Jefferson,G107,trumpd,12/30/2021 10:16:32.119504,93,611,21111-34-PRECINCT 107 34 DISTRICT (G107)
Jefferson,G107,westk,12/30/2021 10:16:32.119504,4,611,21111-34-PRECINCT 107 34 DISTRICT (G107)
Jefferson,G108,bidenj,12/30/2021 10:16:32.119504,365,446,21111-34-PRECINCT 108 34 DISTRICT (G108)
Jefferson,G108,jorgensenj,12/30/2021 10:16:32.119504,4,446,21111-34-PRECINCT 108 34 DISTRICT (G108)
Jefferson,G108,pierceb,12/30/2021 10:16:32.119504,0,446,21111-34-PRECINCT 108 34 DISTRICT (G108)
Jefferson,G108,trumpd,12/30/2021 10:16:32.119504,76,446,21111-34-PRECINCT 108 34 DISTRICT (G108)
Jefferson,G108,westk,12/30/2021 10:16:32.119504,1,446,21111-34-PRECINCT 108 34 DISTRICT (G108)
Jefferson,G109,bidenj,12/30/2021 10:16:32.119504,729,882,21111-34-PRECINCT 109 34 DISTRICT (G109)
Jefferson,G109,jorgensenj,12/30/2021 10:16:32.119504,9,882,21111-34-PRECINCT 109 34 DISTRICT (G109)
Jefferson,G109,pierceb,12/30/2021 10:16:32.119504,0,882,21111-34-PRECINCT 109 34 DISTRICT (G109)
Jefferson,G109,trumpd,12/30/2021 10:16:32.119504,140,882,21111-34-PRECINCT 109 34 DISTRICT (G109)
Jefferson,G109,westk,12/30/2021 10:16:32.119504,4,882,21111-34-PRECINCT 109 34 DISTRICT (G109)
Jefferson,G111,bidenj,12/30/2021 10:16:32.119504,583,704,21111-34-PRECINCT 111 34 DISTRICT (G111)
Jefferson,G111,jorgensenj,12/30/2021 10:16:32.119504,9,704,21111-34-PRECINCT 111 34 DISTRICT (G111)
Jefferson,G111,pierceb,12/30/2021 10:16:32.119504,3,704,21111-34-PRECINCT 111 34 DISTRICT (G111)
Jefferson,G111,trumpd,12/30/2021 10:16:32.119504,107,704,21111-34-PRECINCT 111 34 DISTRICT (G111)
Jefferson,G111,westk,12/30/2021 10:16:32.119504,2,704,21111-34-PRECINCT 111 34 DISTRICT (G111)
Jefferson,G112,bidenj,12/30/2021 10:16:32.119504,983,1199,21111-34-PRECINCT 112 34 DISTRICT (G112)
Jefferson,G112,jorgensenj,12/30/2021 10:16:32.119504,10,1199,21111-34-PRECINCT 112 34 DISTRICT (G112)
Jefferson,G112,pierceb,12/30/2021 10:16:32.119504,2,1199,21111-34-PRECINCT 112 34 DISTRICT (G112)
Jefferson,G112,trumpd,12/30/2021 10:16:32.119504,195,1199,21111-34-PRECINCT 112 34 DISTRICT (G112)
Jefferson,G112,westk,12/30/2021 10:16:32.119504,9,1199,21111-34-PRECINCT 112 34 DISTRICT (G112)
Jefferson,G116,bidenj,12/30/2021 10:16:32.119504,730,899,21111-34-PRECINCT 116 34 DISTRICT (G116)
Jefferson,G116,jorgensenj,12/30/2021 10:16:32.119504,8,899,21111-34-PRECINCT 116 34 DISTRICT (G116)
Jefferson,G116,pierceb,12/30/2021 10:16:32.119504,0,899,21111-34-PRECINCT 116 34 DISTRICT (G116)
Jefferson,G116,trumpd,12/30/2021 10:16:32.119504,158,899,21111-34-PRECINCT 116 34 DISTRICT (G116)
Jefferson,G116,westk,12/30/2021 10:16:32.119504,3,899,21111-34-PRECINCT 116 34 DISTRICT (G116)
Jefferson,G117,bidenj,12/30/2021 10:16:32.119504,909,1137,21111-34-PRECINCT 117 34 DISTRICT (G117)
Jefferson,G117,jorgensenj,12/30/2021 10:16:32.119504,13,1137,21111-34-PRECINCT 117 34 DISTRICT (G117)
Jefferson,G117,pierceb,12/30/2021 10:16:32.119504,1,1137,21111-34-PRECINCT 117 34 DISTRICT (G117)
Jefferson,G117,trumpd,12/30/2021 10:16:32.119504,209,1137,21111-34-PRECINCT 117 34 DISTRICT (G117)
Jefferson,G117,westk,12/30/2021 10:16:32.119504,5,1137,21111-34-PRECINCT 117 34 DISTRICT (G117)
Jefferson,G119,bidenj,12/30/2021 10:16:32.119504,386,529,21111-34-PRECINCT 119 34 DISTRICT (G119)
Jefferson,G119,jorgensenj,12/30/2021 10:16:32.119504,5,529,21111-34-PRECINCT 119 34 DISTRICT (G119)
Jefferson,G119,pierceb,12/30/2021 10:16:32.119504,0,529,21111-34-PRECINCT 119 34 DISTRICT (G119)
Jefferson,G119,trumpd,12/30/2021 10:16:32.119504,136,529,21111-34-PRECINCT 119 34 DISTRICT (G119)
Jefferson,G119,westk,12/30/2021 10:16:32.119504,2,529,21111-34-PRECINCT 119 34 DISTRICT (G119)
Jefferson,G120,bidenj,12/30/2021 10:16:32.119504,462,599,21111-34-PRECINCT 120 34 DISTRICT (G120)
Jefferson,G120,jorgensenj,12/30/2021 10:16:32.119504,7,599,21111-34-PRECINCT 120 34 DISTRICT (G120)
Jefferson,G120,pierceb,12/30/2021 10:16:32.119504,1,599,21111-34-PRECINCT 120 34 DISTRICT (G120)
Jefferson,G120,trumpd,12/30/2021 10:16:32.119504,128,599,21111-34-PRECINCT 120 34 DISTRICT (G120)
Jefferson,G120,westk,12/30/2021 10:16:32.119504,1,599,21111-34-PRECINCT 120 34 DISTRICT (G120)
Jefferson,G121,bidenj,12/30/2021 10:16:32.119504,422,627,21111-34-PRECINCT 121 34 DISTRICT (G121)
Jefferson,G121,jorgensenj,12/30/2021 10:16:32.119504,4,627,21111-34-PRECINCT 121 34 DISTRICT (G121)
Jefferson,G121,pierceb,12/30/2021 10:16:32.119504,0,627,21111-34-PRECINCT 121 34 DISTRICT (G121)
Jefferson,G121,trumpd,12/30/2021 10:16:32.119504,198,627,21111-34-PRECINCT 121 34 DISTRICT (G121)
Jefferson,G121,westk,12/30/2021 10:16:32.119504,3,627,21111-34-PRECINCT 121 34 DISTRICT (G121)
Jefferson,G122,bidenj,12/30/2021 10:16:32.119504,372,480,21111-34-PRECINCT 122 34 DISTRICT (G122)
Jefferson,G122,jorgensenj,12/30/2021 10:16:32.119504,4,480,21111-34-PRECINCT 122 34 DISTRICT (G122)
Jefferson,G122,pierceb,12/30/2021 10:16:32.119504,0,480,21111-34-PRECINCT 122 34 DISTRICT (G122)
Jefferson,G122,trumpd,12/30/2021 10:16:32.119504,102,480,21111-34-PRECINCT 122 34 DISTRICT (G122)
Jefferson,G122,westk,12/30/2021 10:16:32.119504,2,480,21111-34-PRECINCT 122 34 DISTRICT (G122)
Jefferson,G123,bidenj,12/30/2021 10:16:32.119504,193,263,21111-34-PRECINCT 123 34 DISTRICT (G123)
Jefferson,G123,jorgensenj,12/30/2021 10:16:32.119504,3,263,21111-34-PRECINCT 123 34 DISTRICT (G123)
Jefferson,G123,pierceb,12/30/2021 10:16:32.119504,0,263,21111-34-PRECINCT 123 34 DISTRICT (G123)
Jefferson,G123,trumpd,12/30/2021 10:16:32.119504,65,263,21111-34-PRECINCT 123 34 DISTRICT (G123)
Jefferson,G123,westk,12/30/2021 10:16:32.119504,2,263,21111-34-PRECINCT 123 34 DISTRICT (G123)
Jefferson,G124,bidenj,12/30/2021 10:16:32.119504,666,1015,21111-34-PRECINCT 124 34 DISTRICT (G124)
Jefferson,G124,jorgensenj,12/30/2021 10:16:32.119504,11,1015,21111-34-PRECINCT 124 34 DISTRICT (G124)
Jefferson,G124,pierceb,12/30/2021 10:16:32.119504,2,1015,21111-34-PRECINCT 124 34 DISTRICT (G124)
Jefferson,G124,trumpd,12/30/2021 10:16:32.119504,335,1015,21111-34-PRECINCT 124 34 DISTRICT (G124)
Jefferson,G124,westk,12/30/2021 10:16:32.119504,1,1015,21111-34-PRECINCT 124 34 DISTRICT (G124)
Jefferson,G126,bidenj,12/30/2021 10:16:32.119504,392,594,21111-34-PRECINCT 126 34 DISTRICT (G126)
Jefferson,G126,jorgensenj,12/30/2021 10:16:32.119504,5,594,21111-34-PRECINCT 126 34 DISTRICT (G126)
Jefferson,G126,pierceb,12/30/2021 10:16:32.119504,2,594,21111-34-PRECINCT 126 34 DISTRICT (G126)
Jefferson,G126,trumpd,12/30/2021 10:16:32.119504,195,594,21111-34-PRECINCT 126 34 DISTRICT (G126)
Jefferson,G126,westk,12/30/2021 10:16:32.119504,0,594,21111-34-PRECINCT 126 34 DISTRICT (G126)
Jefferson,G129,bidenj,12/30/2021 10:16:32.119504,119,187,21111-34-PRECINCT 129 34 DISTRICT (G129)
Jefferson,G129,jorgensenj,12/30/2021 10:16:32.119504,2,187,21111-34-PRECINCT 129 34 DISTRICT (G129)
Jefferson,G129,pierceb,12/30/2021 10:16:32.119504,0,187,21111-34-PRECINCT 129 34 DISTRICT (G129)
Jefferson,G129,trumpd,12/30/2021 10:16:32.119504,66,187,21111-34-PRECINCT 129 34 DISTRICT (G129)
Jefferson,G129,westk,12/30/2021 10:16:32.119504,0,187,21111-34-PRECINCT 129 34 DISTRICT (G129)
Jefferson,G140,bidenj,12/30/2021 10:16:32.119504,484,595,21111-34-PRECINCT 140 34 DISTRICT (G140)
Jefferson,G140,jorgensenj,12/30/2021 10:16:32.119504,9,595,21111-34-PRECINCT 140 34 DISTRICT (G140)
Jefferson,G140,pierceb,12/30/2021 10:16:32.119504,1,595,21111-34-PRECINCT 140 34 DISTRICT (G140)
Jefferson,G140,trumpd,12/30/2021 10:16:32.119504,94,595,21111-34-PRECINCT 140 34 DISTRICT (G140)
Jefferson,G140,westk,12/30/2021 10:16:32.119504,7,595,21111-34-PRECINCT 140 34 DISTRICT (G140)
Jefferson,G141,bidenj,12/30/2021 10:16:32.119504,507,624,21111-34-PRECINCT 141 34 DISTRICT (G141)
Jefferson,G141,jorgensenj,12/30/2021 10:16:32.119504,5,624,21111-34-PRECINCT 141 34 DISTRICT (G141)
Jefferson,G141,pierceb,12/30/2021 10:16:32.119504,1,624,21111-34-PRECINCT 141 34 DISTRICT (G141)
Jefferson,G141,trumpd,12/30/2021 10:16:32.119504,109,624,21111-34-PRECINCT 141 34 DISTRICT (G141)
Jefferson,G141,westk,12/30/2021 10:16:32.119504,2,624,21111-34-PRECINCT 141 34 DISTRICT (G141)
Jefferson,G142,bidenj,12/30/2021 10:16:32.119504,131,192,21111-34-PRECINCT 142 34 DISTRICT (G142)
Jefferson,G142,jorgensenj,12/30/2021 10:16:32.119504,3,192,21111-34-PRECINCT 142 34 DISTRICT (G142)
Jefferson,G142,pierceb,12/30/2021 10:16:32.119504,0,192,21111-34-PRECINCT 142 34 DISTRICT (G142)
Jefferson,G142,trumpd,12/30/2021 10:16:32.119504,55,192,21111-34-PRECINCT 142 34 DISTRICT (G142)
Jefferson,G142,westk,12/30/2021 10:16:32.119504,3,192,21111-34-PRECINCT 142 34 DISTRICT (G142)
Jefferson,G143,bidenj,12/30/2021 10:16:32.119504,756,918,21111-34-PRECINCT 143 34 DISTRICT (G143)
Jefferson,G143,jorgensenj,12/30/2021 10:16:32.119504,9,918,21111-34-PRECINCT 143 34 DISTRICT (G143)
Jefferson,G143,pierceb,12/30/2021 10:16:32.119504,2,918,21111-34-PRECINCT 143 34 DISTRICT (G143)
Jefferson,G143,trumpd,12/30/2021 10:16:32.119504,147,918,21111-34-PRECINCT 143 34 DISTRICT (G143)
Jefferson,G143,westk,12/30/2021 10:16:32.119504,4,918,21111-34-PRECINCT 143 34 DISTRICT (G143)
Jefferson,G144,bidenj,12/30/2021 10:16:32.119504,615,770,21111-34-PRECINCT 144 34 DISTRICT (G144)
Jefferson,G144,jorgensenj,12/30/2021 10:16:32.119504,6,770,21111-34-PRECINCT 144 34 DISTRICT (G144)
Jefferson,G144,pierceb,12/30/2021 10:16:32.119504,0,770,21111-34-PRECINCT 144 34 DISTRICT (G144)
Jefferson,G144,trumpd,12/30/2021 10:16:32.119504,145,770,21111-34-PRECINCT 144 34 DISTRICT (G144)
Jefferson,G144,westk,12/30/2021 10:16:32.119504,4,770,21111-34-PRECINCT 144 34 DISTRICT (G144)
Jefferson,G145,bidenj,12/30/2021 10:16:32.119504,836,1137,21111-34-PRECINCT 145 34 DISTRICT (G145)
Jefferson,G145,jorgensenj,12/30/2021 10:16:32.119504,14,1137,21111-34-PRECINCT 145 34 DISTRICT (G145)
Jefferson,G145,pierceb,12/30/2021 10:16:32.119504,2,1137,21111-34-PRECINCT 145 34 DISTRICT (G145)
Jefferson,G145,trumpd,12/30/2021 10:16:32.119504,282,1137,21111-34-PRECINCT 145 34 DISTRICT (G145)
Jefferson,G145,westk,12/30/2021 10:16:32.119504,3,1137,21111-34-PRECINCT 145 34 DISTRICT (G145)
Jefferson,G146,bidenj,12/30/2021 10:16:32.119504,671,863,21111-34-PRECINCT 146 34 DISTRICT (G146)
Jefferson,G146,jorgensenj,12/30/2021 10:16:32.119504,15,863,21111-34-PRECINCT 146 34 DISTRICT (G146)
Jefferson,G146,pierceb,12/30/2021 10:16:32.119504,0,863,21111-34-PRECINCT 146 34 DISTRICT (G146)
Jefferson,G146,trumpd,12/30/2021 10:16:32.119504,174,863,21111-34-PRECINCT 146 34 DISTRICT (G146)
Jefferson,G146,westk,12/30/2021 10:16:32.119504,3,863,21111-34-PRECINCT 146 34 DISTRICT (G146)
Jefferson,G147,bidenj,12/30/2021 10:16:32.119504,523,758,21111-34-PRECINCT 147 34 DISTRICT (G147)
Jefferson,G147,jorgensenj,12/30/2021 10:16:32.119504,6,758,21111-34-PRECINCT 147 34 DISTRICT (G147)
Jefferson,G147,pierceb,12/30/2021 10:16:32.119504,1,758,21111-34-PRECINCT 147 34 DISTRICT (G147)
Jefferson,G147,trumpd,12/30/2021 10:16:32.119504,226,758,21111-34-PRECINCT 147 34 DISTRICT (G147)
Jefferson,G147,westk,12/30/2021 10:16:32.119504,2,758,21111-34-PRECINCT 147 34 DISTRICT (G147)
Jefferson,G148,bidenj,12/30/2021 10:16:32.119504,280,396,21111-34-PRECINCT 148 34 DISTRICT (G148)
Jefferson,G148,jorgensenj,12/30/2021 10:16:32.119504,7,396,21111-34-PRECINCT 148 34 DISTRICT (G148)
Jefferson,G148,pierceb,12/30/2021 10:16:32.119504,0,396,21111-34-PRECINCT 148 34 DISTRICT (G148)
Jefferson,G148,trumpd,12/30/2021 10:16:32.119504,108,396,21111-34-PRECINCT 148 34 DISTRICT (G148)
Jefferson,G148,westk,12/30/2021 10:16:32.119504,1,396,21111-34-PRECINCT 148 34 DISTRICT (G148)
Jefferson,G149,bidenj,12/30/2021 10:16:32.119504,295,408,21111-34-PRECINCT 149 34 DISTRICT (G149)
Jefferson,G149,jorgensenj,12/30/2021 10:16:32.119504,2,408,21111-34-PRECINCT 149 34 DISTRICT (G149)
Jefferson,G149,pierceb,12/30/2021 10:16:32.119504,0,408,21111-34-PRECINCT 149 34 DISTRICT (G149)
Jefferson,G149,trumpd,12/30/2021 10:16:32.119504,109,408,21111-34-PRECINCT 149 34 DISTRICT (G149)
Jefferson,G149,westk,12/30/2021 10:16:32.119504,2,408,21111-34-PRECINCT 149 34 DISTRICT (G149)
Jefferson,G150,bidenj,12/30/2021 10:16:32.119504,205,373,21111-34-PRECINCT 150 34 DISTRICT (G150)
Jefferson,G150,jorgensenj,12/30/2021 10:16:32.119504,5,373,21111-34-PRECINCT 150 34 DISTRICT (G150)
Jefferson,G150,pierceb,12/30/2021 10:16:32.119504,1,373,21111-34-PRECINCT 150 34 DISTRICT (G150)
Jefferson,G150,trumpd,12/30/2021 10:16:32.119504,157,373,21111-34-PRECINCT 150 34 DISTRICT (G150)
Jefferson,G150,westk,12/30/2021 10:16:32.119504,5,373,21111-34-PRECINCT 150 34 DISTRICT (G150)
Jefferson,G151,bidenj,12/30/2021 10:16:32.119504,289,435,21111-34-PRECINCT 151 34 DISTRICT (G151)
Jefferson,G151,jorgensenj,12/30/2021 10:16:32.119504,9,435,21111-34-PRECINCT 151 34 DISTRICT (G151)
Jefferson,G151,pierceb,12/30/2021 10:16:32.119504,0,435,21111-34-PRECINCT 151 34 DISTRICT (G151)
Jefferson,G151,trumpd,12/30/2021 10:16:32.119504,131,435,21111-34-PRECINCT 151 34 DISTRICT (G151)
Jefferson,G151,westk,12/30/2021 10:16:32.119504,6,435,21111-34-PRECINCT 151 34 DISTRICT (G151)
Jefferson,G154,bidenj,12/30/2021 10:16:32.119504,438,680,21111-34-PRECINCT 154 34 DISTRICT (G154)
Jefferson,G154,jorgensenj,12/30/2021 10:16:32.119504,10,680,21111-34-PRECINCT 154 34 DISTRICT (G154)
Jefferson,G154,pierceb,12/30/2021 10:16:32.119504,0,680,21111-34-PRECINCT 154 34 DISTRICT (G154)
Jefferson,G154,trumpd,12/30/2021 10:16:32.119504,229,680,21111-34-PRECINCT 154 34 DISTRICT (G154)
Jefferson,G154,westk,12/30/2021 10:16:32.119504,3,680,21111-34-PRECINCT 154 34 DISTRICT (G154)
Jefferson,G155,bidenj,12/30/2021 10:16:32.119504,536,790,21111-34-PRECINCT 155 34 DISTRICT (G155)
Jefferson,G155,jorgensenj,12/30/2021 10:16:32.119504,16,790,21111-34-PRECINCT 155 34 DISTRICT (G155)
Jefferson,G155,pierceb,12/30/2021 10:16:32.119504,3,790,21111-34-PRECINCT 155 34 DISTRICT (G155)
Jefferson,G155,trumpd,12/30/2021 10:16:32.119504,233,790,21111-34-PRECINCT 155 34 DISTRICT (G155)
Jefferson,G155,westk,12/30/2021 10:16:32.119504,2,790,21111-34-PRECINCT 155 34 DISTRICT (G155)
Jefferson,G156,bidenj,12/30/2021 10:16:32.119504,497,902,21111-34-PRECINCT 156 34 DISTRICT (G156)
Jefferson,G156,jorgensenj,12/30/2021 10:16:32.119504,8,902,21111-34-PRECINCT 156 34 DISTRICT (G156)
Jefferson,G156,pierceb,12/30/2021 10:16:32.119504,0,902,21111-34-PRECINCT 156 34 DISTRICT (G156)
Jefferson,G156,trumpd,12/30/2021 10:16:32.119504,392,902,21111-34-PRECINCT 156 34 DISTRICT (G156)
Jefferson,G156,westk,12/30/2021 10:16:32.119504,5,902,21111-34-PRECINCT 156 34 DISTRICT (G156)
Jefferson,G157,bidenj,12/30/2021 10:16:32.119504,615,990,21111-34-PRECINCT 157 34 DISTRICT (G157)
Jefferson,G157,jorgensenj,12/30/2021 10:16:32.119504,12,990,21111-34-PRECINCT 157 34 DISTRICT (G157)
Jefferson,G157,pierceb,12/30/2021 10:16:32.119504,0,990,21111-34-PRECINCT 157 34 DISTRICT (G157)
Jefferson,G157,trumpd,12/30/2021 10:16:32.119504,362,990,21111-34-PRECINCT 157 34 DISTRICT (G157)
Jefferson,G157,westk,12/30/2021 10:16:32.119504,1,990,21111-34-PRECINCT 157 34 DISTRICT (G157)
Jefferson,G158,bidenj,12/30/2021 10:16:32.119504,505,894,21111-34-PRECINCT 158 34 DISTRICT (G158)
Jefferson,G158,jorgensenj,12/30/2021 10:16:32.119504,6,894,21111-34-PRECINCT 158 34 DISTRICT (G158)
Jefferson,G158,pierceb,12/30/2021 10:16:32.119504,2,894,21111-34-PRECINCT 158 34 DISTRICT (G158)
Jefferson,G158,trumpd,12/30/2021 10:16:32.119504,381,894,21111-34-PRECINCT 158 34 DISTRICT (G158)
Jefferson,G158,westk,12/30/2021 10:16:32.119504,0,894,21111-34-PRECINCT 158 34 DISTRICT (G158)
Jefferson,G159,bidenj,12/30/2021 10:16:32.119504,0,0,
Jefferson,G159,jorgensenj,12/30/2021 10:16:32.119504,0,0,
Jefferson,G159,pierceb,12/30/2021 10:16:32.119504,0,0,
Jefferson,G159,trumpd,12/30/2021 10:16:32.119504,0,0,
Jefferson,G159,westk,12/30/2021 10:16:32.119504,0,0,
Jefferson,G160,bidenj,12/30/2021 10:16:32.119504,232,461,21111-34-PRECINCT 160 34 DISTRICT (G160)
Jefferson,G160,jorgensenj,12/30/2021 10:16:32.119504,5,461,21111-34-PRECINCT 160 34 DISTRICT (G160)
Jefferson,G160,pierceb,12/30/2021 10:16:32.119504,1,461,21111-34-PRECINCT 160 34 DISTRICT (G160)
Jefferson,G160,trumpd,12/30/2021 10:16:32.119504,220,461,21111-34-PRECINCT 160 34 DISTRICT (G160)
Jefferson,G160,westk,12/30/2021 10:16:32.119504,3,461,21111-34-PRECINCT 160 34 DISTRICT (G160)
Jefferson,G161,bidenj,12/30/2021 10:16:32.119504,363,511,21111-34-PRECINCT 161 34 DISTRICT (G161)
Jefferson,G161,jorgensenj,12/30/2021 10:16:32.119504,6,511,21111-34-PRECINCT 161 34 DISTRICT (G161)
Jefferson,G161,pierceb,12/30/2021 10:16:32.119504,1,511,21111-34-PRECINCT 161 34 DISTRICT (G161)
Jefferson,G161,trumpd,12/30/2021 10:16:32.119504,140,511,21111-34-PRECINCT 161 34 DISTRICT (G161)
Jefferson,G161,westk,12/30/2021 10:16:32.119504,1,511,21111-34-PRECINCT 161 34 DISTRICT (G161)
Jefferson,G162,bidenj,12/30/2021 10:16:32.119504,62,135,21111-34-PRECINCT 162 34 DISTRICT (G162)
Jefferson,G162,jorgensenj,12/30/2021 10:16:32.119504,1,135,21111-34-PRECINCT 162 34 DISTRICT (G162)
Jefferson,G162,pierceb,12/30/2021 10:16:32.119504,0,135,21111-34-PRECINCT 162 34 DISTRICT (G162)
Jefferson,G162,trumpd,12/30/2021 10:16:32.119504,71,135,21111-34-PRECINCT 162 34 DISTRICT (G162)
Jefferson,G162,westk,12/30/2021 10:16:32.119504,1,135,21111-34-PRECINCT 162 34 DISTRICT (G162)
Jefferson,G163,bidenj,12/30/2021 10:16:32.119504,319,510,21111-34-PRECINCT 163 34 DISTRICT (G163)
Jefferson,G163,jorgensenj,12/30/2021 10:16:32.119504,14,510,21111-34-PRECINCT 163 34 DISTRICT (G163)
Jefferson,G163,pierceb,12/30/2021 10:16:32.119504,0,510,21111-34-PRECINCT 163 34 DISTRICT (G163)
Jefferson,G163,trumpd,12/30/2021 10:16:32.119504,176,510,21111-34-PRECINCT 163 34 DISTRICT (G163)
Jefferson,G163,westk,12/30/2021 10:16:32.119504,1,510,21111-34-PRECINCT 163 34 DISTRICT (G163)
Jefferson,G164,bidenj,12/30/2021 10:16:32.119504,697,1072,21111-34-PRECINCT 164 34 DISTRICT (G164)
Jefferson,G164,jorgensenj,12/30/2021 10:16:32.119504,26,1072,21111-34-PRECINCT 164 34 DISTRICT (G164)
Jefferson,G164,pierceb,12/30/2021 10:16:32.119504,2,1072,21111-34-PRECINCT 164 34 DISTRICT (G164)
Jefferson,G164,trumpd,12/30/2021 10:16:32.119504,342,1072,21111-34-PRECINCT 164 34 DISTRICT (G164)
Jefferson,G164,westk,12/30/2021 10:16:32.119504,5,1072,21111-34-PRECINCT 164 34 DISTRICT (G164)
Jefferson,G165,bidenj,12/30/2021 10:16:32.119504,252,415,21111-34-PRECINCT 165 34 DISTRICT (G165)
Jefferson,G165,jorgensenj,12/30/2021 10:16:32.119504,7,415,21111-34-PRECINCT 165 34 DISTRICT (G165)
Jefferson,G165,pierceb,12/30/2021 10:16:32.119504,1,415,21111-34-PRECINCT 165 34 DISTRICT (G165)
Jefferson,G165,trumpd,12/30/2021 10:16:32.119504,152,415,21111-34-PRECINCT 165 34 DISTRICT (G165)
Jefferson,G165,westk,12/30/2021 10:16:32.119504,3,415,21111-34-PRECINCT 165 34 DISTRICT (G165)
Jefferson,G166,bidenj,12/30/2021 10:16:32.119504,106,165,21111-34-PRECINCT 166 34 DISTRICT (G166)
Jefferson,G166,jorgensenj,12/30/2021 10:16:32.119504,3,165,21111-34-PRECINCT 166 34 DISTRICT (G166)
Jefferson,G166,pierceb,12/30/2021 10:16:32.119504,1,165,21111-34-PRECINCT 166 34 DISTRICT (G166)
Jefferson,G166,trumpd,12/30/2021 10:16:32.119504,55,165,21111-34-PRECINCT 166 34 DISTRICT (G166)
Jefferson,G166,westk,12/30/2021 10:16:32.119504,0,165,21111-34-PRECINCT 166 34 DISTRICT (G166)
Jefferson,G167,bidenj,12/30/2021 10:16:32.119504,235,363,21111-34-PRECINCT 167 34 DISTRICT (G167)
Jefferson,G167,jorgensenj,12/30/2021 10:16:32.119504,8,363,21111-34-PRECINCT 167 34 DISTRICT (G167)
Jefferson,G167,pierceb,12/30/2021 10:16:32.119504,0,363,21111-34-PRECINCT 167 34 DISTRICT (G167)
Jefferson,G167,trumpd,12/30/2021 10:16:32.119504,118,363,21111-34-PRECINCT 167 34 DISTRICT (G167)
Jefferson,G167,westk,12/30/2021 10:16:32.119504,2,363,21111-34-PRECINCT 167 34 DISTRICT (G167)
Jefferson,G168,bidenj,12/30/2021 10:16:32.119504,47,92,21111-34-PRECINCT 168 34 DISTRICT (G168)
Jefferson,G168,jorgensenj,12/30/2021 10:16:32.119504,3,92,21111-34-PRECINCT 168 34 DISTRICT (G168)
Jefferson,G168,pierceb,12/30/2021 10:16:32.119504,0,92,21111-34-PRECINCT 168 34 DISTRICT (G168)
Jefferson,G168,trumpd,12/30/2021 10:16:32.119504,42,92,21111-34-PRECINCT 168 34 DISTRICT (G168)
Jefferson,G168,westk,12/30/2021 10:16:32.119504,0,92,21111-34-PRECINCT 168 34 DISTRICT (G168)
Jefferson,G169,bidenj,12/30/2021 10:16:32.119504,202,306,21111-34-PRECINCT 169 34 DISTRICT (G169)
Jefferson,G169,jorgensenj,12/30/2021 10:16:32.119504,3,306,21111-34-PRECINCT 169 34 DISTRICT (G169)
Jefferson,G169,pierceb,12/30/2021 10:16:32.119504,0,306,21111-34-PRECINCT 169 34 DISTRICT (G169)
Jefferson,G169,trumpd,12/30/2021 10:16:32.119504,99,306,21111-34-PRECINCT 169 34 DISTRICT (G169)
Jefferson,G169,westk,12/30/2021 10:16:32.119504,2,306,21111-34-PRECINCT 169 34 DISTRICT (G169)
Jefferson,H102,bidenj,12/30/2021 10:16:32.119504,580,727,21111-35-PRECINCT 102 35 DISTRICT (H102)
Jefferson,H102,jorgensenj,12/30/2021 10:16:32.119504,14,727,21111-35-PRECINCT 102 35 DISTRICT (H102)
Jefferson,H102,pierceb,12/30/2021 10:16:32.119504,6,727,21111-35-PRECINCT 102 35 DISTRICT (H102)
Jefferson,H102,trumpd,12/30/2021 10:16:32.119504,125,727,21111-35-PRECINCT 102 35 DISTRICT (H102)
Jefferson,H102,westk,12/30/2021 10:16:32.119504,2,727,21111-35-PRECINCT 102 35 DISTRICT (H102)
Jefferson,H103,bidenj,12/30/2021 10:16:32.119504,725,905,21111-35-PRECINCT 103 35 DISTRICT (H103)
Jefferson,H103,jorgensenj,12/30/2021 10:16:32.119504,8,905,21111-35-PRECINCT 103 35 DISTRICT (H103)
Jefferson,H103,pierceb,12/30/2021 10:16:32.119504,0,905,21111-35-PRECINCT 103 35 DISTRICT (H103)
Jefferson,H103,trumpd,12/30/2021 10:16:32.119504,167,905,21111-35-PRECINCT 103 35 DISTRICT (H103)
Jefferson,H103,westk,12/30/2021 10:16:32.119504,5,905,21111-35-PRECINCT 103 35 DISTRICT (H103)
Jefferson,H105,bidenj,12/30/2021 10:16:32.119504,562,715,21111-35-PRECINCT 105 35 DISTRICT (H105)
Jefferson,H105,jorgensenj,12/30/2021 10:16:32.119504,6,715,21111-35-PRECINCT 105 35 DISTRICT (H105)
Jefferson,H105,pierceb,12/30/2021 10:16:32.119504,0,715,21111-35-PRECINCT 105 35 DISTRICT (H105)
Jefferson,H105,trumpd,12/30/2021 10:16:32.119504,146,715,21111-35-PRECINCT 105 35 DISTRICT (H105)
Jefferson,H105,westk,12/30/2021 10:16:32.119504,1,715,21111-35-PRECINCT 105 35 DISTRICT (H105)
Jefferson,H106,bidenj,12/30/2021 10:16:32.119504,496,642,21111-35-PRECINCT 106 35 DISTRICT (H106)
Jefferson,H106,jorgensenj,12/30/2021 10:16:32.119504,12,642,21111-35-PRECINCT 106 35 DISTRICT (H106)
Jefferson,H106,pierceb,12/30/2021 10:16:32.119504,0,642,21111-35-PRECINCT 106 35 DISTRICT (H106)
Jefferson,H106,trumpd,12/30/2021 10:16:32.119504,134,642,21111-35-PRECINCT 106 35 DISTRICT (H106)
Jefferson,H106,westk,12/30/2021 10:16:32.119504,0,642,21111-35-PRECINCT 106 35 DISTRICT (H106)
Jefferson,H109,bidenj,12/30/2021 10:16:32.119504,273,406,21111-35-PRECINCT 109 35 DISTRICT (H109)
Jefferson,H109,jorgensenj,12/30/2021 10:16:32.119504,11,406,21111-35-PRECINCT 109 35 DISTRICT (H109)
Jefferson,H109,pierceb,12/30/2021 10:16:32.119504,0,406,21111-35-PRECINCT 109 35 DISTRICT (H109)
Jefferson,H109,trumpd,12/30/2021 10:16:32.119504,121,406,21111-35-PRECINCT 109 35 DISTRICT (H109)
Jefferson,H109,westk,12/30/2021 10:16:32.119504,1,406,21111-35-PRECINCT 109 35 DISTRICT (H109)
Jefferson,H110,bidenj,12/30/2021 10:16:32.119504,501,718,21111-35-PRECINCT 110 35 DISTRICT (H110)
Jefferson,H110,jorgensenj,12/30/2021 10:16:32.119504,19,718,21111-35-PRECINCT 110 35 DISTRICT (H110)
Jefferson,H110,pierceb,12/30/2021 10:16:32.119504,3,718,21111-35-PRECINCT 110 35 DISTRICT (H110)
Jefferson,H110,trumpd,12/30/2021 10:16:32.119504,192,718,21111-35-PRECINCT 110 35 DISTRICT (H110)
Jefferson,H110,westk,12/30/2021 10:16:32.119504,3,718,21111-35-PRECINCT 110 35 DISTRICT (H110)
Jefferson,H111,bidenj,12/30/2021 10:16:32.119504,298,479,21111-35-PRECINCT 111 35 DISTRICT (H111)
Jefferson,H111,jorgensenj,12/30/2021 10:16:32.119504,16,479,21111-35-PRECINCT 111 35 DISTRICT (H111)
Jefferson,H111,pierceb,12/30/2021 10:16:32.119504,1,479,21111-35-PRECINCT 111 35 DISTRICT (H111)
Jefferson,H111,trumpd,12/30/2021 10:16:32.119504,163,479,21111-35-PRECINCT 111 35 DISTRICT (H111)
Jefferson,H111,westk,12/30/2021 10:16:32.119504,1,479,21111-35-PRECINCT 111 35 DISTRICT (H111)
Jefferson,H112,bidenj,12/30/2021 10:16:32.119504,428,713,21111-35-PRECINCT 112 35 DISTRICT (H112)
Jefferson,H112,jorgensenj,12/30/2021 10:16:32.119504,12,713,21111-35-PRECINCT 112 35 DISTRICT (H112)
Jefferson,H112,pierceb,12/30/2021 10:16:32.119504,1,713,21111-35-PRECINCT 112 35 DISTRICT (H112)
Jefferson,H112,trumpd,12/30/2021 10:16:32.119504,271,713,21111-35-PRECINCT 112 35 DISTRICT (H112)
Jefferson,H112,westk,12/30/2021 10:16:32.119504,1,713,21111-35-PRECINCT 112 35 DISTRICT (H112)
Jefferson,H113,bidenj,12/30/2021 10:16:32.119504,243,402,21111-35-PRECINCT 113 35 DISTRICT (H113)
Jefferson,H113,jorgensenj,12/30/2021 10:16:32.119504,9,402,21111-35-PRECINCT 113 35 DISTRICT (H113)
Jefferson,H113,pierceb,12/30/2021 10:16:32.119504,0,402,21111-35-PRECINCT 113 35 DISTRICT (H113)
Jefferson,H113,trumpd,12/30/2021 10:16:32.119504,150,402,21111-35-PRECINCT 113 35 DISTRICT (H113)
Jefferson,H113,westk,12/30/2021 10:16:32.119504,0,402,21111-35-PRECINCT 113 35 DISTRICT (H113)
Jefferson,H114,bidenj,12/30/2021 10:16:32.119504,8,12,21111-35-PRECINCT 114 35 DISTRICT (H114)
Jefferson,H114,jorgensenj,12/30/2021 10:16:32.119504,0,12,21111-35-PRECINCT 114 35 DISTRICT (H114)
Jefferson,H114,pierceb,12/30/2021 10:16:32.119504,0,12,21111-35-PRECINCT 114 35 DISTRICT (H114)
Jefferson,H114,trumpd,12/30/2021 10:16:32.119504,4,12,21111-35-PRECINCT 114 35 DISTRICT (H114)
Jefferson,H114,westk,12/30/2021 10:16:32.119504,0,12,21111-35-PRECINCT 114 35 DISTRICT (H114)
Jefferson,H115,bidenj,12/30/2021 10:16:32.119504,248,409,21111-35-PRECINCT 115 35 DISTRICT (H115)
Jefferson,H115,jorgensenj,12/30/2021 10:16:32.119504,8,409,21111-35-PRECINCT 115 35 DISTRICT (H115)
Jefferson,H115,pierceb,12/30/2021 10:16:32.119504,0,409,21111-35-PRECINCT 115 35 DISTRICT (H115)
Jefferson,H115,trumpd,12/30/2021 10:16:32.119504,151,409,21111-35-PRECINCT 115 35 DISTRICT (H115)
Jefferson,H115,westk,12/30/2021 10:16:32.119504,2,409,21111-35-PRECINCT 115 35 DISTRICT (H115)
Jefferson,H116,bidenj,12/30/2021 10:16:32.119504,404,663,21111-35-PRECINCT 116 35 DISTRICT (H116)
Jefferson,H116,jorgensenj,12/30/2021 10:16:32.119504,11,663,21111-35-PRECINCT 116 35 DISTRICT (H116)
Jefferson,H116,pierceb,12/30/2021 10:16:32.119504,0,663,21111-35-PRECINCT 116 35 DISTRICT (H116)
Jefferson,H116,trumpd,12/30/2021 10:16:32.119504,245,663,21111-35-PRECINCT 116 35 DISTRICT (H116)
Jefferson,H116,westk,12/30/2021 10:16:32.119504,3,663,21111-35-PRECINCT 116 35 DISTRICT (H116)
Jefferson,H117,bidenj,12/30/2021 10:16:32.119504,560,1037,21111-35-PRECINCT 117 35 DISTRICT (H117)
Jefferson,H117,jorgensenj,12/30/2021 10:16:32.119504,8,1037,21111-35-PRECINCT 117 35 DISTRICT (H117)
Jefferson,H117,pierceb,12/30/2021 10:16:32.119504,0,1037,21111-35-PRECINCT 117 35 DISTRICT (H117)
Jefferson,H117,trumpd,12/30/2021 10:16:32.119504,461,1037,21111-35-PRECINCT 117 35 DISTRICT (H117)
Jefferson,H117,westk,12/30/2021 10:16:32.119504,8,1037,21111-35-PRECINCT 117 35 DISTRICT (H117)
Jefferson,H118,bidenj,12/30/2021 10:16:32.119504,427,705,21111-35-PRECINCT 118 35 DISTRICT (H118)
Jefferson,H118,jorgensenj,12/30/2021 10:16:32.119504,9,705,21111-35-PRECINCT 118 35 DISTRICT (H118)
Jefferson,H118,pierceb,12/30/2021 10:16:32.119504,1,705,21111-35-PRECINCT 118 35 DISTRICT (H118)
Jefferson,H118,trumpd,12/30/2021 10:16:32.119504,264,705,21111-35-PRECINCT 118 35 DISTRICT (H118)
Jefferson,H118,westk,12/30/2021 10:16:32.119504,4,705,21111-35-PRECINCT 118 35 DISTRICT (H118)
Jefferson,H120,bidenj,12/30/2021 10:16:32.119504,571,1009,21111-35-PRECINCT 120 35 DISTRICT (H120)
Jefferson,H120,jorgensenj,12/30/2021 10:16:32.119504,10,1009,21111-35-PRECINCT 120 35 DISTRICT (H120)
Jefferson,H120,pierceb,12/30/2021 10:16:32.119504,3,1009,21111-35-PRECINCT 120 35 DISTRICT (H120)
Jefferson,H120,trumpd,12/30/2021 10:16:32.119504,417,1009,21111-35-PRECINCT 120 35 DISTRICT (H120)
Jefferson,H120,westk,12/30/2021 10:16:32.119504,8,1009,21111-35-PRECINCT 120 35 DISTRICT (H120)
Jefferson,H121,bidenj,12/30/2021 10:16:32.119504,231,383,21111-35-PRECINCT 121 35 DISTRICT (H121)
Jefferson,H121,jorgensenj,12/30/2021 10:16:32.119504,6,383,21111-35-PRECINCT 121 35 DISTRICT (H121)
Jefferson,H121,pierceb,12/30/2021 10:16:32.119504,2,383,21111-35-PRECINCT 121 35 DISTRICT (H121)
Jefferson,H121,trumpd,12/30/2021 10:16:32.119504,142,383,21111-35-PRECINCT 121 35 DISTRICT (H121)
Jefferson,H121,westk,12/30/2021 10:16:32.119504,2,383,21111-35-PRECINCT 121 35 DISTRICT (H121)
Jefferson,H123,bidenj,12/30/2021 10:16:32.119504,124,262,21111-35-PRECINCT 123 35 DISTRICT (H123)
Jefferson,H123,jorgensenj,12/30/2021 10:16:32.119504,6,262,21111-35-PRECINCT 123 35 DISTRICT (H123)
Jefferson,H123,pierceb,12/30/2021 10:16:32.119504,0,262,21111-35-PRECINCT 123 35 DISTRICT (H123)
Jefferson,H123,trumpd,12/30/2021 10:16:32.119504,132,262,21111-35-PRECINCT 123 35 DISTRICT (H123)
Jefferson,H123,westk,12/30/2021 10:16:32.119504,0,262,21111-35-PRECINCT 123 35 DISTRICT (H123)
Jefferson,H124,bidenj,12/30/2021 10:16:32.119504,154,197,21111-35-PRECINCT 124 35 DISTRICT (H124)
Jefferson,H124,jorgensenj,12/30/2021 10:16:32.119504,4,197,21111-35-PRECINCT 124 35 DISTRICT (H124)
Jefferson,H124,pierceb,12/30/2021 10:16:32.119504,0,197,21111-35-PRECINCT 124 35 DISTRICT (H124)
Jefferson,H124,trumpd,12/30/2021 10:16:32.119504,37,197,21111-35-PRECINCT 124 35 DISTRICT (H124)
Jefferson,H124,westk,12/30/2021 10:16:32.119504,2,197,21111-35-PRECINCT 124 35 DISTRICT (H124)
Jefferson,H125,bidenj,12/30/2021 10:16:32.119504,154,349,21111-35-PRECINCT 125 35 DISTRICT (H125)
Jefferson,H125,jorgensenj,12/30/2021 10:16:32.119504,6,349,21111-35-PRECINCT 125 35 DISTRICT (H125)
Jefferson,H125,pierceb,12/30/2021 10:16:32.119504,2,349,21111-35-PRECINCT 125 35 DISTRICT (H125)
Jefferson,H125,trumpd,12/30/2021 10:16:32.119504,187,349,21111-35-PRECINCT 125 35 DISTRICT (H125)
Jefferson,H125,westk,12/30/2021 10:16:32.119504,0,349,21111-35-PRECINCT 125 35 DISTRICT (H125)
Jefferson,H126,bidenj,12/30/2021 10:16:32.119504,212,425,21111-35-PRECINCT 126 35 DISTRICT (H126)
Jefferson,H126,jorgensenj,12/30/2021 10:16:32.119504,9,425,21111-35-PRECINCT 126 35 DISTRICT (H126)
Jefferson,H126,pierceb,12/30/2021 10:16:32.119504,0,425,21111-35-PRECINCT 126 35 DISTRICT (H126)
Jefferson,H126,trumpd,12/30/2021 10:16:32.119504,202,425,21111-35-PRECINCT 126 35 DISTRICT (H126)
Jefferson,H126,westk,12/30/2021 10:16:32.119504,2,425,21111-35-PRECINCT 126 35 DISTRICT (H126)
Jefferson,H127,bidenj,12/30/2021 10:16:32.119504,204,298,21111-35-PRECINCT 127 35 DISTRICT (H127)
Jefferson,H127,jorgensenj,12/30/2021 10:16:32.119504,3,298,21111-35-PRECINCT 127 35 DISTRICT (H127)
Jefferson,H127,pierceb,12/30/2021 10:16:32.119504,0,298,21111-35-PRECINCT 127 35 DISTRICT (H127)
Jefferson,H127,trumpd,12/30/2021 10:16:32.119504,88,298,21111-35-PRECINCT 127 35 DISTRICT (H127)
Jefferson,H127,westk,12/30/2021 10:16:32.119504,3,298,21111-35-PRECINCT 127 35 DISTRICT (H127)
Jefferson,H130,bidenj,12/30/2021 10:16:32.119504,0,0,
Jefferson,H130,jorgensenj,12/30/2021 10:16:32.119504,0,0,
Jefferson,H130,pierceb,12/30/2021 10:16:32.119504,0,0,
Jefferson,H130,trumpd,12/30/2021 10:16:32.119504,0,0,
Jefferson,H130,westk,12/30/2021 10:16:32.119504,0,0,
Jefferson,H131,bidenj,12/30/2021 10:16:32.119504,321,406,21111-35-PRECINCT 131 35 DISTRICT (H131)
Jefferson,H131,jorgensenj,12/30/2021 10:16:32.119504,4,406,21111-35-PRECINCT 131 35 DISTRICT (H131)
Jefferson,H131,pierceb,12/30/2021 10:16:32.119504,1,406,21111-35-PRECINCT 131 35 DISTRICT (H131)
Jefferson,H131,trumpd,12/30/2021 10:16:32.119504,78,406,21111-35-PRECINCT 131 35 DISTRICT (H131)
Jefferson,H131,westk,12/30/2021 10:16:32.119504,2,406,21111-35-PRECINCT 131 35 DISTRICT (H131)
Jefferson,H132,bidenj,12/30/2021 10:16:32.119504,205,239,21111-35-PRECINCT 132 35 DISTRICT (H132)
Jefferson,H132,jorgensenj,12/30/2021 10:16:32.119504,2,239,21111-35-PRECINCT 132 35 DISTRICT (H132)
Jefferson,H132,pierceb,12/30/2021 10:16:32.119504,0,239,21111-35-PRECINCT 132 35 DISTRICT (H132)
Jefferson,H132,trumpd,12/30/2021 10:16:32.119504,32,239,21111-35-PRECINCT 132 35 DISTRICT (H132)
Jefferson,H132,westk,12/30/2021 10:16:32.119504,0,239,21111-35-PRECINCT 132 35 DISTRICT (H132)
Jefferson,H133,bidenj,12/30/2021 10:16:32.119504,78,98,21111-35-PRECINCT 133 35 DISTRICT (H133)
Jefferson,H133,jorgensenj,12/30/2021 10:16:32.119504,2,98,21111-35-PRECINCT 133 35 DISTRICT (H133)
Jefferson,H133,pierceb,12/30/2021 10:16:32.119504,0,98,21111-35-PRECINCT 133 35 DISTRICT (H133)
Jefferson,H133,trumpd,12/30/2021 10:16:32.119504,18,98,21111-35-PRECINCT 133 35 DISTRICT (H133)
Jefferson,H133,westk,12/30/2021 10:16:32.119504,0,98,21111-35-PRECINCT 133 35 DISTRICT (H133)
Jefferson,H138,bidenj,12/30/2021 10:16:32.119504,658,1077,21111-35-PRECINCT 138 35 DISTRICT (H138)
Jefferson,H138,jorgensenj,12/30/2021 10:16:32.119504,16,1077,21111-35-PRECINCT 138 35 DISTRICT (H138)
Jefferson,H138,pierceb,12/30/2021 10:16:32.119504,0,1077,21111-35-PRECINCT 138 35 DISTRICT (H138)
Jefferson,H138,trumpd,12/30/2021 10:16:32.119504,397,1077,21111-35-PRECINCT 138 35 DISTRICT (H138)
Jefferson,H138,westk,12/30/2021 10:16:32.119504,6,1077,21111-35-PRECINCT 138 35 DISTRICT (H138)
Jefferson,H141,bidenj,12/30/2021 10:16:32.119504,538,761,21111-35-PRECINCT 141 35 DISTRICT (H141)
Jefferson,H141,jorgensenj,12/30/2021 10:16:32.119504,10,761,21111-35-PRECINCT 141 35 DISTRICT (H141)
Jefferson,H141,pierceb,12/30/2021 10:16:32.119504,1,761,21111-35-PRECINCT 141 35 DISTRICT (H141)
Jefferson,H141,trumpd,12/30/2021 10:16:32.119504,206,761,21111-35-PRECINCT 141 35 DISTRICT (H141)
Jefferson,H141,westk,12/30/2021 10:16:32.119504,6,761,21111-35-PRECINCT 141 35 DISTRICT (H141)
Jefferson,H144,bidenj,12/30/2021 10:16:32.119504,307,745,21111-35-PRECINCT 144 35 DISTRICT (H144)
Jefferson,H144,jorgensenj,12/30/2021 10:16:32.119504,7,745,21111-35-PRECINCT 144 35 DISTRICT (H144)
Jefferson,H144,pierceb,12/30/2021 10:16:32.119504,1,745,21111-35-PRECINCT 144 35 DISTRICT (H144)
Jefferson,H144,trumpd,12/30/2021 10:16:32.119504,423,745,21111-35-PRECINCT 144 35 DISTRICT (H144)
Jefferson,H144,westk,12/30/2021 10:16:32.119504,7,745,21111-35-PRECINCT 144 35 DISTRICT (H144)
Jefferson,H145,bidenj,12/30/2021 10:16:32.119504,194,551,21111-35-PRECINCT 145 35 DISTRICT (H145)
Jefferson,H145,jorgensenj,12/30/2021 10:16:32.119504,8,551,21111-35-PRECINCT 145 35 DISTRICT (H145)
Jefferson,H145,pierceb,12/30/2021 10:16:32.119504,0,551,21111-35-PRECINCT 145 35 DISTRICT (H145)
Jefferson,H145,trumpd,12/30/2021 10:16:32.119504,349,551,21111-35-PRECINCT 145 35 DISTRICT (H145)
Jefferson,H145,westk,12/30/2021 10:16:32.119504,0,551,21111-35-PRECINCT 145 35 DISTRICT (H145)
Jefferson,H146,bidenj,12/30/2021 10:16:32.119504,357,802,21111-35-PRECINCT 146 35 DISTRICT (H146)
Jefferson,H146,jorgensenj,12/30/2021 10:16:32.119504,8,802,21111-35-PRECINCT 146 35 DISTRICT (H146)
Jefferson,H146,pierceb,12/30/2021 10:16:32.119504,1,802,21111-35-PRECINCT 146 35 DISTRICT (H146)
Jefferson,H146,trumpd,12/30/2021 10:16:32.119504,433,802,21111-35-PRECINCT 146 35 DISTRICT (H146)
Jefferson,H146,westk,12/30/2021 10:16:32.119504,3,802,21111-35-PRECINCT 146 35 DISTRICT (H146)
Jefferson,H147,bidenj,12/30/2021 10:16:32.119504,253,562,21111-35-PRECINCT 147 35 DISTRICT (H147)
Jefferson,H147,jorgensenj,12/30/2021 10:16:32.119504,8,562,21111-35-PRECINCT 147 35 DISTRICT (H147)
Jefferson,H147,pierceb,12/30/2021 10:16:32.119504,1,562,21111-35-PRECINCT 147 35 DISTRICT (H147)
Jefferson,H147,trumpd,12/30/2021 10:16:32.119504,294,562,21111-35-PRECINCT 147 35 DISTRICT (H147)
Jefferson,H147,westk,12/30/2021 10:16:32.119504,6,562,21111-35-PRECINCT 147 35 DISTRICT (H147)
Jefferson,H148,bidenj,12/30/2021 10:16:32.119504,320,714,21111-35-PRECINCT 148 35 DISTRICT (H148)
Jefferson,H148,jorgensenj,12/30/2021 10:16:32.119504,10,714,21111-35-PRECINCT 148 35 DISTRICT (H148)
Jefferson,H148,pierceb,12/30/2021 10:16:32.119504,2,714,21111-35-PRECINCT 148 35 DISTRICT (H148)
Jefferson,H148,trumpd,12/30/2021 10:16:32.119504,380,714,21111-35-PRECINCT 148 35 DISTRICT (H148)
Jefferson,H148,westk,12/30/2021 10:16:32.119504,2,714,21111-35-PRECINCT 148 35 DISTRICT (H148)
Jefferson,H150,bidenj,12/30/2021 10:16:32.119504,0,3,21111-35-PRECINCT 150 35 DISTRICT (H150)
Jefferson,H150,jorgensenj,12/30/2021 10:16:32.119504,0,3,21111-35-PRECINCT 150 35 DISTRICT (H150)
Jefferson,H150,pierceb,12/30/2021 10:16:32.119504,0,3,21111-35-PRECINCT 150 35 DISTRICT (H150)
Jefferson,H150,trumpd,12/30/2021 10:16:32.119504,3,3,21111-35-PRECINCT 150 35 DISTRICT (H150)
Jefferson,H150,westk,12/30/2021 10:16:32.119504,0,3,21111-35-PRECINCT 150 35 DISTRICT (H150)
Jefferson,H151,bidenj,12/30/2021 10:16:32.119504,0,2,21111-35-PRECINCT 151 35 DISTRICT (H151)
Jefferson,H151,jorgensenj,12/30/2021 10:16:32.119504,0,2,21111-35-PRECINCT 151 35 DISTRICT (H151)
Jefferson,H151,pierceb,12/30/2021 10:16:32.119504,0,2,21111-35-PRECINCT 151 35 DISTRICT (H151)
Jefferson,H151,trumpd,12/30/2021 10:16:32.119504,2,2,21111-35-PRECINCT 151 35 DISTRICT (H151)
Jefferson,H151,westk,12/30/2021 10:16:32.119504,0,2,21111-35-PRECINCT 151 35 DISTRICT (H151)
Jefferson,H152,bidenj,12/30/2021 10:16:32.119504,96,128,21111-35-PRECINCT 152 35 DISTRICT (H152)
Jefferson,H152,jorgensenj,12/30/2021 10:16:32.119504,0,128,21111-35-PRECINCT 152 35 DISTRICT (H152)
Jefferson,H152,pierceb,12/30/2021 10:16:32.119504,0,128,21111-35-PRECINCT 152 35 DISTRICT (H152)
Jefferson,H152,trumpd,12/30/2021 10:16:32.119504,32,128,21111-35-PRECINCT 152 35 DISTRICT (H152)
Jefferson,H152,westk,12/30/2021 10:16:32.119504,0,128,21111-35-PRECINCT 152 35 DISTRICT (H152)
Jefferson,H153,bidenj,12/30/2021 10:16:32.119504,0,0,
Jefferson,H153,jorgensenj,12/30/2021 10:16:32.119504,0,0,
Jefferson,H153,pierceb,12/30/2021 10:16:32.119504,0,0,
Jefferson,H153,trumpd,12/30/2021 10:16:32.119504,0,0,
Jefferson,H153,westk,12/30/2021 10:16:32.119504,0,0,
Jefferson,H154,bidenj,12/30/2021 10:16:32.119504,95,201,21111-35-PRECINCT 154 35 DISTRICT (H154)
Jefferson,H154,jorgensenj,12/30/2021 10:16:32.119504,4,201,21111-35-PRECINCT 154 35 DISTRICT (H154)
Jefferson,H154,pierceb,12/30/2021 10:16:32.119504,0,201,21111-35-PRECINCT 154 35 DISTRICT (H154)
Jefferson,H154,trumpd,12/30/2021 10:16:32.119504,100,201,21111-35-PRECINCT 154 35 DISTRICT (H154)
Jefferson,H154,westk,12/30/2021 10:16:32.119504,2,201,21111-35-PRECINCT 154 35 DISTRICT (H154)
Jefferson,H155,bidenj,12/30/2021 10:16:32.119504,152,248,21111-35-PRECINCT 155 35 DISTRICT (H155)
Jefferson,H155,jorgensenj,12/30/2021 10:16:32.119504,4,248,21111-35-PRECINCT 155 35 DISTRICT (H155)
Jefferson,H155,pierceb,12/30/2021 10:16:32.119504,0,248,21111-35-PRECINCT 155 35 DISTRICT (H155)
Jefferson,H155,trumpd,12/30/2021 10:16:32.119504,90,248,21111-35-PRECINCT 155 35 DISTRICT (H155)
Jefferson,H155,westk,12/30/2021 10:16:32.119504,2,248,21111-35-PRECINCT 155 35 DISTRICT (H155)
Jefferson,H156,bidenj,12/30/2021 10:16:32.119504,0,0,
Jefferson,H156,jorgensenj,12/30/2021 10:16:32.119504,0,0,
Jefferson,H156,pierceb,12/30/2021 10:16:32.119504,0,0,
Jefferson,H156,trumpd,12/30/2021 10:16:32.119504,0,0,
Jefferson,H156,westk,12/30/2021 10:16:32.119504,0,0,
Jefferson,H157,bidenj,12/30/2021 10:16:32.119504,21,25,21111-35-PRECINCT 157 35 DISTRICT (H157)
Jefferson,H157,jorgensenj,12/30/2021 10:16:32.119504,0,25,21111-35-PRECINCT 157 35 DISTRICT (H157)
Jefferson,H157,pierceb,12/30/2021 10:16:32.119504,0,25,21111-35-PRECINCT 157 35 DISTRICT (H157)
Jefferson,H157,trumpd,12/30/2021 10:16:32.119504,4,25,21111-35-PRECINCT 157 35 DISTRICT (H157)
Jefferson,H157,westk,12/30/2021 10:16:32.119504,0,25,21111-35-PRECINCT 157 35 DISTRICT (H157)
Jefferson,H158,bidenj,12/30/2021 10:16:32.119504,0,0,
Jefferson,H158,jorgensenj,12/30/2021 10:16:32.119504,0,0,
Jefferson,H158,pierceb,12/30/2021 10:16:32.119504,0,0,
Jefferson,H158,trumpd,12/30/2021 10:16:32.119504,0,0,
Jefferson,H158,westk,12/30/2021 10:16:32.119504,0,0,
Jefferson,H159,bidenj,12/30/2021 10:16:32.119504,110,231,21111-35-PRECINCT 159 35 DISTRICT (H159)
Jefferson,H159,jorgensenj,12/30/2021 10:16:32.119504,6,231,21111-35-PRECINCT 159 35 DISTRICT (H159)
Jefferson,H159,pierceb,12/30/2021 10:16:32.119504,0,231,21111-35-PRECINCT 159 35 DISTRICT (H159)
Jefferson,H159,trumpd,12/30/2021 10:16:32.119504,114,231,21111-35-PRECINCT 159 35 DISTRICT (H159)
Jefferson,H159,westk,12/30/2021 10:16:32.119504,1,231,21111-35-PRECINCT 159 35 DISTRICT (H159)
Jefferson,H160,bidenj,12/30/2021 10:16:32.119504,655,1060,21111-35-PRECINCT 160 35 DISTRICT (H160)
Jefferson,H160,jorgensenj,12/30/2021 10:16:32.119504,19,1060,21111-35-PRECINCT 160 35 DISTRICT (H160)
Jefferson,H160,pierceb,12/30/2021 10:16:32.119504,1,1060,21111-35-PRECINCT 160 35 DISTRICT (H160)
Jefferson,H160,trumpd,12/30/2021 10:16:32.119504,380,1060,21111-35-PRECINCT 160 35 DISTRICT (H160)
Jefferson,H160,westk,12/30/2021 10:16:32.119504,5,1060,21111-35-PRECINCT 160 35 DISTRICT (H160)
Jefferson,H161,bidenj,12/30/2021 10:16:32.119504,1,2,21111-35-PRECINCT 161 35 DISTRICT (H161)
Jefferson,H161,jorgensenj,12/30/2021 10:16:32.119504,0,2,21111-35-PRECINCT 161 35 DISTRICT (H161)
Jefferson,H161,pierceb,12/30/2021 10:16:32.119504,0,2,21111-35-PRECINCT 161 35 DISTRICT (H161)
Jefferson,H161,trumpd,12/30/2021 10:16:32.119504,1,2,21111-35-PRECINCT 161 35 DISTRICT (H161)
Jefferson,H161,westk,12/30/2021 10:16:32.119504,0,2,21111-35-PRECINCT 161 35 DISTRICT (H161)
Jefferson,H162,bidenj,12/30/2021 10:16:32.119504,283,551,21111-35-PRECINCT 162 35 DISTRICT (H162)
Jefferson,H162,jorgensenj,12/30/2021 10:16:32.119504,14,551,21111-35-PRECINCT 162 35 DISTRICT (H162)
Jefferson,H162,pierceb,12/30/2021 10:16:32.119504,1,551,21111-35-PRECINCT 162 35 DISTRICT (H162)
Jefferson,H162,trumpd,12/30/2021 10:16:32.119504,253,551,21111-35-PRECINCT 162 35 DISTRICT (H162)
Jefferson,H162,westk,12/30/2021 10:16:32.119504,0,551,21111-35-PRECINCT 162 35 DISTRICT (H162)
Jefferson,I107,bidenj,12/30/2021 10:16:32.119504,429,662,21111-37-PRECINCT 107 37 DISTRICT (I107)
Jefferson,I107,jorgensenj,12/30/2021 10:16:32.119504,8,662,21111-37-PRECINCT 107 37 DISTRICT (I107)
Jefferson,I107,pierceb,12/30/2021 10:16:32.119504,2,662,21111-37-PRECINCT 107 37 DISTRICT (I107)
Jefferson,I107,trumpd,12/30/2021 10:16:32.119504,218,662,21111-37-PRECINCT 107 37 DISTRICT (I107)
Jefferson,I107,westk,12/30/2021 10:16:32.119504,5,662,21111-37-PRECINCT 107 37 DISTRICT (I107)
Jefferson,I109,bidenj,12/30/2021 10:16:32.119504,253,388,21111-37-PRECINCT 109 37 DISTRICT (I109)
Jefferson,I109,jorgensenj,12/30/2021 10:16:32.119504,10,388,21111-37-PRECINCT 109 37 DISTRICT (I109)
Jefferson,I109,pierceb,12/30/2021 10:16:32.119504,2,388,21111-37-PRECINCT 109 37 DISTRICT (I109)
Jefferson,I109,trumpd,12/30/2021 10:16:32.119504,117,388,21111-37-PRECINCT 109 37 DISTRICT (I109)
Jefferson,I109,westk,12/30/2021 10:16:32.119504,6,388,21111-37-PRECINCT 109 37 DISTRICT (I109)
Jefferson,I110,bidenj,12/30/2021 10:16:32.119504,117,187,21111-37-PRECINCT 110 37 DISTRICT (I110)
Jefferson,I110,jorgensenj,12/30/2021 10:16:32.119504,6,187,21111-37-PRECINCT 110 37 DISTRICT (I110)
Jefferson,I110,pierceb,12/30/2021 10:16:32.119504,3,187,21111-37-PRECINCT 110 37 DISTRICT (I110)
Jefferson,I110,trumpd,12/30/2021 10:16:32.119504,59,187,21111-37-PRECINCT 110 37 DISTRICT (I110)
Jefferson,I110,westk,12/30/2021 10:16:32.119504,2,187,21111-37-PRECINCT 110 37 DISTRICT (I110)
Jefferson,I111,bidenj,12/30/2021 10:16:32.119504,610,951,21111-37-PRECINCT 111 37 DISTRICT (I111)
Jefferson,I111,jorgensenj,12/30/2021 10:16:32.119504,18,951,21111-37-PRECINCT 111 37 DISTRICT (I111)
Jefferson,I111,pierceb,12/30/2021 10:16:32.119504,3,951,21111-37-PRECINCT 111 37 DISTRICT (I111)
Jefferson,I111,trumpd,12/30/2021 10:16:32.119504,313,951,21111-37-PRECINCT 111 37 DISTRICT (I111)
Jefferson,I111,westk,12/30/2021 10:16:32.119504,7,951,21111-37-PRECINCT 111 37 DISTRICT (I111)
Jefferson,I112,bidenj,12/30/2021 10:16:32.119504,456,789,21111-37-PRECINCT 112 37 DISTRICT (I112)
Jefferson,I112,jorgensenj,12/30/2021 10:16:32.119504,12,789,21111-37-PRECINCT 112 37 DISTRICT (I112)
Jefferson,I112,pierceb,12/30/2021 10:16:32.119504,2,789,21111-37-PRECINCT 112 37 DISTRICT (I112)
Jefferson,I112,trumpd,12/30/2021 10:16:32.119504,316,789,21111-37-PRECINCT 112 37 DISTRICT (I112)
Jefferson,I112,westk,12/30/2021 10:16:32.119504,3,789,21111-37-PRECINCT 112 37 DISTRICT (I112)
Jefferson,I115,bidenj,12/30/2021 10:16:32.119504,404,532,21111-37-PRECINCT 115 37 DISTRICT (I115)
Jefferson,I115,jorgensenj,12/30/2021 10:16:32.119504,4,532,21111-37-PRECINCT 115 37 DISTRICT (I115)
Jefferson,I115,pierceb,12/30/2021 10:16:32.119504,2,532,21111-37-PRECINCT 115 37 DISTRICT (I115)
Jefferson,I115,trumpd,12/30/2021 10:16:32.119504,118,532,21111-37-PRECINCT 115 37 DISTRICT (I115)
Jefferson,I115,westk,12/30/2021 10:16:32.119504,4,532,21111-37-PRECINCT 115 37 DISTRICT (I115)
Jefferson,I120,bidenj,12/30/2021 10:16:32.119504,185,348,21111-37-PRECINCT 120 37 DISTRICT (I120)
Jefferson,I120,jorgensenj,12/30/2021 10:16:32.119504,5,348,21111-37-PRECINCT 120 37 DISTRICT (I120)
Jefferson,I120,pierceb,12/30/2021 10:16:32.119504,0,348,21111-37-PRECINCT 120 37 DISTRICT (I120)
Jefferson,I120,trumpd,12/30/2021 10:16:32.119504,158,348,21111-37-PRECINCT 120 37 DISTRICT (I120)
Jefferson,I120,westk,12/30/2021 10:16:32.119504,0,348,21111-37-PRECINCT 120 37 DISTRICT (I120)
Jefferson,I122,bidenj,12/30/2021 10:16:32.119504,134,344,21111-37-PRECINCT 122 37 DISTRICT (I122)
Jefferson,I122,jorgensenj,12/30/2021 10:16:32.119504,2,344,21111-37-PRECINCT 122 37 DISTRICT (I122)
Jefferson,I122,pierceb,12/30/2021 10:16:32.119504,0,344,21111-37-PRECINCT 122 37 DISTRICT (I122)
Jefferson,I122,trumpd,12/30/2021 10:16:32.119504,207,344,21111-37-PRECINCT 122 37 DISTRICT (I122)
Jefferson,I122,westk,12/30/2021 10:16:32.119504,1,344,21111-37-PRECINCT 122 37 DISTRICT (I122)
Jefferson,I123,bidenj,12/30/2021 10:16:32.119504,492,1007,21111-37-PRECINCT 123 37 DISTRICT (I123)
Jefferson,I123,jorgensenj,12/30/2021 10:16:32.119504,12,1007,21111-37-PRECINCT 123 37 DISTRICT (I123)
Jefferson,I123,pierceb,12/30/2021 10:16:32.119504,1,1007,21111-37-PRECINCT 123 37 DISTRICT (I123)
Jefferson,I123,trumpd,12/30/2021 10:16:32.119504,498,1007,21111-37-PRECINCT 123 37 DISTRICT (I123)
Jefferson,I123,westk,12/30/2021 10:16:32.119504,4,1007,21111-37-PRECINCT 123 37 DISTRICT (I123)
Jefferson,I124,bidenj,12/30/2021 10:16:32.119504,228,472,21111-37-PRECINCT 124 37 DISTRICT (I124)
Jefferson,I124,jorgensenj,12/30/2021 10:16:32.119504,3,472,21111-37-PRECINCT 124 37 DISTRICT (I124)
Jefferson,I124,pierceb,12/30/2021 10:16:32.119504,0,472,21111-37-PRECINCT 124 37 DISTRICT (I124)
Jefferson,I124,trumpd,12/30/2021 10:16:32.119504,238,472,21111-37-PRECINCT 124 37 DISTRICT (I124)
Jefferson,I124,westk,12/30/2021 10:16:32.119504,3,472,21111-37-PRECINCT 124 37 DISTRICT (I124)
Jefferson,I125,bidenj,12/30/2021 10:16:32.119504,199,353,21111-37-PRECINCT 125 37 DISTRICT (I125)
Jefferson,I125,jorgensenj,12/30/2021 10:16:32.119504,7,353,21111-37-PRECINCT 125 37 DISTRICT (I125)
Jefferson,I125,pierceb,12/30/2021 10:16:32.119504,0,353,21111-37-PRECINCT 125 37 DISTRICT (I125)
Jefferson,I125,trumpd,12/30/2021 10:16:32.119504,145,353,21111-37-PRECINCT 125 37 DISTRICT (I125)
Jefferson,I125,westk,12/30/2021 10:16:32.119504,2,353,21111-37-PRECINCT 125 37 DISTRICT (I125)
Jefferson,I126,bidenj,12/30/2021 10:16:32.119504,204,704,21111-37-PRECINCT 126 37 DISTRICT (I126)
Jefferson,I126,jorgensenj,12/30/2021 10:16:32.119504,14,704,21111-37-PRECINCT 126 37 DISTRICT (I126)
Jefferson,I126,pierceb,12/30/2021 10:16:32.119504,0,704,21111-37-PRECINCT 126 37 DISTRICT (I126)
Jefferson,I126,trumpd,12/30/2021 10:16:32.119504,482,704,21111-37-PRECINCT 126 37 DISTRICT (I126)
Jefferson,I126,westk,12/30/2021 10:16:32.119504,4,704,21111-37-PRECINCT 126 37 DISTRICT (I126)
Jefferson,I130,bidenj,12/30/2021 10:16:32.119504,143,392,21111-37-PRECINCT 130 37 DISTRICT (I130)
Jefferson,I130,jorgensenj,12/30/2021 10:16:32.119504,4,392,21111-37-PRECINCT 130 37 DISTRICT (I130)
Jefferson,I130,pierceb,12/30/2021 10:16:32.119504,0,392,21111-37-PRECINCT 130 37 DISTRICT (I130)
Jefferson,I130,trumpd,12/30/2021 10:16:32.119504,244,392,21111-37-PRECINCT 130 37 DISTRICT (I130)
Jefferson,I130,westk,12/30/2021 10:16:32.119504,1,392,21111-37-PRECINCT 130 37 DISTRICT (I130)
Jefferson,I133,bidenj,12/30/2021 10:16:32.119504,324,1164,21111-37-PRECINCT 133 37 DISTRICT (I133)
Jefferson,I133,jorgensenj,12/30/2021 10:16:32.119504,14,1164,21111-37-PRECINCT 133 37 DISTRICT (I133)
Jefferson,I133,pierceb,12/30/2021 10:16:32.119504,0,1164,21111-37-PRECINCT 133 37 DISTRICT (I133)
Jefferson,I133,trumpd,12/30/2021 10:16:32.119504,824,1164,21111-37-PRECINCT 133 37 DISTRICT (I133)
Jefferson,I133,westk,12/30/2021 10:16:32.119504,2,1164,21111-37-PRECINCT 133 37 DISTRICT (I133)
Jefferson,I135,bidenj,12/30/2021 10:16:32.119504,125,387,21111-37-PRECINCT 135 37 DISTRICT (I135)
Jefferson,I135,jorgensenj,12/30/2021 10:16:32.119504,6,387,21111-37-PRECINCT 135 37 DISTRICT (I135)
Jefferson,I135,pierceb,12/30/2021 10:16:32.119504,2,387,21111-37-PRECINCT 135 37 DISTRICT (I135)
Jefferson,I135,trumpd,12/30/2021 10:16:32.119504,253,387,21111-37-PRECINCT 135 37 DISTRICT (I135)
Jefferson,I135,westk,12/30/2021 10:16:32.119504,1,387,21111-37-PRECINCT 135 37 DISTRICT (I135)
Jefferson,I138,bidenj,12/30/2021 10:16:32.119504,0,0,21111-37-PRECINCT 138 37 DISTRICT (I138)
Jefferson,I138,jorgensenj,12/30/2021 10:16:32.119504,0,0,21111-37-PRECINCT 138 37 DISTRICT (I138)
Jefferson,I138,pierceb,12/30/2021 10:16:32.119504,0,0,21111-37-PRECINCT 138 37 DISTRICT (I138)
Jefferson,I138,trumpd,12/30/2021 10:16:32.119504,0,0,21111-37-PRECINCT 138 37 DISTRICT (I138)
Jefferson,I138,westk,12/30/2021 10:16:32.119504,0,0,21111-37-PRECINCT 138 37 DISTRICT (I138)
Jefferson,I140,bidenj,12/30/2021 10:16:32.119504,57,86,21111-37-PRECINCT 140 37 DISTRICT (I140)
Jefferson,I140,jorgensenj,12/30/2021 10:16:32.119504,2,86,21111-37-PRECINCT 140 37 DISTRICT (I140)
Jefferson,I140,pierceb,12/30/2021 10:16:32.119504,0,86,21111-37-PRECINCT 140 37 DISTRICT (I140)
Jefferson,I140,trumpd,12/30/2021 10:16:32.119504,26,86,21111-37-PRECINCT 140 37 DISTRICT (I140)
Jefferson,I140,westk,12/30/2021 10:16:32.119504,1,86,21111-37-PRECINCT 140 37 DISTRICT (I140)
Jefferson,I141,bidenj,12/30/2021 10:16:32.119504,442,838,21111-37-PRECINCT 141 37 DISTRICT (I141)
Jefferson,I141,jorgensenj,12/30/2021 10:16:32.119504,21,838,21111-37-PRECINCT 141 37 DISTRICT (I141)
Jefferson,I141,pierceb,12/30/2021 10:16:32.119504,0,838,21111-37-PRECINCT 141 37 DISTRICT (I141)
Jefferson,I141,trumpd,12/30/2021 10:16:32.119504,373,838,21111-37-PRECINCT 141 37 DISTRICT (I141)
Jefferson,I141,westk,12/30/2021 10:16:32.119504,2,838,21111-37-PRECINCT 141 37 DISTRICT (I141)
Jefferson,I142,bidenj,12/30/2021 10:16:32.119504,0,2,21111-37-PRECINCT 142 37 DISTRICT (I142)
Jefferson,I142,jorgensenj,12/30/2021 10:16:32.119504,0,2,21111-37-PRECINCT 142 37 DISTRICT (I142)
Jefferson,I142,pierceb,12/30/2021 10:16:32.119504,0,2,21111-37-PRECINCT 142 37 DISTRICT (I142)
Jefferson,I142,trumpd,12/30/2021 10:16:32.119504,2,2,21111-37-PRECINCT 142 37 DISTRICT (I142)
Jefferson,I142,westk,12/30/2021 10:16:32.119504,0,2,21111-37-PRECINCT 142 37 DISTRICT (I142)
Jefferson,I143,bidenj,12/30/2021 10:16:32.119504,32,69,21111-37-PRECINCT 143 37 DISTRICT (I143)
Jefferson,I143,jorgensenj,12/30/2021 10:16:32.119504,1,69,21111-37-PRECINCT 143 37 DISTRICT (I143)
Jefferson,I143,pierceb,12/30/2021 10:16:32.119504,0,69,21111-37-PRECINCT 143 37 DISTRICT (I143)
Jefferson,I143,trumpd,12/30/2021 10:16:32.119504,36,69,21111-37-PRECINCT 143 37 DISTRICT (I143)
Jefferson,I143,westk,12/30/2021 10:16:32.119504,0,69,21111-37-PRECINCT 143 37 DISTRICT (I143)
Jefferson,I144,bidenj,12/30/2021 10:16:32.119504,32,89,21111-37-PRECINCT 144 37 DISTRICT (I144)
Jefferson,I144,jorgensenj,12/30/2021 10:16:32.119504,0,89,21111-37-PRECINCT 144 37 DISTRICT (I144)
Jefferson,I144,pierceb,12/30/2021 10:16:32.119504,1,89,21111-37-PRECINCT 144 37 DISTRICT (I144)
Jefferson,I144,trumpd,12/30/2021 10:16:32.119504,56,89,21111-37-PRECINCT 144 37 DISTRICT (I144)
Jefferson,I144,westk,12/30/2021 10:16:32.119504,0,89,21111-37-PRECINCT 144 37 DISTRICT (I144)
Jefferson,I145,bidenj,12/30/2021 10:16:32.119504,85,176,21111-37-PRECINCT 145 37 DISTRICT (I145)
Jefferson,I145,jorgensenj,12/30/2021 10:16:32.119504,3,176,21111-37-PRECINCT 145 37 DISTRICT (I145)
Jefferson,I145,pierceb,12/30/2021 10:16:32.119504,0,176,21111-37-PRECINCT 145 37 DISTRICT (I145)
Jefferson,I145,trumpd,12/30/2021 10:16:32.119504,85,176,21111-37-PRECINCT 145 37 DISTRICT (I145)
Jefferson,I145,westk,12/30/2021 10:16:32.119504,3,176,21111-37-PRECINCT 145 37 DISTRICT (I145)
Jefferson,I146,bidenj,12/30/2021 10:16:32.119504,325,737,21111-37-PRECINCT 146 37 DISTRICT (I146)
Jefferson,I146,jorgensenj,12/30/2021 10:16:32.119504,7,737,21111-37-PRECINCT 146 37 DISTRICT (I146)
Jefferson,I146,pierceb,12/30/2021 10:16:32.119504,2,737,21111-37-PRECINCT 146 37 DISTRICT (I146)
Jefferson,I146,trumpd,12/30/2021 10:16:32.119504,398,737,21111-37-PRECINCT 146 37 DISTRICT (I146)
Jefferson,I146,westk,12/30/2021 10:16:32.119504,5,737,21111-37-PRECINCT 146 37 DISTRICT (I146)
Jefferson,I147,bidenj,12/30/2021 10:16:32.119504,18,44,21111-37-PRECINCT 147 37 DISTRICT (I147)
Jefferson,I147,jorgensenj,12/30/2021 10:16:32.119504,1,44,21111-37-PRECINCT 147 37 DISTRICT (I147)
Jefferson,I147,pierceb,12/30/2021 10:16:32.119504,0,44,21111-37-PRECINCT 147 37 DISTRICT (I147)
Jefferson,I147,trumpd,12/30/2021 10:16:32.119504,25,44,21111-37-PRECINCT 147 37 DISTRICT (I147)
Jefferson,I147,westk,12/30/2021 10:16:32.119504,0,44,21111-37-PRECINCT 147 37 DISTRICT (I147)
Jefferson,I148,bidenj,12/30/2021 10:16:32.119504,345,610,21111-37-PRECINCT 148 37 DISTRICT (I148)
Jefferson,I148,jorgensenj,12/30/2021 10:16:32.119504,11,610,21111-37-PRECINCT 148 37 DISTRICT (I148)
Jefferson,I148,pierceb,12/30/2021 10:16:32.119504,2,610,21111-37-PRECINCT 148 37 DISTRICT (I148)
Jefferson,I148,trumpd,12/30/2021 10:16:32.119504,248,610,21111-37-PRECINCT 148 37 DISTRICT (I148)
Jefferson,I148,westk,12/30/2021 10:16:32.119504,4,610,21111-37-PRECINCT 148 37 DISTRICT (I148)
Jefferson,I149,bidenj,12/30/2021 10:16:32.119504,0,0,
Jefferson,I149,jorgensenj,12/30/2021 10:16:32.119504,0,0,
Jefferson,I149,pierceb,12/30/2021 10:16:32.119504,0,0,
Jefferson,I149,trumpd,12/30/2021 10:16:32.119504,0,0,
Jefferson,I149,westk,12/30/2021 10:16:32.119504,0,0,
Jefferson,I150,bidenj,12/30/2021 10:16:32.119504,54,82,21111-37-PRECINCT 150 37 DISTRICT (I150)
Jefferson,I150,jorgensenj,12/30/2021 10:16:32.119504,0,82,21111-37-PRECINCT 150 37 DISTRICT (I150)
Jefferson,I150,pierceb,12/30/2021 10:16:32.119504,0,82,21111-37-PRECINCT 150 37 DISTRICT (I150)
Jefferson,I150,trumpd,12/30/2021 10:16:32.119504,28,82,21111-37-PRECINCT 150 37 DISTRICT (I150)
Jefferson,I150,westk,12/30/2021 10:16:32.119504,0,82,21111-37-PRECINCT 150 37 DISTRICT (I150)
Jefferson,I151,bidenj,12/30/2021 10:16:32.119504,451,846,21111-37-PRECINCT 151 37 DISTRICT (I151)
Jefferson,I151,jorgensenj,12/30/2021 10:16:32.119504,10,846,21111-37-PRECINCT 151 37 DISTRICT (I151)
Jefferson,I151,pierceb,12/30/2021 10:16:32.119504,3,846,21111-37-PRECINCT 151 37 DISTRICT (I151)
Jefferson,I151,trumpd,12/30/2021 10:16:32.119504,373,846,21111-37-PRECINCT 151 37 DISTRICT (I151)
Jefferson,I151,westk,12/30/2021 10:16:32.119504,9,846,21111-37-PRECINCT 151 37 DISTRICT (I151)
Jefferson,I152,bidenj,12/30/2021 10:16:32.119504,434,969,21111-37-PRECINCT 152 37 DISTRICT (I152)
Jefferson,I152,jorgensenj,12/30/2021 10:16:32.119504,13,969,21111-37-PRECINCT 152 37 DISTRICT (I152)
Jefferson,I152,pierceb,12/30/2021 10:16:32.119504,3,969,21111-37-PRECINCT 152 37 DISTRICT (I152)
Jefferson,I152,trumpd,12/30/2021 10:16:32.119504,517,969,21111-37-PRECINCT 152 37 DISTRICT (I152)
Jefferson,I152,westk,12/30/2021 10:16:32.119504,2,969,21111-37-PRECINCT 152 37 DISTRICT (I152)
Jefferson,I153,bidenj,12/30/2021 10:16:32.119504,625,1309,21111-37-PRECINCT 153 37 DISTRICT (I153)
Jefferson,I153,jorgensenj,12/30/2021 10:16:32.119504,23,1309,21111-37-PRECINCT 153 37 DISTRICT (I153)
Jefferson,I153,pierceb,12/30/2021 10:16:32.119504,1,1309,21111-37-PRECINCT 153 37 DISTRICT (I153)
Jefferson,I153,trumpd,12/30/2021 10:16:32.119504,655,1309,21111-37-PRECINCT 153 37 DISTRICT (I153)
Jefferson,I153,westk,12/30/2021 10:16:32.119504,5,1309,21111-37-PRECINCT 153 37 DISTRICT (I153)
Jefferson,I154,bidenj,12/30/2021 10:16:32.119504,721,1298,21111-37-PRECINCT 154 37 DISTRICT (I154)
Jefferson,I154,jorgensenj,12/30/2021 10:16:32.119504,20,1298,21111-37-PRECINCT 154 37 DISTRICT (I154)
Jefferson,I154,pierceb,12/30/2021 10:16:32.119504,6,1298,21111-37-PRECINCT 154 37 DISTRICT (I154)
Jefferson,I154,trumpd,12/30/2021 10:16:32.119504,538,1298,21111-37-PRECINCT 154 37 DISTRICT (I154)
Jefferson,I154,westk,12/30/2021 10:16:32.119504,13,1298,21111-37-PRECINCT 154 37 DISTRICT (I154)
Jefferson,I155,bidenj,12/30/2021 10:16:32.119504,9,44,21111-37-PRECINCT 155 37 DISTRICT (I155)
Jefferson,I155,jorgensenj,12/30/2021 10:16:32.119504,0,44,21111-37-PRECINCT 155 37 DISTRICT (I155)
Jefferson,I155,pierceb,12/30/2021 10:16:32.119504,0,44,21111-37-PRECINCT 155 37 DISTRICT (I155)
Jefferson,I155,trumpd,12/30/2021 10:16:32.119504,35,44,21111-37-PRECINCT 155 37 DISTRICT (I155)
Jefferson,I155,westk,12/30/2021 10:16:32.119504,0,44,21111-37-PRECINCT 155 37 DISTRICT (I155)
Jefferson,I156,bidenj,12/30/2021 10:16:32.119504,143,325,21111-37-PRECINCT 156 37 DISTRICT (I156)
Jefferson,I156,jorgensenj,12/30/2021 10:16:32.119504,3,325,21111-37-PRECINCT 156 37 DISTRICT (I156)
Jefferson,I156,pierceb,12/30/2021 10:16:32.119504,1,325,21111-37-PRECINCT 156 37 DISTRICT (I156)
Jefferson,I156,trumpd,12/30/2021 10:16:32.119504,175,325,21111-37-PRECINCT 156 37 DISTRICT (I156)
Jefferson,I156,westk,12/30/2021 10:16:32.119504,3,325,21111-37-PRECINCT 156 37 DISTRICT (I156)
Jefferson,J101,bidenj,12/30/2021 10:16:32.119504,408,586,21111-38-PRECINCT 101 38 DISTRICT (J101)
Jefferson,J101,jorgensenj,12/30/2021 10:16:32.119504,10,586,21111-38-PRECINCT 101 38 DISTRICT (J101)
Jefferson,J101,pierceb,12/30/2021 10:16:32.119504,4,586,21111-38-PRECINCT 101 38 DISTRICT (J101)
Jefferson,J101,trumpd,12/30/2021 10:16:32.119504,161,586,21111-38-PRECINCT 101 38 DISTRICT (J101)
Jefferson,J101,westk,12/30/2021 10:16:32.119504,3,586,21111-38-PRECINCT 101 38 DISTRICT (J101)
Jefferson,J104,bidenj,12/30/2021 10:16:32.119504,585,831,21111-38-PRECINCT 104 38 DISTRICT (J104)
Jefferson,J104,jorgensenj,12/30/2021 10:16:32.119504,7,831,21111-38-PRECINCT 104 38 DISTRICT (J104)
Jefferson,J104,pierceb,12/30/2021 10:16:32.119504,4,831,21111-38-PRECINCT 104 38 DISTRICT (J104)
Jefferson,J104,trumpd,12/30/2021 10:16:32.119504,225,831,21111-38-PRECINCT 104 38 DISTRICT (J104)
Jefferson,J104,westk,12/30/2021 10:16:32.119504,10,831,21111-38-PRECINCT 104 38 DISTRICT (J104)
Jefferson,J105,bidenj,12/30/2021 10:16:32.119504,239,420,21111-38-PRECINCT 105 38 DISTRICT (J105)
Jefferson,J105,jorgensenj,12/30/2021 10:16:32.119504,3,420,21111-38-PRECINCT 105 38 DISTRICT (J105)
Jefferson,J105,pierceb,12/30/2021 10:16:32.119504,0,420,21111-38-PRECINCT 105 38 DISTRICT (J105)
Jefferson,J105,trumpd,12/30/2021 10:16:32.119504,177,420,21111-38-PRECINCT 105 38 DISTRICT (J105)
Jefferson,J105,westk,12/30/2021 10:16:32.119504,1,420,21111-38-PRECINCT 105 38 DISTRICT (J105)
Jefferson,J107,bidenj,12/30/2021 10:16:32.119504,342,506,21111-38-PRECINCT 107 38 DISTRICT (J107)
Jefferson,J107,jorgensenj,12/30/2021 10:16:32.119504,5,506,21111-38-PRECINCT 107 38 DISTRICT (J107)
Jefferson,J107,pierceb,12/30/2021 10:16:32.119504,1,506,21111-38-PRECINCT 107 38 DISTRICT (J107)
Jefferson,J107,trumpd,12/30/2021 10:16:32.119504,152,506,21111-38-PRECINCT 107 38 DISTRICT (J107)
Jefferson,J107,westk,12/30/2021 10:16:32.119504,6,506,21111-38-PRECINCT 107 38 DISTRICT (J107)
Jefferson,J108,bidenj,12/30/2021 10:16:32.119504,499,844,21111-38-PRECINCT 108 38 DISTRICT (J108)
Jefferson,J108,jorgensenj,12/30/2021 10:16:32.119504,14,844,21111-38-PRECINCT 108 38 DISTRICT (J108)
Jefferson,J108,pierceb,12/30/2021 10:16:32.119504,4,844,21111-38-PRECINCT 108 38 DISTRICT (J108)
Jefferson,J108,trumpd,12/30/2021 10:16:32.119504,321,844,21111-38-PRECINCT 108 38 DISTRICT (J108)
Jefferson,J108,westk,12/30/2021 10:16:32.119504,6,844,21111-38-PRECINCT 108 38 DISTRICT (J108)
Jefferson,J111,bidenj,12/30/2021 10:16:32.119504,361,569,21111-38-PRECINCT 111 38 DISTRICT (J111)
Jefferson,J111,jorgensenj,12/30/2021 10:16:32.119504,6,569,21111-38-PRECINCT 111 38 DISTRICT (J111)
Jefferson,J111,pierceb,12/30/2021 10:16:32.119504,1,569,21111-38-PRECINCT 111 38 DISTRICT (J111)
Jefferson,J111,trumpd,12/30/2021 10:16:32.119504,196,569,21111-38-PRECINCT 111 38 DISTRICT (J111)
Jefferson,J111,westk,12/30/2021 10:16:32.119504,5,569,21111-38-PRECINCT 111 38 DISTRICT (J111)
Jefferson,J113,bidenj,12/30/2021 10:16:32.119504,477,861,21111-38-PRECINCT 113 38 DISTRICT (J113)
Jefferson,J113,jorgensenj,12/30/2021 10:16:32.119504,10,861,21111-38-PRECINCT 113 38 DISTRICT (J113)
Jefferson,J113,pierceb,12/30/2021 10:16:32.119504,2,861,21111-38-PRECINCT 113 38 DISTRICT (J113)
Jefferson,J113,trumpd,12/30/2021 10:16:32.119504,366,861,21111-38-PRECINCT 113 38 DISTRICT (J113)
Jefferson,J113,westk,12/30/2021 10:16:32.119504,6,861,21111-38-PRECINCT 113 38 DISTRICT (J113)
Jefferson,J114,bidenj,12/30/2021 10:16:32.119504,564,975,21111-38-PRECINCT 114 38 DISTRICT (J114)
Jefferson,J114,jorgensenj,12/30/2021 10:16:32.119504,12,975,21111-38-PRECINCT 114 38 DISTRICT (J114)
Jefferson,J114,pierceb,12/30/2021 10:16:32.119504,1,975,21111-38-PRECINCT 114 38 DISTRICT (J114)
Jefferson,J114,trumpd,12/30/2021 10:16:32.119504,395,975,21111-38-PRECINCT 114 38 DISTRICT (J114)
Jefferson,J114,westk,12/30/2021 10:16:32.119504,3,975,21111-38-PRECINCT 114 38 DISTRICT (J114)
Jefferson,J117,bidenj,12/30/2021 10:16:32.119504,225,443,21111-38-PRECINCT 117 38 DISTRICT (J117)
Jefferson,J117,jorgensenj,12/30/2021 10:16:32.119504,2,443,21111-38-PRECINCT 117 38 DISTRICT (J117)
Jefferson,J117,pierceb,12/30/2021 10:16:32.119504,0,443,21111-38-PRECINCT 117 38 DISTRICT (J117)
Jefferson,J117,trumpd,12/30/2021 10:16:32.119504,213,443,21111-38-PRECINCT 117 38 DISTRICT (J117)
Jefferson,J117,westk,12/30/2021 10:16:32.119504,3,443,21111-38-PRECINCT 117 38 DISTRICT (J117)
Jefferson,J119,bidenj,12/30/2021 10:16:32.119504,293,584,21111-38-PRECINCT 119 38 DISTRICT (J119)
Jefferson,J119,jorgensenj,12/30/2021 10:16:32.119504,5,584,21111-38-PRECINCT 119 38 DISTRICT (J119)
Jefferson,J119,pierceb,12/30/2021 10:16:32.119504,0,584,21111-38-PRECINCT 119 38 DISTRICT (J119)
Jefferson,J119,trumpd,12/30/2021 10:16:32.119504,284,584,21111-38-PRECINCT 119 38 DISTRICT (J119)
Jefferson,J119,westk,12/30/2021 10:16:32.119504,2,584,21111-38-PRECINCT 119 38 DISTRICT (J119)
Jefferson,J120,bidenj,12/30/2021 10:16:32.119504,358,719,21111-38-PRECINCT 120 38 DISTRICT (J120)
Jefferson,J120,jorgensenj,12/30/2021 10:16:32.119504,11,719,21111-38-PRECINCT 120 38 DISTRICT (J120)
Jefferson,J120,pierceb,12/30/2021 10:16:32.119504,3,719,21111-38-PRECINCT 120 38 DISTRICT (J120)
Jefferson,J120,trumpd,12/30/2021 10:16:32.119504,346,719,21111-38-PRECINCT 120 38 DISTRICT (J120)
Jefferson,J120,westk,12/30/2021 10:16:32.119504,1,719,21111-38-PRECINCT 120 38 DISTRICT (J120)
Jefferson,J122,bidenj,12/30/2021 10:16:32.119504,318,617,21111-38-PRECINCT 122 38 DISTRICT (J122)
Jefferson,J122,jorgensenj,12/30/2021 10:16:32.119504,3,617,21111-38-PRECINCT 122 38 DISTRICT (J122)
Jefferson,J122,pierceb,12/30/2021 10:16:32.119504,1,617,21111-38-PRECINCT 122 38 DISTRICT (J122)
Jefferson,J122,trumpd,12/30/2021 10:16:32.119504,294,617,21111-38-PRECINCT 122 38 DISTRICT (J122)
Jefferson,J122,westk,12/30/2021 10:16:32.119504,1,617,21111-38-PRECINCT 122 38 DISTRICT (J122)
Jefferson,J123,bidenj,12/30/2021 10:16:32.119504,200,410,21111-38-PRECINCT 123 38 DISTRICT (J123)
Jefferson,J123,jorgensenj,12/30/2021 10:16:32.119504,14,410,21111-38-PRECINCT 123 38 DISTRICT (J123)
Jefferson,J123,pierceb,12/30/2021 10:16:32.119504,0,410,21111-38-PRECINCT 123 38 DISTRICT (J123)
Jefferson,J123,trumpd,12/30/2021 10:16:32.119504,195,410,21111-38-PRECINCT 123 38 DISTRICT (J123)
Jefferson,J123,westk,12/30/2021 10:16:32.119504,1,410,21111-38-PRECINCT 123 38 DISTRICT (J123)
Jefferson,J130,bidenj,12/30/2021 10:16:32.119504,127,204,21111-38-PRECINCT 130 38 DISTRICT (J130)
Jefferson,J130,jorgensenj,12/30/2021 10:16:32.119504,3,204,21111-38-PRECINCT 130 38 DISTRICT (J130)
Jefferson,J130,pierceb,12/30/2021 10:16:32.119504,1,204,21111-38-PRECINCT 130 38 DISTRICT (J130)
Jefferson,J130,trumpd,12/30/2021 10:16:32.119504,72,204,21111-38-PRECINCT 130 38 DISTRICT (J130)
Jefferson,J130,westk,12/30/2021 10:16:32.119504,1,204,21111-38-PRECINCT 130 38 DISTRICT (J130)
Jefferson,J135,bidenj,12/30/2021 10:16:32.119504,366,819,21111-38-PRECINCT 135 38 DISTRICT (J135)
Jefferson,J135,jorgensenj,12/30/2021 10:16:32.119504,11,819,21111-38-PRECINCT 135 38 DISTRICT (J135)
Jefferson,J135,pierceb,12/30/2021 10:16:32.119504,1,819,21111-38-PRECINCT 135 38 DISTRICT (J135)
Jefferson,J135,trumpd,12/30/2021 10:16:32.119504,435,819,21111-38-PRECINCT 135 38 DISTRICT (J135)
Jefferson,J135,westk,12/30/2021 10:16:32.119504,6,819,21111-38-PRECINCT 135 38 DISTRICT (J135)
Jefferson,J137,bidenj,12/30/2021 10:16:32.119504,266,662,21111-38-PRECINCT 137 38 DISTRICT (J137)
Jefferson,J137,jorgensenj,12/30/2021 10:16:32.119504,6,662,21111-38-PRECINCT 137 38 DISTRICT (J137)
Jefferson,J137,pierceb,12/30/2021 10:16:32.119504,1,662,21111-38-PRECINCT 137 38 DISTRICT (J137)
Jefferson,J137,trumpd,12/30/2021 10:16:32.119504,386,662,21111-38-PRECINCT 137 38 DISTRICT (J137)
Jefferson,J137,westk,12/30/2021 10:16:32.119504,3,662,21111-38-PRECINCT 137 38 DISTRICT (J137)
Jefferson,J138,bidenj,12/30/2021 10:16:32.119504,97,239,21111-38-PRECINCT 138 38 DISTRICT (J138)
Jefferson,J138,jorgensenj,12/30/2021 10:16:32.119504,4,239,21111-38-PRECINCT 138 38 DISTRICT (J138)
Jefferson,J138,pierceb,12/30/2021 10:16:32.119504,0,239,21111-38-PRECINCT 138 38 DISTRICT (J138)
Jefferson,J138,trumpd,12/30/2021 10:16:32.119504,137,239,21111-38-PRECINCT 138 38 DISTRICT (J138)
Jefferson,J138,westk,12/30/2021 10:16:32.119504,1,239,21111-38-PRECINCT 138 38 DISTRICT (J138)
Jefferson,J140,bidenj,12/30/2021 10:16:32.119504,161,245,21111-38-PRECINCT 140 38 DISTRICT (J140)
Jefferson,J140,jorgensenj,12/30/2021 10:16:32.119504,7,245,21111-38-PRECINCT 140 38 DISTRICT (J140)
Jefferson,J140,pierceb,12/30/2021 10:16:32.119504,0,245,21111-38-PRECINCT 140 38 DISTRICT (J140)
Jefferson,J140,trumpd,12/30/2021 10:16:32.119504,77,245,21111-38-PRECINCT 140 38 DISTRICT (J140)
Jefferson,J140,westk,12/30/2021 10:16:32.119504,0,245,21111-38-PRECINCT 140 38 DISTRICT (J140)
Jefferson,J141,bidenj,12/30/2021 10:16:32.119504,178,506,21111-38-PRECINCT 141 38 DISTRICT (J141)
Jefferson,J141,jorgensenj,12/30/2021 10:16:32.119504,8,506,21111-38-PRECINCT 141 38 DISTRICT (J141)
Jefferson,J141,pierceb,12/30/2021 10:16:32.119504,0,506,21111-38-PRECINCT 141 38 DISTRICT (J141)
Jefferson,J141,trumpd,12/30/2021 10:16:32.119504,319,506,21111-38-PRECINCT 141 38 DISTRICT (J141)
Jefferson,J141,westk,12/30/2021 10:16:32.119504,1,506,21111-38-PRECINCT 141 38 DISTRICT (J141)
Jefferson,J142,bidenj,12/30/2021 10:16:32.119504,3,3,21111-38-PRECINCT 142 38 DISTRICT (J142)
Jefferson,J142,jorgensenj,12/30/2021 10:16:32.119504,0,3,21111-38-PRECINCT 142 38 DISTRICT (J142)
Jefferson,J142,pierceb,12/30/2021 10:16:32.119504,0,3,21111-38-PRECINCT 142 38 DISTRICT (J142)
Jefferson,J142,trumpd,12/30/2021 10:16:32.119504,0,3,21111-38-PRECINCT 142 38 DISTRICT (J142)
Jefferson,J142,westk,12/30/2021 10:16:32.119504,0,3,21111-38-PRECINCT 142 38 DISTRICT (J142)
Jefferson,J143,bidenj,12/30/2021 10:16:32.119504,30,81,21111-38-PRECINCT 143 38 DISTRICT (J143)
Jefferson,J143,jorgensenj,12/30/2021 10:16:32.119504,0,81,21111-38-PRECINCT 143 38 DISTRICT (J143)
Jefferson,J143,pierceb,12/30/2021 10:16:32.119504,0,81,21111-38-PRECINCT 143 38 DISTRICT (J143)
Jefferson,J143,trumpd,12/30/2021 10:16:32.119504,51,81,21111-38-PRECINCT 143 38 DISTRICT (J143)
Jefferson,J143,westk,12/30/2021 10:16:32.119504,0,81,21111-38-PRECINCT 143 38 DISTRICT (J143)
Jefferson,J144,bidenj,12/30/2021 10:16:32.119504,232,637,21111-38-PRECINCT 144 38 DISTRICT (J144)
Jefferson,J144,jorgensenj,12/30/2021 10:16:32.119504,6,637,21111-38-PRECINCT 144 38 DISTRICT (J144)
Jefferson,J144,pierceb,12/30/2021 10:16:32.119504,2,637,21111-38-PRECINCT 144 38 DISTRICT (J144)
Jefferson,J144,trumpd,12/30/2021 10:16:32.119504,395,637,21111-38-PRECINCT 144 38 DISTRICT (J144)
Jefferson,J144,westk,12/30/2021 10:16:32.119504,2,637,21111-38-PRECINCT 144 38 DISTRICT (J144)
Jefferson,J145,bidenj,12/30/2021 10:16:32.119504,291,800,21111-38-PRECINCT 145 38 DISTRICT (J145)
Jefferson,J145,jorgensenj,12/30/2021 10:16:32.119504,4,800,21111-38-PRECINCT 145 38 DISTRICT (J145)
Jefferson,J145,pierceb,12/30/2021 10:16:32.119504,0,800,21111-38-PRECINCT 145 38 DISTRICT (J145)
Jefferson,J145,trumpd,12/30/2021 10:16:32.119504,502,800,21111-38-PRECINCT 145 38 DISTRICT (J145)
Jefferson,J145,westk,12/30/2021 10:16:32.119504,3,800,21111-38-PRECINCT 145 38 DISTRICT (J145)
Jefferson,J146,bidenj,12/30/2021 10:16:32.119504,0,0,
Jefferson,J146,jorgensenj,12/30/2021 10:16:32.119504,0,0,
Jefferson,J146,pierceb,12/30/2021 10:16:32.119504,0,0,
Jefferson,J146,trumpd,12/30/2021 10:16:32.119504,0,0,
Jefferson,J146,westk,12/30/2021 10:16:32.119504,0,0,
Jefferson,J147,bidenj,12/30/2021 10:16:32.119504,389,629,21111-38-PRECINCT 147 38 DISTRICT (J147)
Jefferson,J147,jorgensenj,12/30/2021 10:16:32.119504,15,629,21111-38-PRECINCT 147 38 DISTRICT (J147)
Jefferson,J147,pierceb,12/30/2021 10:16:32.119504,5,629,21111-38-PRECINCT 147 38 DISTRICT (J147)
Jefferson,J147,trumpd,12/30/2021 10:16:32.119504,218,629,21111-38-PRECINCT 147 38 DISTRICT (J147)
Jefferson,J147,westk,12/30/2021 10:16:32.119504,2,629,21111-38-PRECINCT 147 38 DISTRICT (J147)
Jefferson,J148,bidenj,12/30/2021 10:16:32.119504,447,733,21111-38-PRECINCT 148 38 DISTRICT (J148)
Jefferson,J148,jorgensenj,12/30/2021 10:16:32.119504,8,733,21111-38-PRECINCT 148 38 DISTRICT (J148)
Jefferson,J148,pierceb,12/30/2021 10:16:32.119504,2,733,21111-38-PRECINCT 148 38 DISTRICT (J148)
Jefferson,J148,trumpd,12/30/2021 10:16:32.119504,270,733,21111-38-PRECINCT 148 38 DISTRICT (J148)
Jefferson,J148,westk,12/30/2021 10:16:32.119504,6,733,21111-38-PRECINCT 148 38 DISTRICT (J148)
Jefferson,J149,bidenj,12/30/2021 10:16:32.119504,391,594,21111-38-PRECINCT 149 38 DISTRICT (J149)
Jefferson,J149,jorgensenj,12/30/2021 10:16:32.119504,5,594,21111-38-PRECINCT 149 38 DISTRICT (J149)
Jefferson,J149,pierceb,12/30/2021 10:16:32.119504,4,594,21111-38-PRECINCT 149 38 DISTRICT (J149)
Jefferson,J149,trumpd,12/30/2021 10:16:32.119504,192,594,21111-38-PRECINCT 149 38 DISTRICT (J149)
Jefferson,J149,westk,12/30/2021 10:16:32.119504,2,594,21111-38-PRECINCT 149 38 DISTRICT (J149)
Jefferson,J150,bidenj,12/30/2021 10:16:32.119504,265,443,21111-38-PRECINCT 150 38 DISTRICT (J150)
Jefferson,J150,jorgensenj,12/30/2021 10:16:32.119504,3,443,21111-38-PRECINCT 150 38 DISTRICT (J150)
Jefferson,J150,pierceb,12/30/2021 10:16:32.119504,0,443,21111-38-PRECINCT 150 38 DISTRICT (J150)
Jefferson,J150,trumpd,12/30/2021 10:16:32.119504,174,443,21111-38-PRECINCT 150 38 DISTRICT (J150)
Jefferson,J150,westk,12/30/2021 10:16:32.119504,1,443,21111-38-PRECINCT 150 38 DISTRICT (J150)
Jefferson,J151,bidenj,12/30/2021 10:16:32.119504,11,18,21111-38-PRECINCT 151 38 DISTRICT (J151)
Jefferson,J151,jorgensenj,12/30/2021 10:16:32.119504,0,18,21111-38-PRECINCT 151 38 DISTRICT (J151)
Jefferson,J151,pierceb,12/30/2021 10:16:32.119504,0,18,21111-38-PRECINCT 151 38 DISTRICT (J151)
Jefferson,J151,trumpd,12/30/2021 10:16:32.119504,7,18,21111-38-PRECINCT 151 38 DISTRICT (J151)
Jefferson,J151,westk,12/30/2021 10:16:32.119504,0,18,21111-38-PRECINCT 151 38 DISTRICT (J151)
Jefferson,J152,bidenj,12/30/2021 10:16:32.119504,158,516,21111-38-PRECINCT 152 38 DISTRICT (J152)
Jefferson,J152,jorgensenj,12/30/2021 10:16:32.119504,2,516,21111-38-PRECINCT 152 38 DISTRICT (J152)
Jefferson,J152,pierceb,12/30/2021 10:16:32.119504,0,516,21111-38-PRECINCT 152 38 DISTRICT (J152)
Jefferson,J152,trumpd,12/30/2021 10:16:32.119504,353,516,21111-38-PRECINCT 152 38 DISTRICT (J152)
Jefferson,J152,westk,12/30/2021 10:16:32.119504,3,516,21111-38-PRECINCT 152 38 DISTRICT (J152)
Jefferson,J153,bidenj,12/30/2021 10:16:32.119504,70,240,21111-38-PRECINCT 153 38 DISTRICT (J153)
Jefferson,J153,jorgensenj,12/30/2021 10:16:32.119504,4,240,21111-38-PRECINCT 153 38 DISTRICT (J153)
Jefferson,J153,pierceb,12/30/2021 10:16:32.119504,0,240,21111-38-PRECINCT 153 38 DISTRICT (J153)
Jefferson,J153,trumpd,12/30/2021 10:16:32.119504,165,240,21111-38-PRECINCT 153 38 DISTRICT (J153)
Jefferson,J153,westk,12/30/2021 10:16:32.119504,1,240,21111-38-PRECINCT 153 38 DISTRICT (J153)
Jefferson,J154,bidenj,12/30/2021 10:16:32.119504,0,0,
Jefferson,J154,jorgensenj,12/30/2021 10:16:32.119504,0,0,
Jefferson,J154,pierceb,12/30/2021 10:16:32.119504,0,0,
Jefferson,J154,trumpd,12/30/2021 10:16:32.119504,0,0,
Jefferson,J154,westk,12/30/2021 10:16:32.119504,0,0,
Jefferson,J155,bidenj,12/30/2021 10:16:32.119504,64,259,21111-38-PRECINCT 155 38 DISTRICT (J155)
Jefferson,J155,jorgensenj,12/30/2021 10:16:32.119504,5,259,21111-38-PRECINCT 155 38 DISTRICT (J155)
Jefferson,J155,pierceb,12/30/2021 10:16:32.119504,0,259,21111-38-PRECINCT 155 38 DISTRICT (J155)
Jefferson,J155,trumpd,12/30/2021 10:16:32.119504,190,259,21111-38-PRECINCT 155 38 DISTRICT (J155)
Jefferson,J155,westk,12/30/2021 10:16:32.119504,0,259,21111-38-PRECINCT 155 38 DISTRICT (J155)
Jefferson,K104,bidenj,12/30/2021 10:16:32.119504,258,320,21111-40-PRECINCT 104 40 DISTRICT (K104)
Jefferson,K104,jorgensenj,12/30/2021 10:16:32.119504,5,320,21111-40-PRECINCT 104 40 DISTRICT (K104)
Jefferson,K104,pierceb,12/30/2021 10:16:32.119504,0,320,21111-40-PRECINCT 104 40 DISTRICT (K104)
Jefferson,K104,trumpd,12/30/2021 10:16:32.119504,56,320,21111-40-PRECINCT 104 40 DISTRICT (K104)
Jefferson,K104,westk,12/30/2021 10:16:32.119504,1,320,21111-40-PRECINCT 104 40 DISTRICT (K104)
Jefferson,K105,bidenj,12/30/2021 10:16:32.119504,621,703,21111-40-PRECINCT 105 40 DISTRICT (K105)
Jefferson,K105,jorgensenj,12/30/2021 10:16:32.119504,9,703,21111-40-PRECINCT 105 40 DISTRICT (K105)
Jefferson,K105,pierceb,12/30/2021 10:16:32.119504,0,703,21111-40-PRECINCT 105 40 DISTRICT (K105)
Jefferson,K105,trumpd,12/30/2021 10:16:32.119504,70,703,21111-40-PRECINCT 105 40 DISTRICT (K105)
Jefferson,K105,westk,12/30/2021 10:16:32.119504,3,703,21111-40-PRECINCT 105 40 DISTRICT (K105)
Jefferson,K110,bidenj,12/30/2021 10:16:32.119504,295,385,21111-40-PRECINCT 110 40 DISTRICT (K110)
Jefferson,K110,jorgensenj,12/30/2021 10:16:32.119504,3,385,21111-40-PRECINCT 110 40 DISTRICT (K110)
Jefferson,K110,pierceb,12/30/2021 10:16:32.119504,0,385,21111-40-PRECINCT 110 40 DISTRICT (K110)
Jefferson,K110,trumpd,12/30/2021 10:16:32.119504,83,385,21111-40-PRECINCT 110 40 DISTRICT (K110)
Jefferson,K110,westk,12/30/2021 10:16:32.119504,4,385,21111-40-PRECINCT 110 40 DISTRICT (K110)
Jefferson,K111,bidenj,12/30/2021 10:16:32.119504,187,263,21111-40-PRECINCT 111 40 DISTRICT (K111)
Jefferson,K111,jorgensenj,12/30/2021 10:16:32.119504,4,263,21111-40-PRECINCT 111 40 DISTRICT (K111)
Jefferson,K111,pierceb,12/30/2021 10:16:32.119504,1,263,21111-40-PRECINCT 111 40 DISTRICT (K111)
Jefferson,K111,trumpd,12/30/2021 10:16:32.119504,66,263,21111-40-PRECINCT 111 40 DISTRICT (K111)
Jefferson,K111,westk,12/30/2021 10:16:32.119504,5,263,21111-40-PRECINCT 111 40 DISTRICT (K111)
Jefferson,K112,bidenj,12/30/2021 10:16:32.119504,309,400,21111-40-PRECINCT 112 40 DISTRICT (K112)
Jefferson,K112,jorgensenj,12/30/2021 10:16:32.119504,7,400,21111-40-PRECINCT 112 40 DISTRICT (K112)
Jefferson,K112,pierceb,12/30/2021 10:16:32.119504,0,400,21111-40-PRECINCT 112 40 DISTRICT (K112)
Jefferson,K112,trumpd,12/30/2021 10:16:32.119504,82,400,21111-40-PRECINCT 112 40 DISTRICT (K112)
Jefferson,K112,westk,12/30/2021 10:16:32.119504,2,400,21111-40-PRECINCT 112 40 DISTRICT (K112)
Jefferson,K113,bidenj,12/30/2021 10:16:32.119504,164,228,21111-40-PRECINCT 113 40 DISTRICT (K113)
Jefferson,K113,jorgensenj,12/30/2021 10:16:32.119504,6,228,21111-40-PRECINCT 113 40 DISTRICT (K113)
Jefferson,K113,pierceb,12/30/2021 10:16:32.119504,0,228,21111-40-PRECINCT 113 40 DISTRICT (K113)
Jefferson,K113,trumpd,12/30/2021 10:16:32.119504,55,228,21111-40-PRECINCT 113 40 DISTRICT (K113)
Jefferson,K113,westk,12/30/2021 10:16:32.119504,3,228,21111-40-PRECINCT 113 40 DISTRICT (K113)
Jefferson,K114,bidenj,12/30/2021 10:16:32.119504,463,616,21111-40-PRECINCT 114 40 DISTRICT (K114)
Jefferson,K114,jorgensenj,12/30/2021 10:16:32.119504,17,616,21111-40-PRECINCT 114 40 DISTRICT (K114)
Jefferson,K114,pierceb,12/30/2021 10:16:32.119504,2,616,21111-40-PRECINCT 114 40 DISTRICT (K114)
Jefferson,K114,trumpd,12/30/2021 10:16:32.119504,126,616,21111-40-PRECINCT 114 40 DISTRICT (K114)
Jefferson,K114,westk,12/30/2021 10:16:32.119504,8,616,21111-40-PRECINCT 114 40 DISTRICT (K114)
Jefferson,K116,bidenj,12/30/2021 10:16:32.119504,46,76,21111-40-PRECINCT 116 40 DISTRICT (K116)
Jefferson,K116,jorgensenj,12/30/2021 10:16:32.119504,0,76,21111-40-PRECINCT 116 40 DISTRICT (K116)
Jefferson,K116,pierceb,12/30/2021 10:16:32.119504,0,76,21111-40-PRECINCT 116 40 DISTRICT (K116)
Jefferson,K116,trumpd,12/30/2021 10:16:32.119504,30,76,21111-40-PRECINCT 116 40 DISTRICT (K116)
Jefferson,K116,westk,12/30/2021 10:16:32.119504,0,76,21111-40-PRECINCT 116 40 DISTRICT (K116)
Jefferson,K117,bidenj,12/30/2021 10:16:32.119504,398,580,21111-40-PRECINCT 117 40 DISTRICT (K117)
Jefferson,K117,jorgensenj,12/30/2021 10:16:32.119504,6,580,21111-40-PRECINCT 117 40 DISTRICT (K117)
Jefferson,K117,pierceb,12/30/2021 10:16:32.119504,0,580,21111-40-PRECINCT 117 40 DISTRICT (K117)
Jefferson,K117,trumpd,12/30/2021 10:16:32.119504,173,580,21111-40-PRECINCT 117 40 DISTRICT (K117)
Jefferson,K117,westk,12/30/2021 10:16:32.119504,3,580,21111-40-PRECINCT 117 40 DISTRICT (K117)
Jefferson,K118,bidenj,12/30/2021 10:16:32.119504,406,460,21111-40-PRECINCT 118 40 DISTRICT (K118)
Jefferson,K118,jorgensenj,12/30/2021 10:16:32.119504,2,460,21111-40-PRECINCT 118 40 DISTRICT (K118)
Jefferson,K118,pierceb,12/30/2021 10:16:32.119504,2,460,21111-40-PRECINCT 118 40 DISTRICT (K118)
Jefferson,K118,trumpd,12/30/2021 10:16:32.119504,43,460,21111-40-PRECINCT 118 40 DISTRICT (K118)
Jefferson,K118,westk,12/30/2021 10:16:32.119504,7,460,21111-40-PRECINCT 118 40 DISTRICT (K118)
Jefferson,K119,bidenj,12/30/2021 10:16:32.119504,332,585,21111-40-PRECINCT 119 40 DISTRICT (K119)
Jefferson,K119,jorgensenj,12/30/2021 10:16:32.119504,4,585,21111-40-PRECINCT 119 40 DISTRICT (K119)
Jefferson,K119,pierceb,12/30/2021 10:16:32.119504,2,585,21111-40-PRECINCT 119 40 DISTRICT (K119)
Jefferson,K119,trumpd,12/30/2021 10:16:32.119504,239,585,21111-40-PRECINCT 119 40 DISTRICT (K119)
Jefferson,K119,westk,12/30/2021 10:16:32.119504,8,585,21111-40-PRECINCT 119 40 DISTRICT (K119)
Jefferson,K122,bidenj,12/30/2021 10:16:32.119504,624,741,21111-40-PRECINCT 122 40 DISTRICT (K122)
Jefferson,K122,jorgensenj,12/30/2021 10:16:32.119504,2,741,21111-40-PRECINCT 122 40 DISTRICT (K122)
Jefferson,K122,pierceb,12/30/2021 10:16:32.119504,1,741,21111-40-PRECINCT 122 40 DISTRICT (K122)
Jefferson,K122,trumpd,12/30/2021 10:16:32.119504,108,741,21111-40-PRECINCT 122 40 DISTRICT (K122)
Jefferson,K122,westk,12/30/2021 10:16:32.119504,6,741,21111-40-PRECINCT 122 40 DISTRICT (K122)
Jefferson,K123,bidenj,12/30/2021 10:16:32.119504,737,859,21111-40-PRECINCT 123 40 DISTRICT (K123)
Jefferson,K123,jorgensenj,12/30/2021 10:16:32.119504,4,859,21111-40-PRECINCT 123 40 DISTRICT (K123)
Jefferson,K123,pierceb,12/30/2021 10:16:32.119504,2,859,21111-40-PRECINCT 123 40 DISTRICT (K123)
Jefferson,K123,trumpd,12/30/2021 10:16:32.119504,112,859,21111-40-PRECINCT 123 40 DISTRICT (K123)
Jefferson,K123,westk,12/30/2021 10:16:32.119504,4,859,21111-40-PRECINCT 123 40 DISTRICT (K123)
Jefferson,K125,bidenj,12/30/2021 10:16:32.119504,132,190,21111-40-PRECINCT 125 40 DISTRICT (K125)
Jefferson,K125,jorgensenj,12/30/2021 10:16:32.119504,1,190,21111-40-PRECINCT 125 40 DISTRICT (K125)
Jefferson,K125,pierceb,12/30/2021 10:16:32.119504,2,190,21111-40-PRECINCT 125 40 DISTRICT (K125)
Jefferson,K125,trumpd,12/30/2021 10:16:32.119504,55,190,21111-40-PRECINCT 125 40 DISTRICT (K125)
Jefferson,K125,westk,12/30/2021 10:16:32.119504,0,190,21111-40-PRECINCT 125 40 DISTRICT (K125)
Jefferson,K126,bidenj,12/30/2021 10:16:32.119504,224,314,21111-40-PRECINCT 126 40 DISTRICT (K126)
Jefferson,K126,jorgensenj,12/30/2021 10:16:32.119504,4,314,21111-40-PRECINCT 126 40 DISTRICT (K126)
Jefferson,K126,pierceb,12/30/2021 10:16:32.119504,0,314,21111-40-PRECINCT 126 40 DISTRICT (K126)
Jefferson,K126,trumpd,12/30/2021 10:16:32.119504,86,314,21111-40-PRECINCT 126 40 DISTRICT (K126)
Jefferson,K126,westk,12/30/2021 10:16:32.119504,0,314,21111-40-PRECINCT 126 40 DISTRICT (K126)
Jefferson,K127,bidenj,12/30/2021 10:16:32.119504,449,810,21111-40-PRECINCT 127 40 DISTRICT (K127)
Jefferson,K127,jorgensenj,12/30/2021 10:16:32.119504,10,810,21111-40-PRECINCT 127 40 DISTRICT (K127)
Jefferson,K127,pierceb,12/30/2021 10:16:32.119504,2,810,21111-40-PRECINCT 127 40 DISTRICT (K127)
Jefferson,K127,trumpd,12/30/2021 10:16:32.119504,349,810,21111-40-PRECINCT 127 40 DISTRICT (K127)
Jefferson,K127,westk,12/30/2021 10:16:32.119504,0,810,21111-40-PRECINCT 127 40 DISTRICT (K127)
Jefferson,K128,bidenj,12/30/2021 10:16:32.119504,235,543,21111-40-PRECINCT 128 40 DISTRICT (K128)
Jefferson,K128,jorgensenj,12/30/2021 10:16:32.119504,9,543,21111-40-PRECINCT 128 40 DISTRICT (K128)
Jefferson,K128,pierceb,12/30/2021 10:16:32.119504,2,543,21111-40-PRECINCT 128 40 DISTRICT (K128)
Jefferson,K128,trumpd,12/30/2021 10:16:32.119504,293,543,21111-40-PRECINCT 128 40 DISTRICT (K128)
Jefferson,K128,westk,12/30/2021 10:16:32.119504,4,543,21111-40-PRECINCT 128 40 DISTRICT (K128)
Jefferson,K129,bidenj,12/30/2021 10:16:32.119504,434,574,21111-40-PRECINCT 129 40 DISTRICT (K129)
Jefferson,K129,jorgensenj,12/30/2021 10:16:32.119504,12,574,21111-40-PRECINCT 129 40 DISTRICT (K129)
Jefferson,K129,pierceb,12/30/2021 10:16:32.119504,0,574,21111-40-PRECINCT 129 40 DISTRICT (K129)
Jefferson,K129,trumpd,12/30/2021 10:16:32.119504,124,574,21111-40-PRECINCT 129 40 DISTRICT (K129)
Jefferson,K129,westk,12/30/2021 10:16:32.119504,4,574,21111-40-PRECINCT 129 40 DISTRICT (K129)
Jefferson,K130,bidenj,12/30/2021 10:16:32.119504,405,475,21111-40-PRECINCT 130 40 DISTRICT (K130)
Jefferson,K130,jorgensenj,12/30/2021 10:16:32.119504,2,475,21111-40-PRECINCT 130 40 DISTRICT (K130)
Jefferson,K130,pierceb,12/30/2021 10:16:32.119504,1,475,21111-40-PRECINCT 130 40 DISTRICT (K130)
Jefferson,K130,trumpd,12/30/2021 10:16:32.119504,67,475,21111-40-PRECINCT 130 40 DISTRICT (K130)
Jefferson,K130,westk,12/30/2021 10:16:32.119504,0,475,21111-40-PRECINCT 130 40 DISTRICT (K130)
Jefferson,K131,bidenj,12/30/2021 10:16:32.119504,374,517,21111-40-PRECINCT 131 40 DISTRICT (K131)
Jefferson,K131,jorgensenj,12/30/2021 10:16:32.119504,6,517,21111-40-PRECINCT 131 40 DISTRICT (K131)
Jefferson,K131,pierceb,12/30/2021 10:16:32.119504,1,517,21111-40-PRECINCT 131 40 DISTRICT (K131)
Jefferson,K131,trumpd,12/30/2021 10:16:32.119504,133,517,21111-40-PRECINCT 131 40 DISTRICT (K131)
Jefferson,K131,westk,12/30/2021 10:16:32.119504,3,517,21111-40-PRECINCT 131 40 DISTRICT (K131)
Jefferson,K132,bidenj,12/30/2021 10:16:32.119504,136,267,21111-40-PRECINCT 132 40 DISTRICT (K132)
Jefferson,K132,jorgensenj,12/30/2021 10:16:32.119504,1,267,21111-40-PRECINCT 132 40 DISTRICT (K132)
Jefferson,K132,pierceb,12/30/2021 10:16:32.119504,0,267,21111-40-PRECINCT 132 40 DISTRICT (K132)
Jefferson,K132,trumpd,12/30/2021 10:16:32.119504,129,267,21111-40-PRECINCT 132 40 DISTRICT (K132)
Jefferson,K132,westk,12/30/2021 10:16:32.119504,1,267,21111-40-PRECINCT 132 40 DISTRICT (K132)
Jefferson,K133,bidenj,12/30/2021 10:16:32.119504,411,559,21111-40-PRECINCT 133 40 DISTRICT (K133)
Jefferson,K133,jorgensenj,12/30/2021 10:16:32.119504,9,559,21111-40-PRECINCT 133 40 DISTRICT (K133)
Jefferson,K133,pierceb,12/30/2021 10:16:32.119504,2,559,21111-40-PRECINCT 133 40 DISTRICT (K133)
Jefferson,K133,trumpd,12/30/2021 10:16:32.119504,134,559,21111-40-PRECINCT 133 40 DISTRICT (K133)
Jefferson,K133,westk,12/30/2021 10:16:32.119504,3,559,21111-40-PRECINCT 133 40 DISTRICT (K133)
Jefferson,K134,bidenj,12/30/2021 10:16:32.119504,318,470,21111-40-PRECINCT 134 40 DISTRICT (K134)
Jefferson,K134,jorgensenj,12/30/2021 10:16:32.119504,6,470,21111-40-PRECINCT 134 40 DISTRICT (K134)
Jefferson,K134,pierceb,12/30/2021 10:16:32.119504,1,470,21111-40-PRECINCT 134 40 DISTRICT (K134)
Jefferson,K134,trumpd,12/30/2021 10:16:32.119504,143,470,21111-40-PRECINCT 134 40 DISTRICT (K134)
Jefferson,K134,westk,12/30/2021 10:16:32.119504,2,470,21111-40-PRECINCT 134 40 DISTRICT (K134)
Jefferson,K135,bidenj,12/30/2021 10:16:32.119504,21,24,21111-40-PRECINCT 135 40 DISTRICT (K135)
Jefferson,K135,jorgensenj,12/30/2021 10:16:32.119504,0,24,21111-40-PRECINCT 135 40 DISTRICT (K135)
Jefferson,K135,pierceb,12/30/2021 10:16:32.119504,0,24,21111-40-PRECINCT 135 40 DISTRICT (K135)
Jefferson,K135,trumpd,12/30/2021 10:16:32.119504,3,24,21111-40-PRECINCT 135 40 DISTRICT (K135)
Jefferson,K135,westk,12/30/2021 10:16:32.119504,0,24,21111-40-PRECINCT 135 40 DISTRICT (K135)
Jefferson,K136,bidenj,12/30/2021 10:16:32.119504,80,118,21111-40-PRECINCT 136 40 DISTRICT (K136)
Jefferson,K136,jorgensenj,12/30/2021 10:16:32.119504,0,118,21111-40-PRECINCT 136 40 DISTRICT (K136)
Jefferson,K136,pierceb,12/30/2021 10:16:32.119504,0,118,21111-40-PRECINCT 136 40 DISTRICT (K136)
Jefferson,K136,trumpd,12/30/2021 10:16:32.119504,37,118,21111-40-PRECINCT 136 40 DISTRICT (K136)
Jefferson,K136,westk,12/30/2021 10:16:32.119504,1,118,21111-40-PRECINCT 136 40 DISTRICT (K136)
Jefferson,K137,bidenj,12/30/2021 10:16:32.119504,253,269,21111-40-PRECINCT 137 40 DISTRICT (K137)
Jefferson,K137,jorgensenj,12/30/2021 10:16:32.119504,0,269,21111-40-PRECINCT 137 40 DISTRICT (K137)
Jefferson,K137,pierceb,12/30/2021 10:16:32.119504,0,269,21111-40-PRECINCT 137 40 DISTRICT (K137)
Jefferson,K137,trumpd,12/30/2021 10:16:32.119504,15,269,21111-40-PRECINCT 137 40 DISTRICT (K137)
Jefferson,K137,westk,12/30/2021 10:16:32.119504,1,269,21111-40-PRECINCT 137 40 DISTRICT (K137)
Jefferson,K138,bidenj,12/30/2021 10:16:32.119504,69,139,21111-40-PRECINCT 138 40 DISTRICT (K138)
Jefferson,K138,jorgensenj,12/30/2021 10:16:32.119504,3,139,21111-40-PRECINCT 138 40 DISTRICT (K138)
Jefferson,K138,pierceb,12/30/2021 10:16:32.119504,0,139,21111-40-PRECINCT 138 40 DISTRICT (K138)
Jefferson,K138,trumpd,12/30/2021 10:16:32.119504,65,139,21111-40-PRECINCT 138 40 DISTRICT (K138)
Jefferson,K138,westk,12/30/2021 10:16:32.119504,2,139,21111-40-PRECINCT 138 40 DISTRICT (K138)
Jefferson,K139,bidenj,12/30/2021 10:16:32.119504,0,0,
Jefferson,K139,jorgensenj,12/30/2021 10:16:32.119504,0,0,
Jefferson,K139,pierceb,12/30/2021 10:16:32.119504,0,0,
Jefferson,K139,trumpd,12/30/2021 10:16:32.119504,0,0,
Jefferson,K139,westk,12/30/2021 10:16:32.119504,0,0,
Jefferson,K140,bidenj,12/30/2021 10:16:32.119504,192,234,21111-40-PRECINCT 140 40 DISTRICT (K140)
Jefferson,K140,jorgensenj,12/30/2021 10:16:32.119504,4,234,21111-40-PRECINCT 140 40 DISTRICT (K140)
Jefferson,K140,pierceb,12/30/2021 10:16:32.119504,1,234,21111-40-PRECINCT 140 40 DISTRICT (K140)
Jefferson,K140,trumpd,12/30/2021 10:16:32.119504,36,234,21111-40-PRECINCT 140 40 DISTRICT (K140)
Jefferson,K140,westk,12/30/2021 10:16:32.119504,1,234,21111-40-PRECINCT 140 40 DISTRICT (K140)
Jefferson,K141,bidenj,12/30/2021 10:16:32.119504,131,191,21111-40-PRECINCT 141 40 DISTRICT (K141)
Jefferson,K141,jorgensenj,12/30/2021 10:16:32.119504,1,191,21111-40-PRECINCT 141 40 DISTRICT (K141)
Jefferson,K141,pierceb,12/30/2021 10:16:32.119504,0,191,21111-40-PRECINCT 141 40 DISTRICT (K141)
Jefferson,K141,trumpd,12/30/2021 10:16:32.119504,59,191,21111-40-PRECINCT 141 40 DISTRICT (K141)
Jefferson,K141,westk,12/30/2021 10:16:32.119504,0,191,21111-40-PRECINCT 141 40 DISTRICT (K141)
Jefferson,K142,bidenj,12/30/2021 10:16:32.119504,0,0,
Jefferson,K142,jorgensenj,12/30/2021 10:16:32.119504,0,0,
Jefferson,K142,pierceb,12/30/2021 10:16:32.119504,0,0,
Jefferson,K142,trumpd,12/30/2021 10:16:32.119504,0,0,
Jefferson,K142,westk,12/30/2021 10:16:32.119504,0,0,
Jefferson,K143,bidenj,12/30/2021 10:16:32.119504,0,0,
Jefferson,K143,jorgensenj,12/30/2021 10:16:32.119504,0,0,
Jefferson,K143,pierceb,12/30/2021 10:16:32.119504,0,0,
Jefferson,K143,trumpd,12/30/2021 10:16:32.119504,0,0,
Jefferson,K143,westk,12/30/2021 10:16:32.119504,0,0,
Jefferson,K144,bidenj,12/30/2021 10:16:32.119504,354,616,21111-40-PRECINCT 144 40 DISTRICT (K144)
Jefferson,K144,jorgensenj,12/30/2021 10:16:32.119504,5,616,21111-40-PRECINCT 144 40 DISTRICT (K144)
Jefferson,K144,pierceb,12/30/2021 10:16:32.119504,1,616,21111-40-PRECINCT 144 40 DISTRICT (K144)
Jefferson,K144,trumpd,12/30/2021 10:16:32.119504,255,616,21111-40-PRECINCT 144 40 DISTRICT (K144)
Jefferson,K144,westk,12/30/2021 10:16:32.119504,1,616,21111-40-PRECINCT 144 40 DISTRICT (K144)
Jefferson,K145,bidenj,12/30/2021 10:16:32.119504,492,895,21111-40-PRECINCT 145 40 DISTRICT (K145)
Jefferson,K145,jorgensenj,12/30/2021 10:16:32.119504,9,895,21111-40-PRECINCT 145 40 DISTRICT (K145)
Jefferson,K145,pierceb,12/30/2021 10:16:32.119504,1,895,21111-40-PRECINCT 145 40 DISTRICT (K145)
Jefferson,K145,trumpd,12/30/2021 10:16:32.119504,390,895,21111-40-PRECINCT 145 40 DISTRICT (K145)
Jefferson,K145,westk,12/30/2021 10:16:32.119504,3,895,21111-40-PRECINCT 145 40 DISTRICT (K145)
Jefferson,K146,bidenj,12/30/2021 10:16:32.119504,428,904,21111-40-PRECINCT 146 40 DISTRICT (K146)
Jefferson,K146,jorgensenj,12/30/2021 10:16:32.119504,13,904,21111-40-PRECINCT 146 40 DISTRICT (K146)
Jefferson,K146,pierceb,12/30/2021 10:16:32.119504,0,904,21111-40-PRECINCT 146 40 DISTRICT (K146)
Jefferson,K146,trumpd,12/30/2021 10:16:32.119504,457,904,21111-40-PRECINCT 146 40 DISTRICT (K146)
Jefferson,K146,westk,12/30/2021 10:16:32.119504,6,904,21111-40-PRECINCT 146 40 DISTRICT (K146)
Jefferson,K147,bidenj,12/30/2021 10:16:32.119504,616,1096,21111-40-PRECINCT 147 40 DISTRICT (K147)
Jefferson,K147,jorgensenj,12/30/2021 10:16:32.119504,11,1096,21111-40-PRECINCT 147 40 DISTRICT (K147)
Jefferson,K147,pierceb,12/30/2021 10:16:32.119504,4,1096,21111-40-PRECINCT 147 40 DISTRICT (K147)
Jefferson,K147,trumpd,12/30/2021 10:16:32.119504,457,1096,21111-40-PRECINCT 147 40 DISTRICT (K147)
Jefferson,K147,westk,12/30/2021 10:16:32.119504,8,1096,21111-40-PRECINCT 147 40 DISTRICT (K147)
Jefferson,K148,bidenj,12/30/2021 10:16:32.119504,284,512,21111-40-PRECINCT 148 40 DISTRICT (K148)
Jefferson,K148,jorgensenj,12/30/2021 10:16:32.119504,8,512,21111-40-PRECINCT 148 40 DISTRICT (K148)
Jefferson,K148,pierceb,12/30/2021 10:16:32.119504,0,512,21111-40-PRECINCT 148 40 DISTRICT (K148)
Jefferson,K148,trumpd,12/30/2021 10:16:32.119504,217,512,21111-40-PRECINCT 148 40 DISTRICT (K148)
Jefferson,K148,westk,12/30/2021 10:16:32.119504,3,512,21111-40-PRECINCT 148 40 DISTRICT (K148)
Jefferson,K149,bidenj,12/30/2021 10:16:32.119504,0,3,21111-40-PRECINCT 149 40 DISTRICT (K149)
Jefferson,K149,jorgensenj,12/30/2021 10:16:32.119504,0,3,21111-40-PRECINCT 149 40 DISTRICT (K149)
Jefferson,K149,pierceb,12/30/2021 10:16:32.119504,0,3,21111-40-PRECINCT 149 40 DISTRICT (K149)
Jefferson,K149,trumpd,12/30/2021 10:16:32.119504,3,3,21111-40-PRECINCT 149 40 DISTRICT (K149)
Jefferson,K149,westk,12/30/2021 10:16:32.119504,0,3,21111-40-PRECINCT 149 40 DISTRICT (K149)
Jefferson,K150,bidenj,12/30/2021 10:16:32.119504,0,0,
Jefferson,K150,jorgensenj,12/30/2021 10:16:32.119504,0,0,
Jefferson,K150,pierceb,12/30/2021 10:16:32.119504,0,0,
Jefferson,K150,trumpd,12/30/2021 10:16:32.119504,0,0,
Jefferson,K150,westk,12/30/2021 10:16:32.119504,0,0,
Jefferson,K151,bidenj,12/30/2021 10:16:32.119504,0,0,
Jefferson,K151,jorgensenj,12/30/2021 10:16:32.119504,0,0,
Jefferson,K151,pierceb,12/30/2021 10:16:32.119504,0,0,
Jefferson,K151,trumpd,12/30/2021 10:16:32.119504,0,0,
Jefferson,K151,westk,12/30/2021 10:16:32.119504,0,0,
Jefferson,L104,bidenj,12/30/2021 10:16:32.119504,582,618,21111-41-PRECINCT 104 41 DISTRICT (L104)
Jefferson,L104,jorgensenj,12/30/2021 10:16:32.119504,4,618,21111-41-PRECINCT 104 41 DISTRICT (L104)
Jefferson,L104,pierceb,12/30/2021 10:16:32.119504,2,618,21111-41-PRECINCT 104 41 DISTRICT (L104)
Jefferson,L104,trumpd,12/30/2021 10:16:32.119504,25,618,21111-41-PRECINCT 104 41 DISTRICT (L104)
Jefferson,L104,westk,12/30/2021 10:16:32.119504,5,618,21111-41-PRECINCT 104 41 DISTRICT (L104)
Jefferson,L108,bidenj,12/30/2021 10:16:32.119504,313,342,21111-41-PRECINCT 108 41 DISTRICT (L108)
Jefferson,L108,jorgensenj,12/30/2021 10:16:32.119504,3,342,21111-41-PRECINCT 108 41 DISTRICT (L108)
Jefferson,L108,pierceb,12/30/2021 10:16:32.119504,0,342,21111-41-PRECINCT 108 41 DISTRICT (L108)
Jefferson,L108,trumpd,12/30/2021 10:16:32.119504,22,342,21111-41-PRECINCT 108 41 DISTRICT (L108)
Jefferson,L108,westk,12/30/2021 10:16:32.119504,4,342,21111-41-PRECINCT 108 41 DISTRICT (L108)
Jefferson,L110,bidenj,12/30/2021 10:16:32.119504,65,93,21111-41-PRECINCT 110 41 DISTRICT (L110)
Jefferson,L110,jorgensenj,12/30/2021 10:16:32.119504,0,93,21111-41-PRECINCT 110 41 DISTRICT (L110)
Jefferson,L110,pierceb,12/30/2021 10:16:32.119504,0,93,21111-41-PRECINCT 110 41 DISTRICT (L110)
Jefferson,L110,trumpd,12/30/2021 10:16:32.119504,28,93,21111-41-PRECINCT 110 41 DISTRICT (L110)
Jefferson,L110,westk,12/30/2021 10:16:32.119504,0,93,21111-41-PRECINCT 110 41 DISTRICT (L110)
Jefferson,L111,bidenj,12/30/2021 10:16:32.119504,322,348,21111-41-PRECINCT 111 41 DISTRICT (L111)
Jefferson,L111,jorgensenj,12/30/2021 10:16:32.119504,3,348,21111-41-PRECINCT 111 41 DISTRICT (L111)
Jefferson,L111,pierceb,12/30/2021 10:16:32.119504,0,348,21111-41-PRECINCT 111 41 DISTRICT (L111)
Jefferson,L111,trumpd,12/30/2021 10:16:32.119504,22,348,21111-41-PRECINCT 111 41 DISTRICT (L111)
Jefferson,L111,westk,12/30/2021 10:16:32.119504,1,348,21111-41-PRECINCT 111 41 DISTRICT (L111)
Jefferson,L112,bidenj,12/30/2021 10:16:32.119504,361,390,21111-41-PRECINCT 112 41 DISTRICT (L112)
Jefferson,L112,jorgensenj,12/30/2021 10:16:32.119504,1,390,21111-41-PRECINCT 112 41 DISTRICT (L112)
Jefferson,L112,pierceb,12/30/2021 10:16:32.119504,0,390,21111-41-PRECINCT 112 41 DISTRICT (L112)
Jefferson,L112,trumpd,12/30/2021 10:16:32.119504,25,390,21111-41-PRECINCT 112 41 DISTRICT (L112)
Jefferson,L112,westk,12/30/2021 10:16:32.119504,3,390,21111-41-PRECINCT 112 41 DISTRICT (L112)
Jefferson,L113,bidenj,12/30/2021 10:16:32.119504,707,783,21111-41-PRECINCT 113 41 DISTRICT (L113)
Jefferson,L113,jorgensenj,12/30/2021 10:16:32.119504,10,783,21111-41-PRECINCT 113 41 DISTRICT (L113)
Jefferson,L113,pierceb,12/30/2021 10:16:32.119504,1,783,21111-41-PRECINCT 113 41 DISTRICT (L113)
Jefferson,L113,trumpd,12/30/2021 10:16:32.119504,57,783,21111-41-PRECINCT 113 41 DISTRICT (L113)
Jefferson,L113,westk,12/30/2021 10:16:32.119504,8,783,21111-41-PRECINCT 113 41 DISTRICT (L113)
Jefferson,L115,bidenj,12/30/2021 10:16:32.119504,78,98,21111-41-PRECINCT 115 41 DISTRICT (L115)
Jefferson,L115,jorgensenj,12/30/2021 10:16:32.119504,5,98,21111-41-PRECINCT 115 41 DISTRICT (L115)
Jefferson,L115,pierceb,12/30/2021 10:16:32.119504,0,98,21111-41-PRECINCT 115 41 DISTRICT (L115)
Jefferson,L115,trumpd,12/30/2021 10:16:32.119504,14,98,21111-41-PRECINCT 115 41 DISTRICT (L115)
Jefferson,L115,westk,12/30/2021 10:16:32.119504,1,98,21111-41-PRECINCT 115 41 DISTRICT (L115)
Jefferson,L117,bidenj,12/30/2021 10:16:32.119504,562,779,21111-41-PRECINCT 117 41 DISTRICT (L117)
Jefferson,L117,jorgensenj,12/30/2021 10:16:32.119504,17,779,21111-41-PRECINCT 117 41 DISTRICT (L117)
Jefferson,L117,pierceb,12/30/2021 10:16:32.119504,1,779,21111-41-PRECINCT 117 41 DISTRICT (L117)
Jefferson,L117,trumpd,12/30/2021 10:16:32.119504,195,779,21111-41-PRECINCT 117 41 DISTRICT (L117)
Jefferson,L117,westk,12/30/2021 10:16:32.119504,4,779,21111-41-PRECINCT 117 41 DISTRICT (L117)
Jefferson,L118,bidenj,12/30/2021 10:16:32.119504,765,1140,21111-41-PRECINCT 118 41 DISTRICT (L118)
Jefferson,L118,jorgensenj,12/30/2021 10:16:32.119504,12,1140,21111-41-PRECINCT 118 41 DISTRICT (L118)
Jefferson,L118,pierceb,12/30/2021 10:16:32.119504,4,1140,21111-41-PRECINCT 118 41 DISTRICT (L118)
Jefferson,L118,trumpd,12/30/2021 10:16:32.119504,358,1140,21111-41-PRECINCT 118 41 DISTRICT (L118)
Jefferson,L118,westk,12/30/2021 10:16:32.119504,1,1140,21111-41-PRECINCT 118 41 DISTRICT (L118)
Jefferson,L119,bidenj,12/30/2021 10:16:32.119504,603,815,21111-41-PRECINCT 119 41 DISTRICT (L119)
Jefferson,L119,jorgensenj,12/30/2021 10:16:32.119504,21,815,21111-41-PRECINCT 119 41 DISTRICT (L119)
Jefferson,L119,pierceb,12/30/2021 10:16:32.119504,2,815,21111-41-PRECINCT 119 41 DISTRICT (L119)
Jefferson,L119,trumpd,12/30/2021 10:16:32.119504,185,815,21111-41-PRECINCT 119 41 DISTRICT (L119)
Jefferson,L119,westk,12/30/2021 10:16:32.119504,4,815,21111-41-PRECINCT 119 41 DISTRICT (L119)
Jefferson,L134,bidenj,12/30/2021 10:16:32.119504,390,644,21111-41-PRECINCT 134 41 DISTRICT (L134)
Jefferson,L134,jorgensenj,12/30/2021 10:16:32.119504,20,644,21111-41-PRECINCT 134 41 DISTRICT (L134)
Jefferson,L134,pierceb,12/30/2021 10:16:32.119504,1,644,21111-41-PRECINCT 134 41 DISTRICT (L134)
Jefferson,L134,trumpd,12/30/2021 10:16:32.119504,232,644,21111-41-PRECINCT 134 41 DISTRICT (L134)
Jefferson,L134,westk,12/30/2021 10:16:32.119504,1,644,21111-41-PRECINCT 134 41 DISTRICT (L134)
Jefferson,L135,bidenj,12/30/2021 10:16:32.119504,365,575,21111-41-PRECINCT 135 41 DISTRICT (L135)
Jefferson,L135,jorgensenj,12/30/2021 10:16:32.119504,2,575,21111-41-PRECINCT 135 41 DISTRICT (L135)
Jefferson,L135,pierceb,12/30/2021 10:16:32.119504,1,575,21111-41-PRECINCT 135 41 DISTRICT (L135)
Jefferson,L135,trumpd,12/30/2021 10:16:32.119504,207,575,21111-41-PRECINCT 135 41 DISTRICT (L135)
Jefferson,L135,westk,12/30/2021 10:16:32.119504,0,575,21111-41-PRECINCT 135 41 DISTRICT (L135)
Jefferson,L136,bidenj,12/30/2021 10:16:32.119504,574,820,21111-41-PRECINCT 136 41 DISTRICT (L136)
Jefferson,L136,jorgensenj,12/30/2021 10:16:32.119504,15,820,21111-41-PRECINCT 136 41 DISTRICT (L136)
Jefferson,L136,pierceb,12/30/2021 10:16:32.119504,0,820,21111-41-PRECINCT 136 41 DISTRICT (L136)
Jefferson,L136,trumpd,12/30/2021 10:16:32.119504,225,820,21111-41-PRECINCT 136 41 DISTRICT (L136)
Jefferson,L136,westk,12/30/2021 10:16:32.119504,6,820,21111-41-PRECINCT 136 41 DISTRICT (L136)
Jefferson,L138,bidenj,12/30/2021 10:16:32.119504,303,476,21111-41-PRECINCT 138 41 DISTRICT (L138)
Jefferson,L138,jorgensenj,12/30/2021 10:16:32.119504,9,476,21111-41-PRECINCT 138 41 DISTRICT (L138)
Jefferson,L138,pierceb,12/30/2021 10:16:32.119504,0,476,21111-41-PRECINCT 138 41 DISTRICT (L138)
Jefferson,L138,trumpd,12/30/2021 10:16:32.119504,163,476,21111-41-PRECINCT 138 41 DISTRICT (L138)
Jefferson,L138,westk,12/30/2021 10:16:32.119504,1,476,21111-41-PRECINCT 138 41 DISTRICT (L138)
Jefferson,L139,bidenj,12/30/2021 10:16:32.119504,690,1168,21111-41-PRECINCT 139 41 DISTRICT (L139)
Jefferson,L139,jorgensenj,12/30/2021 10:16:32.119504,13,1168,21111-41-PRECINCT 139 41 DISTRICT (L139)
Jefferson,L139,pierceb,12/30/2021 10:16:32.119504,3,1168,21111-41-PRECINCT 139 41 DISTRICT (L139)
Jefferson,L139,trumpd,12/30/2021 10:16:32.119504,459,1168,21111-41-PRECINCT 139 41 DISTRICT (L139)
Jefferson,L139,westk,12/30/2021 10:16:32.119504,3,1168,21111-41-PRECINCT 139 41 DISTRICT (L139)
Jefferson,L140,bidenj,12/30/2021 10:16:32.119504,242,250,21111-41-PRECINCT 140 41 DISTRICT (L140)
Jefferson,L140,jorgensenj,12/30/2021 10:16:32.119504,2,250,21111-41-PRECINCT 140 41 DISTRICT (L140)
Jefferson,L140,pierceb,12/30/2021 10:16:32.119504,0,250,21111-41-PRECINCT 140 41 DISTRICT (L140)
Jefferson,L140,trumpd,12/30/2021 10:16:32.119504,5,250,21111-41-PRECINCT 140 41 DISTRICT (L140)
Jefferson,L140,westk,12/30/2021 10:16:32.119504,1,250,21111-41-PRECINCT 140 41 DISTRICT (L140)
Jefferson,L141,bidenj,12/30/2021 10:16:32.119504,389,472,21111-41-PRECINCT 141 41 DISTRICT (L141)
Jefferson,L141,jorgensenj,12/30/2021 10:16:32.119504,6,472,21111-41-PRECINCT 141 41 DISTRICT (L141)
Jefferson,L141,pierceb,12/30/2021 10:16:32.119504,0,472,21111-41-PRECINCT 141 41 DISTRICT (L141)
Jefferson,L141,trumpd,12/30/2021 10:16:32.119504,72,472,21111-41-PRECINCT 141 41 DISTRICT (L141)
Jefferson,L141,westk,12/30/2021 10:16:32.119504,5,472,21111-41-PRECINCT 141 41 DISTRICT (L141)
Jefferson,L142,bidenj,12/30/2021 10:16:32.119504,290,367,21111-41-PRECINCT 142 41 DISTRICT (L142)
Jefferson,L142,jorgensenj,12/30/2021 10:16:32.119504,3,367,21111-41-PRECINCT 142 41 DISTRICT (L142)
Jefferson,L142,pierceb,12/30/2021 10:16:32.119504,3,367,21111-41-PRECINCT 142 41 DISTRICT (L142)
Jefferson,L142,trumpd,12/30/2021 10:16:32.119504,68,367,21111-41-PRECINCT 142 41 DISTRICT (L142)
Jefferson,L142,westk,12/30/2021 10:16:32.119504,3,367,21111-41-PRECINCT 142 41 DISTRICT (L142)
Jefferson,L143,bidenj,12/30/2021 10:16:32.119504,259,299,21111-41-PRECINCT 143 41 DISTRICT (L143)
Jefferson,L143,jorgensenj,12/30/2021 10:16:32.119504,3,299,21111-41-PRECINCT 143 41 DISTRICT (L143)
Jefferson,L143,pierceb,12/30/2021 10:16:32.119504,0,299,21111-41-PRECINCT 143 41 DISTRICT (L143)
Jefferson,L143,trumpd,12/30/2021 10:16:32.119504,35,299,21111-41-PRECINCT 143 41 DISTRICT (L143)
Jefferson,L143,westk,12/30/2021 10:16:32.119504,2,299,21111-41-PRECINCT 143 41 DISTRICT (L143)
Jefferson,L144,bidenj,12/30/2021 10:16:32.119504,235,246,21111-41-PRECINCT 144 41 DISTRICT (L144)
Jefferson,L144,jorgensenj,12/30/2021 10:16:32.119504,0,246,21111-41-PRECINCT 144 41 DISTRICT (L144)
Jefferson,L144,pierceb,12/30/2021 10:16:32.119504,0,246,21111-41-PRECINCT 144 41 DISTRICT (L144)
Jefferson,L144,trumpd,12/30/2021 10:16:32.119504,8,246,21111-41-PRECINCT 144 41 DISTRICT (L144)
Jefferson,L144,westk,12/30/2021 10:16:32.119504,3,246,21111-41-PRECINCT 144 41 DISTRICT (L144)
Jefferson,L145,bidenj,12/30/2021 10:16:32.119504,440,460,21111-41-PRECINCT 145 41 DISTRICT (L145)
Jefferson,L145,jorgensenj,12/30/2021 10:16:32.119504,0,460,21111-41-PRECINCT 145 41 DISTRICT (L145)
Jefferson,L145,pierceb,12/30/2021 10:16:32.119504,3,460,21111-41-PRECINCT 145 41 DISTRICT (L145)
Jefferson,L145,trumpd,12/30/2021 10:16:32.119504,11,460,21111-41-PRECINCT 145 41 DISTRICT (L145)
Jefferson,L145,westk,12/30/2021 10:16:32.119504,6,460,21111-41-PRECINCT 145 41 DISTRICT (L145)
Jefferson,L146,bidenj,12/30/2021 10:16:32.119504,535,820,21111-41-PRECINCT 146 41 DISTRICT (L146)
Jefferson,L146,jorgensenj,12/30/2021 10:16:32.119504,13,820,21111-41-PRECINCT 146 41 DISTRICT (L146)
Jefferson,L146,pierceb,12/30/2021 10:16:32.119504,0,820,21111-41-PRECINCT 146 41 DISTRICT (L146)
Jefferson,L146,trumpd,12/30/2021 10:16:32.119504,272,820,21111-41-PRECINCT 146 41 DISTRICT (L146)
Jefferson,L146,westk,12/30/2021 10:16:32.119504,0,820,21111-41-PRECINCT 146 41 DISTRICT (L146)
Jefferson,L147,bidenj,12/30/2021 10:16:32.119504,490,519,21111-41-PRECINCT 147 41 DISTRICT (L147)
Jefferson,L147,jorgensenj,12/30/2021 10:16:32.119504,4,519,21111-41-PRECINCT 147 41 DISTRICT (L147)
Jefferson,L147,pierceb,12/30/2021 10:16:32.119504,1,519,21111-41-PRECINCT 147 41 DISTRICT (L147)
Jefferson,L147,trumpd,12/30/2021 10:16:32.119504,23,519,21111-41-PRECINCT 147 41 DISTRICT (L147)
Jefferson,L147,westk,12/30/2021 10:16:32.119504,1,519,21111-41-PRECINCT 147 41 DISTRICT (L147)
Jefferson,L148,bidenj,12/30/2021 10:16:32.119504,207,226,21111-41-PRECINCT 148 41 DISTRICT (L148)
Jefferson,L148,jorgensenj,12/30/2021 10:16:32.119504,1,226,21111-41-PRECINCT 148 41 DISTRICT (L148)
Jefferson,L148,pierceb,12/30/2021 10:16:32.119504,1,226,21111-41-PRECINCT 148 41 DISTRICT (L148)
Jefferson,L148,trumpd,12/30/2021 10:16:32.119504,13,226,21111-41-PRECINCT 148 41 DISTRICT (L148)
Jefferson,L148,westk,12/30/2021 10:16:32.119504,4,226,21111-41-PRECINCT 148 41 DISTRICT (L148)
Jefferson,L149,bidenj,12/30/2021 10:16:32.119504,22,22,21111-41-PRECINCT 149 41 DISTRICT (L149)
Jefferson,L149,jorgensenj,12/30/2021 10:16:32.119504,0,22,21111-41-PRECINCT 149 41 DISTRICT (L149)
Jefferson,L149,pierceb,12/30/2021 10:16:32.119504,0,22,21111-41-PRECINCT 149 41 DISTRICT (L149)
Jefferson,L149,trumpd,12/30/2021 10:16:32.119504,0,22,21111-41-PRECINCT 149 41 DISTRICT (L149)
Jefferson,L149,westk,12/30/2021 10:16:32.119504,0,22,21111-41-PRECINCT 149 41 DISTRICT (L149)
Jefferson,L150,bidenj,12/30/2021 10:16:32.119504,42,43,21111-41-PRECINCT 150 41 DISTRICT (L150)
Jefferson,L150,jorgensenj,12/30/2021 10:16:32.119504,0,43,21111-41-PRECINCT 150 41 DISTRICT (L150)
Jefferson,L150,pierceb,12/30/2021 10:16:32.119504,0,43,21111-41-PRECINCT 150 41 DISTRICT (L150)
Jefferson,L150,trumpd,12/30/2021 10:16:32.119504,1,43,21111-41-PRECINCT 150 41 DISTRICT (L150)
Jefferson,L150,westk,12/30/2021 10:16:32.119504,0,43,21111-41-PRECINCT 150 41 DISTRICT (L150)
Jefferson,L151,bidenj,12/30/2021 10:16:32.119504,362,605,21111-41-PRECINCT 151 41 DISTRICT (L151)
Jefferson,L151,jorgensenj,12/30/2021 10:16:32.119504,5,605,21111-41-PRECINCT 151 41 DISTRICT (L151)
Jefferson,L151,pierceb,12/30/2021 10:16:32.119504,1,605,21111-41-PRECINCT 151 41 DISTRICT (L151)
Jefferson,L151,trumpd,12/30/2021 10:16:32.119504,235,605,21111-41-PRECINCT 151 41 DISTRICT (L151)
Jefferson,L151,westk,12/30/2021 10:16:32.119504,2,605,21111-41-PRECINCT 151 41 DISTRICT (L151)
Jefferson,L152,bidenj,12/30/2021 10:16:32.119504,203,332,21111-41-PRECINCT 152 41 DISTRICT (L152)
Jefferson,L152,jorgensenj,12/30/2021 10:16:32.119504,4,332,21111-41-PRECINCT 152 41 DISTRICT (L152)
Jefferson,L152,pierceb,12/30/2021 10:16:32.119504,1,332,21111-41-PRECINCT 152 41 DISTRICT (L152)
Jefferson,L152,trumpd,12/30/2021 10:16:32.119504,124,332,21111-41-PRECINCT 152 41 DISTRICT (L152)
Jefferson,L152,westk,12/30/2021 10:16:32.119504,0,332,21111-41-PRECINCT 152 41 DISTRICT (L152)
Jefferson,L153,bidenj,12/30/2021 10:16:32.119504,48,76,21111-41-PRECINCT 153 41 DISTRICT (L153)
Jefferson,L153,jorgensenj,12/30/2021 10:16:32.119504,1,76,21111-41-PRECINCT 153 41 DISTRICT (L153)
Jefferson,L153,pierceb,12/30/2021 10:16:32.119504,0,76,21111-41-PRECINCT 153 41 DISTRICT (L153)
Jefferson,L153,trumpd,12/30/2021 10:16:32.119504,27,76,21111-41-PRECINCT 153 41 DISTRICT (L153)
Jefferson,L153,westk,12/30/2021 10:16:32.119504,0,76,21111-41-PRECINCT 153 41 DISTRICT (L153)
Jefferson,L154,bidenj,12/30/2021 10:16:32.119504,349,367,21111-41-PRECINCT 154 41 DISTRICT (L154)
Jefferson,L154,jorgensenj,12/30/2021 10:16:32.119504,1,367,21111-41-PRECINCT 154 41 DISTRICT (L154)
Jefferson,L154,pierceb,12/30/2021 10:16:32.119504,0,367,21111-41-PRECINCT 154 41 DISTRICT (L154)
Jefferson,L154,trumpd,12/30/2021 10:16:32.119504,14,367,21111-41-PRECINCT 154 41 DISTRICT (L154)
Jefferson,L154,westk,12/30/2021 10:16:32.119504,3,367,21111-41-PRECINCT 154 41 DISTRICT (L154)
Jefferson,L155,bidenj,12/30/2021 10:16:32.119504,4,11,21111-41-PRECINCT 155 41 DISTRICT (L155)
Jefferson,L155,jorgensenj,12/30/2021 10:16:32.119504,0,11,21111-41-PRECINCT 155 41 DISTRICT (L155)
Jefferson,L155,pierceb,12/30/2021 10:16:32.119504,0,11,21111-41-PRECINCT 155 41 DISTRICT (L155)
Jefferson,L155,trumpd,12/30/2021 10:16:32.119504,7,11,21111-41-PRECINCT 155 41 DISTRICT (L155)
Jefferson,L155,westk,12/30/2021 10:16:32.119504,0,11,21111-41-PRECINCT 155 41 DISTRICT (L155)
Jefferson,L156,bidenj,12/30/2021 10:16:32.119504,585,704,21111-41-PRECINCT 156 41 DISTRICT (L156)
Jefferson,L156,jorgensenj,12/30/2021 10:16:32.119504,8,704,21111-41-PRECINCT 156 41 DISTRICT (L156)
Jefferson,L156,pierceb,12/30/2021 10:16:32.119504,1,704,21111-41-PRECINCT 156 41 DISTRICT (L156)
Jefferson,L156,trumpd,12/30/2021 10:16:32.119504,105,704,21111-41-PRECINCT 156 41 DISTRICT (L156)
Jefferson,L156,westk,12/30/2021 10:16:32.119504,5,704,21111-41-PRECINCT 156 41 DISTRICT (L156)
Jefferson,L157,bidenj,12/30/2021 10:16:32.119504,471,484,21111-41-PRECINCT 157 41 DISTRICT (L157)
Jefferson,L157,jorgensenj,12/30/2021 10:16:32.119504,1,484,21111-41-PRECINCT 157 41 DISTRICT (L157)
Jefferson,L157,pierceb,12/30/2021 10:16:32.119504,1,484,21111-41-PRECINCT 157 41 DISTRICT (L157)
Jefferson,L157,trumpd,12/30/2021 10:16:32.119504,8,484,21111-41-PRECINCT 157 41 DISTRICT (L157)
Jefferson,L157,westk,12/30/2021 10:16:32.119504,3,484,21111-41-PRECINCT 157 41 DISTRICT (L157)
Jefferson,L158,bidenj,12/30/2021 10:16:32.119504,330,335,21111-41-PRECINCT 158 41 DISTRICT (L158)
Jefferson,L158,jorgensenj,12/30/2021 10:16:32.119504,1,335,21111-41-PRECINCT 158 41 DISTRICT (L158)
Jefferson,L158,pierceb,12/30/2021 10:16:32.119504,0,335,21111-41-PRECINCT 158 41 DISTRICT (L158)
Jefferson,L158,trumpd,12/30/2021 10:16:32.119504,3,335,21111-41-PRECINCT 158 41 DISTRICT (L158)
Jefferson,L158,westk,12/30/2021 10:16:32.119504,1,335,21111-41-PRECINCT 158 41 DISTRICT (L158)
Jefferson,L159,bidenj,12/30/2021 10:16:32.119504,131,138,21111-41-PRECINCT 159 41 DISTRICT (L159)
Jefferson,L159,jorgensenj,12/30/2021 10:16:32.119504,1,138,21111-41-PRECINCT 159 41 DISTRICT (L159)
Jefferson,L159,pierceb,12/30/2021 10:16:32.119504,1,138,21111-41-PRECINCT 159 41 DISTRICT (L159)
Jefferson,L159,trumpd,12/30/2021 10:16:32.119504,4,138,21111-41-PRECINCT 159 41 DISTRICT (L159)
Jefferson,L159,westk,12/30/2021 10:16:32.119504,1,138,21111-41-PRECINCT 159 41 DISTRICT (L159)
Jefferson,L160,bidenj,12/30/2021 10:16:32.119504,272,292,21111-41-PRECINCT 160 41 DISTRICT (L160)
Jefferson,L160,jorgensenj,12/30/2021 10:16:32.119504,4,292,21111-41-PRECINCT 160 41 DISTRICT (L160)
Jefferson,L160,pierceb,12/30/2021 10:16:32.119504,0,292,21111-41-PRECINCT 160 41 DISTRICT (L160)
Jefferson,L160,trumpd,12/30/2021 10:16:32.119504,12,292,21111-41-PRECINCT 160 41 DISTRICT (L160)
Jefferson,L160,westk,12/30/2021 10:16:32.119504,4,292,21111-41-PRECINCT 160 41 DISTRICT (L160)
Jefferson,L161,bidenj,12/30/2021 10:16:32.119504,399,420,21111-41-PRECINCT 161 41 DISTRICT (L161)
Jefferson,L161,jorgensenj,12/30/2021 10:16:32.119504,3,420,21111-41-PRECINCT 161 41 DISTRICT (L161)
Jefferson,L161,pierceb,12/30/2021 10:16:32.119504,0,420,21111-41-PRECINCT 161 41 DISTRICT (L161)
Jefferson,L161,trumpd,12/30/2021 10:16:32.119504,14,420,21111-41-PRECINCT 161 41 DISTRICT (L161)
Jefferson,L161,westk,12/30/2021 10:16:32.119504,4,420,21111-41-PRECINCT 161 41 DISTRICT (L161)
Jefferson,L162,bidenj,12/30/2021 10:16:32.119504,15,15,21111-41-PRECINCT 162 41 DISTRICT (L162)
Jefferson,L162,jorgensenj,12/30/2021 10:16:32.119504,0,15,21111-41-PRECINCT 162 41 DISTRICT (L162)
Jefferson,L162,pierceb,12/30/2021 10:16:32.119504,0,15,21111-41-PRECINCT 162 41 DISTRICT (L162)
Jefferson,L162,trumpd,12/30/2021 10:16:32.119504,0,15,21111-41-PRECINCT 162 41 DISTRICT (L162)
Jefferson,L162,westk,12/30/2021 10:16:32.119504,0,15,21111-41-PRECINCT 162 41 DISTRICT (L162)
Jefferson,L163,bidenj,12/30/2021 10:16:32.119504,202,219,21111-41-PRECINCT 163 41 DISTRICT (L163)
Jefferson,L163,jorgensenj,12/30/2021 10:16:32.119504,0,219,21111-41-PRECINCT 163 41 DISTRICT (L163)
Jefferson,L163,pierceb,12/30/2021 10:16:32.119504,0,219,21111-41-PRECINCT 163 41 DISTRICT (L163)
Jefferson,L163,trumpd,12/30/2021 10:16:32.119504,15,219,21111-41-PRECINCT 163 41 DISTRICT (L163)
Jefferson,L163,westk,12/30/2021 10:16:32.119504,2,219,21111-41-PRECINCT 163 41 DISTRICT (L163)
Jefferson,L164,bidenj,12/30/2021 10:16:32.119504,250,338,21111-41-PRECINCT 164 41 DISTRICT (L164)
Jefferson,L164,jorgensenj,12/30/2021 10:16:32.119504,4,338,21111-41-PRECINCT 164 41 DISTRICT (L164)
Jefferson,L164,pierceb,12/30/2021 10:16:32.119504,1,338,21111-41-PRECINCT 164 41 DISTRICT (L164)
Jefferson,L164,trumpd,12/30/2021 10:16:32.119504,81,338,21111-41-PRECINCT 164 41 DISTRICT (L164)
Jefferson,L164,westk,12/30/2021 10:16:32.119504,2,338,21111-41-PRECINCT 164 41 DISTRICT (L164)
Jefferson,M102,bidenj,12/30/2021 10:16:32.119504,983,1013,21111-42-PRECINCT 102 42 DISTRICT (M102)
Jefferson,M102,jorgensenj,12/30/2021 10:16:32.119504,0,1013,21111-42-PRECINCT 102 42 DISTRICT (M102)
Jefferson,M102,pierceb,12/30/2021 10:16:32.119504,2,1013,21111-42-PRECINCT 102 42 DISTRICT (M102)
Jefferson,M102,trumpd,12/30/2021 10:16:32.119504,22,1013,21111-42-PRECINCT 102 42 DISTRICT (M102)
Jefferson,M102,westk,12/30/2021 10:16:32.119504,6,1013,21111-42-PRECINCT 102 42 DISTRICT (M102)
Jefferson,M103,bidenj,12/30/2021 10:16:32.119504,1070,1107,21111-42-PRECINCT 103 42 DISTRICT (M103)
Jefferson,M103,jorgensenj,12/30/2021 10:16:32.119504,5,1107,21111-42-PRECINCT 103 42 DISTRICT (M103)
Jefferson,M103,pierceb,12/30/2021 10:16:32.119504,3,1107,21111-42-PRECINCT 103 42 DISTRICT (M103)
Jefferson,M103,trumpd,12/30/2021 10:16:32.119504,22,1107,21111-42-PRECINCT 103 42 DISTRICT (M103)
Jefferson,M103,westk,12/30/2021 10:16:32.119504,7,1107,21111-42-PRECINCT 103 42 DISTRICT (M103)
Jefferson,M104,bidenj,12/30/2021 10:16:32.119504,389,411,21111-42-PRECINCT 104 42 DISTRICT (M104)
Jefferson,M104,jorgensenj,12/30/2021 10:16:32.119504,2,411,21111-42-PRECINCT 104 42 DISTRICT (M104)
Jefferson,M104,pierceb,12/30/2021 10:16:32.119504,2,411,21111-42-PRECINCT 104 42 DISTRICT (M104)
Jefferson,M104,trumpd,12/30/2021 10:16:32.119504,13,411,21111-42-PRECINCT 104 42 DISTRICT (M104)
Jefferson,M104,westk,12/30/2021 10:16:32.119504,5,411,21111-42-PRECINCT 104 42 DISTRICT (M104)
Jefferson,M105,bidenj,12/30/2021 10:16:32.119504,411,430,21111-42-PRECINCT 105 42 DISTRICT (M105)
Jefferson,M105,jorgensenj,12/30/2021 10:16:32.119504,3,430,21111-42-PRECINCT 105 42 DISTRICT (M105)
Jefferson,M105,pierceb,12/30/2021 10:16:32.119504,0,430,21111-42-PRECINCT 105 42 DISTRICT (M105)
Jefferson,M105,trumpd,12/30/2021 10:16:32.119504,11,430,21111-42-PRECINCT 105 42 DISTRICT (M105)
Jefferson,M105,westk,12/30/2021 10:16:32.119504,5,430,21111-42-PRECINCT 105 42 DISTRICT (M105)
Jefferson,M107,bidenj,12/30/2021 10:16:32.119504,244,255,21111-42-PRECINCT 107 42 DISTRICT (M107)
Jefferson,M107,jorgensenj,12/30/2021 10:16:32.119504,1,255,21111-42-PRECINCT 107 42 DISTRICT (M107)
Jefferson,M107,pierceb,12/30/2021 10:16:32.119504,0,255,21111-42-PRECINCT 107 42 DISTRICT (M107)
Jefferson,M107,trumpd,12/30/2021 10:16:32.119504,7,255,21111-42-PRECINCT 107 42 DISTRICT (M107)
Jefferson,M107,westk,12/30/2021 10:16:32.119504,3,255,21111-42-PRECINCT 107 42 DISTRICT (M107)
Jefferson,M110,bidenj,12/30/2021 10:16:32.119504,552,585,21111-42-PRECINCT 110 42 DISTRICT (M110)
Jefferson,M110,jorgensenj,12/30/2021 10:16:32.119504,3,585,21111-42-PRECINCT 110 42 DISTRICT (M110)
Jefferson,M110,pierceb,12/30/2021 10:16:32.119504,0,585,21111-42-PRECINCT 110 42 DISTRICT (M110)
Jefferson,M110,trumpd,12/30/2021 10:16:32.119504,19,585,21111-42-PRECINCT 110 42 DISTRICT (M110)
Jefferson,M110,westk,12/30/2021 10:16:32.119504,11,585,21111-42-PRECINCT 110 42 DISTRICT (M110)
Jefferson,M121,bidenj,12/30/2021 10:16:32.119504,521,617,21111-42-PRECINCT 121 42 DISTRICT (M121)
Jefferson,M121,jorgensenj,12/30/2021 10:16:32.119504,10,617,21111-42-PRECINCT 121 42 DISTRICT (M121)
Jefferson,M121,pierceb,12/30/2021 10:16:32.119504,3,617,21111-42-PRECINCT 121 42 DISTRICT (M121)
Jefferson,M121,trumpd,12/30/2021 10:16:32.119504,82,617,21111-42-PRECINCT 121 42 DISTRICT (M121)
Jefferson,M121,westk,12/30/2021 10:16:32.119504,1,617,21111-42-PRECINCT 121 42 DISTRICT (M121)
Jefferson,M123,bidenj,12/30/2021 10:16:32.119504,803,972,21111-42-PRECINCT 123 42 DISTRICT (M123)
Jefferson,M123,jorgensenj,12/30/2021 10:16:32.119504,10,972,21111-42-PRECINCT 123 42 DISTRICT (M123)
Jefferson,M123,pierceb,12/30/2021 10:16:32.119504,3,972,21111-42-PRECINCT 123 42 DISTRICT (M123)
Jefferson,M123,trumpd,12/30/2021 10:16:32.119504,148,972,21111-42-PRECINCT 123 42 DISTRICT (M123)
Jefferson,M123,westk,12/30/2021 10:16:32.119504,8,972,21111-42-PRECINCT 123 42 DISTRICT (M123)
Jefferson,M124,bidenj,12/30/2021 10:16:32.119504,650,749,21111-42-PRECINCT 124 42 DISTRICT (M124)
Jefferson,M124,jorgensenj,12/30/2021 10:16:32.119504,8,749,21111-42-PRECINCT 124 42 DISTRICT (M124)
Jefferson,M124,pierceb,12/30/2021 10:16:32.119504,0,749,21111-42-PRECINCT 124 42 DISTRICT (M124)
Jefferson,M124,trumpd,12/30/2021 10:16:32.119504,90,749,21111-42-PRECINCT 124 42 DISTRICT (M124)
Jefferson,M124,westk,12/30/2021 10:16:32.119504,1,749,21111-42-PRECINCT 124 42 DISTRICT (M124)
Jefferson,M129,bidenj,12/30/2021 10:16:32.119504,266,283,21111-42-PRECINCT 129 42 DISTRICT (M129)
Jefferson,M129,jorgensenj,12/30/2021 10:16:32.119504,1,283,21111-42-PRECINCT 129 42 DISTRICT (M129)
Jefferson,M129,pierceb,12/30/2021 10:16:32.119504,0,283,21111-42-PRECINCT 129 42 DISTRICT (M129)
Jefferson,M129,trumpd,12/30/2021 10:16:32.119504,12,283,21111-42-PRECINCT 129 42 DISTRICT (M129)
Jefferson,M129,westk,12/30/2021 10:16:32.119504,4,283,21111-42-PRECINCT 129 42 DISTRICT (M129)
Jefferson,M130,bidenj,12/30/2021 10:16:32.119504,258,304,21111-42-PRECINCT 130 42 DISTRICT (M130)
Jefferson,M130,jorgensenj,12/30/2021 10:16:32.119504,1,304,21111-42-PRECINCT 130 42 DISTRICT (M130)
Jefferson,M130,pierceb,12/30/2021 10:16:32.119504,2,304,21111-42-PRECINCT 130 42 DISTRICT (M130)
Jefferson,M130,trumpd,12/30/2021 10:16:32.119504,40,304,21111-42-PRECINCT 130 42 DISTRICT (M130)
Jefferson,M130,westk,12/30/2021 10:16:32.119504,3,304,21111-42-PRECINCT 130 42 DISTRICT (M130)
Jefferson,M131,bidenj,12/30/2021 10:16:32.119504,325,385,21111-42-PRECINCT 131 42 DISTRICT (M131)
Jefferson,M131,jorgensenj,12/30/2021 10:16:32.119504,5,385,21111-42-PRECINCT 131 42 DISTRICT (M131)
Jefferson,M131,pierceb,12/30/2021 10:16:32.119504,0,385,21111-42-PRECINCT 131 42 DISTRICT (M131)
Jefferson,M131,trumpd,12/30/2021 10:16:32.119504,52,385,21111-42-PRECINCT 131 42 DISTRICT (M131)
Jefferson,M131,westk,12/30/2021 10:16:32.119504,3,385,21111-42-PRECINCT 131 42 DISTRICT (M131)
Jefferson,M133,bidenj,12/30/2021 10:16:32.119504,684,705,21111-42-PRECINCT 133 42 DISTRICT (M133)
Jefferson,M133,jorgensenj,12/30/2021 10:16:32.119504,1,705,21111-42-PRECINCT 133 42 DISTRICT (M133)
Jefferson,M133,pierceb,12/30/2021 10:16:32.119504,1,705,21111-42-PRECINCT 133 42 DISTRICT (M133)
Jefferson,M133,trumpd,12/30/2021 10:16:32.119504,16,705,21111-42-PRECINCT 133 42 DISTRICT (M133)
Jefferson,M133,westk,12/30/2021 10:16:32.119504,3,705,21111-42-PRECINCT 133 42 DISTRICT (M133)
Jefferson,M137,bidenj,12/30/2021 10:16:32.119504,360,501,21111-42-PRECINCT 137 42 DISTRICT (M137)
Jefferson,M137,jorgensenj,12/30/2021 10:16:32.119504,6,501,21111-42-PRECINCT 137 42 DISTRICT (M137)
Jefferson,M137,pierceb,12/30/2021 10:16:32.119504,0,501,21111-42-PRECINCT 137 42 DISTRICT (M137)
Jefferson,M137,trumpd,12/30/2021 10:16:32.119504,131,501,21111-42-PRECINCT 137 42 DISTRICT (M137)
Jefferson,M137,westk,12/30/2021 10:16:32.119504,4,501,21111-42-PRECINCT 137 42 DISTRICT (M137)
Jefferson,M138,bidenj,12/30/2021 10:16:32.119504,797,981,21111-42-PRECINCT 138 42 DISTRICT (M138)
Jefferson,M138,jorgensenj,12/30/2021 10:16:32.119504,3,981,21111-42-PRECINCT 138 42 DISTRICT (M138)
Jefferson,M138,pierceb,12/30/2021 10:16:32.119504,2,981,21111-42-PRECINCT 138 42 DISTRICT (M138)
Jefferson,M138,trumpd,12/30/2021 10:16:32.119504,175,981,21111-42-PRECINCT 138 42 DISTRICT (M138)
Jefferson,M138,westk,12/30/2021 10:16:32.119504,4,981,21111-42-PRECINCT 138 42 DISTRICT (M138)
Jefferson,M139,bidenj,12/30/2021 10:16:32.119504,687,867,21111-42-PRECINCT 139 42 DISTRICT (M139)
Jefferson,M139,jorgensenj,12/30/2021 10:16:32.119504,15,867,21111-42-PRECINCT 139 42 DISTRICT (M139)
Jefferson,M139,pierceb,12/30/2021 10:16:32.119504,1,867,21111-42-PRECINCT 139 42 DISTRICT (M139)
Jefferson,M139,trumpd,12/30/2021 10:16:32.119504,162,867,21111-42-PRECINCT 139 42 DISTRICT (M139)
Jefferson,M139,westk,12/30/2021 10:16:32.119504,2,867,21111-42-PRECINCT 139 42 DISTRICT (M139)
Jefferson,M140,bidenj,12/30/2021 10:16:32.119504,237,292,21111-42-PRECINCT 140 42 DISTRICT (M140)
Jefferson,M140,jorgensenj,12/30/2021 10:16:32.119504,4,292,21111-42-PRECINCT 140 42 DISTRICT (M140)
Jefferson,M140,pierceb,12/30/2021 10:16:32.119504,1,292,21111-42-PRECINCT 140 42 DISTRICT (M140)
Jefferson,M140,trumpd,12/30/2021 10:16:32.119504,49,292,21111-42-PRECINCT 140 42 DISTRICT (M140)
Jefferson,M140,westk,12/30/2021 10:16:32.119504,1,292,21111-42-PRECINCT 140 42 DISTRICT (M140)
Jefferson,M141,bidenj,12/30/2021 10:16:32.119504,334,398,21111-42-PRECINCT 141 42 DISTRICT (M141)
Jefferson,M141,jorgensenj,12/30/2021 10:16:32.119504,6,398,21111-42-PRECINCT 141 42 DISTRICT (M141)
Jefferson,M141,pierceb,12/30/2021 10:16:32.119504,0,398,21111-42-PRECINCT 141 42 DISTRICT (M141)
Jefferson,M141,trumpd,12/30/2021 10:16:32.119504,58,398,21111-42-PRECINCT 141 42 DISTRICT (M141)
Jefferson,M141,westk,12/30/2021 10:16:32.119504,0,398,21111-42-PRECINCT 141 42 DISTRICT (M141)
Jefferson,M142,bidenj,12/30/2021 10:16:32.119504,917,1131,21111-42-PRECINCT 142 42 DISTRICT (M142)
Jefferson,M142,jorgensenj,12/30/2021 10:16:32.119504,19,1131,21111-42-PRECINCT 142 42 DISTRICT (M142)
Jefferson,M142,pierceb,12/30/2021 10:16:32.119504,1,1131,21111-42-PRECINCT 142 42 DISTRICT (M142)
Jefferson,M142,trumpd,12/30/2021 10:16:32.119504,192,1131,21111-42-PRECINCT 142 42 DISTRICT (M142)
Jefferson,M142,westk,12/30/2021 10:16:32.119504,2,1131,21111-42-PRECINCT 142 42 DISTRICT (M142)
Jefferson,M143,bidenj,12/30/2021 10:16:32.119504,521,662,21111-42-PRECINCT 143 42 DISTRICT (M143)
Jefferson,M143,jorgensenj,12/30/2021 10:16:32.119504,8,662,21111-42-PRECINCT 143 42 DISTRICT (M143)
Jefferson,M143,pierceb,12/30/2021 10:16:32.119504,1,662,21111-42-PRECINCT 143 42 DISTRICT (M143)
Jefferson,M143,trumpd,12/30/2021 10:16:32.119504,132,662,21111-42-PRECINCT 143 42 DISTRICT (M143)
Jefferson,M143,westk,12/30/2021 10:16:32.119504,0,662,21111-42-PRECINCT 143 42 DISTRICT (M143)
Jefferson,M144,bidenj,12/30/2021 10:16:32.119504,298,371,21111-42-PRECINCT 144 42 DISTRICT (M144)
Jefferson,M144,jorgensenj,12/30/2021 10:16:32.119504,7,371,21111-42-PRECINCT 144 42 DISTRICT (M144)
Jefferson,M144,pierceb,12/30/2021 10:16:32.119504,0,371,21111-42-PRECINCT 144 42 DISTRICT (M144)
Jefferson,M144,trumpd,12/30/2021 10:16:32.119504,60,371,21111-42-PRECINCT 144 42 DISTRICT (M144)
Jefferson,M144,westk,12/30/2021 10:16:32.119504,6,371,21111-42-PRECINCT 144 42 DISTRICT (M144)
Jefferson,M145,bidenj,12/30/2021 10:16:32.119504,33,35,21111-42-PRECINCT 145 42 DISTRICT (M145)
Jefferson,M145,jorgensenj,12/30/2021 10:16:32.119504,0,35,21111-42-PRECINCT 145 42 DISTRICT (M145)
Jefferson,M145,pierceb,12/30/2021 10:16:32.119504,0,35,21111-42-PRECINCT 145 42 DISTRICT (M145)
Jefferson,M145,trumpd,12/30/2021 10:16:32.119504,2,35,21111-42-PRECINCT 145 42 DISTRICT (M145)
Jefferson,M145,westk,12/30/2021 10:16:32.119504,0,35,21111-42-PRECINCT 145 42 DISTRICT (M145)
Jefferson,M146,bidenj,12/30/2021 10:16:32.119504,576,664,21111-42-PRECINCT 146 42 DISTRICT (M146)
Jefferson,M146,jorgensenj,12/30/2021 10:16:32.119504,12,664,21111-42-PRECINCT 146 42 DISTRICT (M146)
Jefferson,M146,pierceb,12/30/2021 10:16:32.119504,2,664,21111-42-PRECINCT 146 42 DISTRICT (M146)
Jefferson,M146,trumpd,12/30/2021 10:16:32.119504,70,664,21111-42-PRECINCT 146 42 DISTRICT (M146)
Jefferson,M146,westk,12/30/2021 10:16:32.119504,4,664,21111-42-PRECINCT 146 42 DISTRICT (M146)
Jefferson,M147,bidenj,12/30/2021 10:16:32.119504,398,483,21111-42-PRECINCT 147 42 DISTRICT (M147)
Jefferson,M147,jorgensenj,12/30/2021 10:16:32.119504,7,483,21111-42-PRECINCT 147 42 DISTRICT (M147)
Jefferson,M147,pierceb,12/30/2021 10:16:32.119504,0,483,21111-42-PRECINCT 147 42 DISTRICT (M147)
Jefferson,M147,trumpd,12/30/2021 10:16:32.119504,74,483,21111-42-PRECINCT 147 42 DISTRICT (M147)
Jefferson,M147,westk,12/30/2021 10:16:32.119504,4,483,21111-42-PRECINCT 147 42 DISTRICT (M147)
Jefferson,M148,bidenj,12/30/2021 10:16:32.119504,465,475,21111-42-PRECINCT 148 42 DISTRICT (M148)
Jefferson,M148,jorgensenj,12/30/2021 10:16:32.119504,1,475,21111-42-PRECINCT 148 42 DISTRICT (M148)
Jefferson,M148,pierceb,12/30/2021 10:16:32.119504,0,475,21111-42-PRECINCT 148 42 DISTRICT (M148)
Jefferson,M148,trumpd,12/30/2021 10:16:32.119504,5,475,21111-42-PRECINCT 148 42 DISTRICT (M148)
Jefferson,M148,westk,12/30/2021 10:16:32.119504,4,475,21111-42-PRECINCT 148 42 DISTRICT (M148)
Jefferson,M149,bidenj,12/30/2021 10:16:32.119504,295,486,21111-42-PRECINCT 149 42 DISTRICT (M149)
Jefferson,M149,jorgensenj,12/30/2021 10:16:32.119504,2,486,21111-42-PRECINCT 149 42 DISTRICT (M149)
Jefferson,M149,pierceb,12/30/2021 10:16:32.119504,1,486,21111-42-PRECINCT 149 42 DISTRICT (M149)
Jefferson,M149,trumpd,12/30/2021 10:16:32.119504,184,486,21111-42-PRECINCT 149 42 DISTRICT (M149)
Jefferson,M149,westk,12/30/2021 10:16:32.119504,4,486,21111-42-PRECINCT 149 42 DISTRICT (M149)
Jefferson,M150,bidenj,12/30/2021 10:16:32.119504,250,338,21111-42-PRECINCT 150 42 DISTRICT (M150)
Jefferson,M150,jorgensenj,12/30/2021 10:16:32.119504,6,338,21111-42-PRECINCT 150 42 DISTRICT (M150)
Jefferson,M150,pierceb,12/30/2021 10:16:32.119504,1,338,21111-42-PRECINCT 150 42 DISTRICT (M150)
Jefferson,M150,trumpd,12/30/2021 10:16:32.119504,79,338,21111-42-PRECINCT 150 42 DISTRICT (M150)
Jefferson,M150,westk,12/30/2021 10:16:32.119504,2,338,21111-42-PRECINCT 150 42 DISTRICT (M150)
Jefferson,M159,bidenj,12/30/2021 10:16:32.119504,188,235,21111-42-PRECINCT 159 42 DISTRICT (M159)
Jefferson,M159,jorgensenj,12/30/2021 10:16:32.119504,5,235,21111-42-PRECINCT 159 42 DISTRICT (M159)
Jefferson,M159,pierceb,12/30/2021 10:16:32.119504,0,235,21111-42-PRECINCT 159 42 DISTRICT (M159)
Jefferson,M159,trumpd,12/30/2021 10:16:32.119504,38,235,21111-42-PRECINCT 159 42 DISTRICT (M159)
Jefferson,M159,westk,12/30/2021 10:16:32.119504,4,235,21111-42-PRECINCT 159 42 DISTRICT (M159)
Jefferson,M160,bidenj,12/30/2021 10:16:32.119504,117,144,21111-42-PRECINCT 160 42 DISTRICT (M160)
Jefferson,M160,jorgensenj,12/30/2021 10:16:32.119504,3,144,21111-42-PRECINCT 160 42 DISTRICT (M160)
Jefferson,M160,pierceb,12/30/2021 10:16:32.119504,0,144,21111-42-PRECINCT 160 42 DISTRICT (M160)
Jefferson,M160,trumpd,12/30/2021 10:16:32.119504,24,144,21111-42-PRECINCT 160 42 DISTRICT (M160)
Jefferson,M160,westk,12/30/2021 10:16:32.119504,0,144,21111-42-PRECINCT 160 42 DISTRICT (M160)
Jefferson,M162,bidenj,12/30/2021 10:16:32.119504,246,283,21111-42-PRECINCT 162 42 DISTRICT (M162)
Jefferson,M162,jorgensenj,12/30/2021 10:16:32.119504,0,283,21111-42-PRECINCT 162 42 DISTRICT (M162)
Jefferson,M162,pierceb,12/30/2021 10:16:32.119504,0,283,21111-42-PRECINCT 162 42 DISTRICT (M162)
Jefferson,M162,trumpd,12/30/2021 10:16:32.119504,37,283,21111-42-PRECINCT 162 42 DISTRICT (M162)
Jefferson,M162,westk,12/30/2021 10:16:32.119504,0,283,21111-42-PRECINCT 162 42 DISTRICT (M162)
Jefferson,M163,bidenj,12/30/2021 10:16:32.119504,214,254,21111-42-PRECINCT 163 42 DISTRICT (M163)
Jefferson,M163,jorgensenj,12/30/2021 10:16:32.119504,2,254,21111-42-PRECINCT 163 42 DISTRICT (M163)
Jefferson,M163,pierceb,12/30/2021 10:16:32.119504,0,254,21111-42-PRECINCT 163 42 DISTRICT (M163)
Jefferson,M163,trumpd,12/30/2021 10:16:32.119504,38,254,21111-42-PRECINCT 163 42 DISTRICT (M163)
Jefferson,M163,westk,12/30/2021 10:16:32.119504,0,254,21111-42-PRECINCT 163 42 DISTRICT (M163)
Jefferson,M164,bidenj,12/30/2021 10:16:32.119504,22,33,21111-42-PRECINCT 164 42 DISTRICT (M164)
Jefferson,M164,jorgensenj,12/30/2021 10:16:32.119504,2,33,21111-42-PRECINCT 164 42 DISTRICT (M164)
Jefferson,M164,pierceb,12/30/2021 10:16:32.119504,0,33,21111-42-PRECINCT 164 42 DISTRICT (M164)
Jefferson,M164,trumpd,12/30/2021 10:16:32.119504,7,33,21111-42-PRECINCT 164 42 DISTRICT (M164)
Jefferson,M164,westk,12/30/2021 10:16:32.119504,2,33,21111-42-PRECINCT 164 42 DISTRICT (M164)
Jefferson,M165,bidenj,12/30/2021 10:16:32.119504,0,0,
Jefferson,M165,jorgensenj,12/30/2021 10:16:32.119504,0,0,
Jefferson,M165,pierceb,12/30/2021 10:16:32.119504,0,0,
Jefferson,M165,trumpd,12/30/2021 10:16:32.119504,0,0,
Jefferson,M165,westk,12/30/2021 10:16:32.119504,0,0,
Jefferson,M166,bidenj,12/30/2021 10:16:32.119504,396,469,21111-42-PRECINCT 166 42 DISTRICT (M166)
Jefferson,M166,jorgensenj,12/30/2021 10:16:32.119504,2,469,21111-42-PRECINCT 166 42 DISTRICT (M166)
Jefferson,M166,pierceb,12/30/2021 10:16:32.119504,2,469,21111-42-PRECINCT 166 42 DISTRICT (M166)
Jefferson,M166,trumpd,12/30/2021 10:16:32.119504,64,469,21111-42-PRECINCT 166 42 DISTRICT (M166)
Jefferson,M166,westk,12/30/2021 10:16:32.119504,5,469,21111-42-PRECINCT 166 42 DISTRICT (M166)
Jefferson,M167,bidenj,12/30/2021 10:16:32.119504,0,0,
Jefferson,M167,jorgensenj,12/30/2021 10:16:32.119504,0,0,
Jefferson,M167,pierceb,12/30/2021 10:16:32.119504,0,0,
Jefferson,M167,trumpd,12/30/2021 10:16:32.119504,0,0,
Jefferson,M167,westk,12/30/2021 10:16:32.119504,0,0,
Jefferson,M168,bidenj,12/30/2021 10:16:32.119504,146,162,21111-42-PRECINCT 168 42 DISTRICT (M168)
Jefferson,M168,jorgensenj,12/30/2021 10:16:32.119504,3,162,21111-42-PRECINCT 168 42 DISTRICT (M168)
Jefferson,M168,pierceb,12/30/2021 10:16:32.119504,0,162,21111-42-PRECINCT 168 42 DISTRICT (M168)
Jefferson,M168,trumpd,12/30/2021 10:16:32.119504,12,162,21111-42-PRECINCT 168 42 DISTRICT (M168)
Jefferson,M168,westk,12/30/2021 10:16:32.119504,1,162,21111-42-PRECINCT 168 42 DISTRICT (M168)
Jefferson,M169,bidenj,12/30/2021 10:16:32.119504,458,477,21111-42-PRECINCT 169 42 DISTRICT (M169)
Jefferson,M169,jorgensenj,12/30/2021 10:16:32.119504,4,477,21111-42-PRECINCT 169 42 DISTRICT (M169)
Jefferson,M169,pierceb,12/30/2021 10:16:32.119504,0,477,21111-42-PRECINCT 169 42 DISTRICT (M169)
Jefferson,M169,trumpd,12/30/2021 10:16:32.119504,15,477,21111-42-PRECINCT 169 42 DISTRICT (M169)
Jefferson,M169,westk,12/30/2021 10:16:32.119504,0,477,21111-42-PRECINCT 169 42 DISTRICT (M169)
Jefferson,M170,bidenj,12/30/2021 10:16:32.119504,641,683,21111-42-PRECINCT 170 42 DISTRICT (M170)
Jefferson,M170,jorgensenj,12/30/2021 10:16:32.119504,4,683,21111-42-PRECINCT 170 42 DISTRICT (M170)
Jefferson,M170,pierceb,12/30/2021 10:16:32.119504,1,683,21111-42-PRECINCT 170 42 DISTRICT (M170)
Jefferson,M170,trumpd,12/30/2021 10:16:32.119504,33,683,21111-42-PRECINCT 170 42 DISTRICT (M170)
Jefferson,M170,westk,12/30/2021 10:16:32.119504,4,683,21111-42-PRECINCT 170 42 DISTRICT (M170)
Jefferson,M171,bidenj,12/30/2021 10:16:32.119504,677,716,21111-42-PRECINCT 171 42 DISTRICT (M171)
Jefferson,M171,jorgensenj,12/30/2021 10:16:32.119504,2,716,21111-42-PRECINCT 171 42 DISTRICT (M171)
Jefferson,M171,pierceb,12/30/2021 10:16:32.119504,0,716,21111-42-PRECINCT 171 42 DISTRICT (M171)
Jefferson,M171,trumpd,12/30/2021 10:16:32.119504,34,716,21111-42-PRECINCT 171 42 DISTRICT (M171)
Jefferson,M171,westk,12/30/2021 10:16:32.119504,3,716,21111-42-PRECINCT 171 42 DISTRICT (M171)
Jefferson,M172,bidenj,12/30/2021 10:16:32.119504,152,171,21111-42-PRECINCT 172 42 DISTRICT (M172)
Jefferson,M172,jorgensenj,12/30/2021 10:16:32.119504,1,171,21111-42-PRECINCT 172 42 DISTRICT (M172)
Jefferson,M172,pierceb,12/30/2021 10:16:32.119504,0,171,21111-42-PRECINCT 172 42 DISTRICT (M172)
Jefferson,M172,trumpd,12/30/2021 10:16:32.119504,16,171,21111-42-PRECINCT 172 42 DISTRICT (M172)
Jefferson,M172,westk,12/30/2021 10:16:32.119504,2,171,21111-42-PRECINCT 172 42 DISTRICT (M172)
Jefferson,M173,bidenj,12/30/2021 10:16:32.119504,601,696,21111-42-PRECINCT 173 42 DISTRICT (M173)
Jefferson,M173,jorgensenj,12/30/2021 10:16:32.119504,4,696,21111-42-PRECINCT 173 42 DISTRICT (M173)
Jefferson,M173,pierceb,12/30/2021 10:16:32.119504,0,696,21111-42-PRECINCT 173 42 DISTRICT (M173)
Jefferson,M173,trumpd,12/30/2021 10:16:32.119504,89,696,21111-42-PRECINCT 173 42 DISTRICT (M173)
Jefferson,M173,westk,12/30/2021 10:16:32.119504,2,696,21111-42-PRECINCT 173 42 DISTRICT (M173)
Jefferson,M174,bidenj,12/30/2021 10:16:32.119504,0,0,21111-42-PRECINCT 174 42 DISTRICT (M174)
Jefferson,M174,jorgensenj,12/30/2021 10:16:32.119504,0,0,21111-42-PRECINCT 174 42 DISTRICT (M174)
Jefferson,M174,pierceb,12/30/2021 10:16:32.119504,0,0,21111-42-PRECINCT 174 42 DISTRICT (M174)
Jefferson,M174,trumpd,12/30/2021 10:16:32.119504,0,0,21111-42-PRECINCT 174 42 DISTRICT (M174)
Jefferson,M174,westk,12/30/2021 10:16:32.119504,0,0,21111-42-PRECINCT 174 42 DISTRICT (M174)
Jefferson,M175,bidenj,12/30/2021 10:16:32.119504,0,0,
Jefferson,M175,jorgensenj,12/30/2021 10:16:32.119504,0,0,
Jefferson,M175,pierceb,12/30/2021 10:16:32.119504,0,0,
Jefferson,M175,trumpd,12/30/2021 10:16:32.119504,0,0,
Jefferson,M175,westk,12/30/2021 10:16:32.119504,0,0,
Jefferson,N101,bidenj,12/30/2021 10:16:32.119504,569,686,21111-43-PRECINCT 101 43 DISTRICT (N101)
Jefferson,N101,jorgensenj,12/30/2021 10:16:32.119504,2,686,21111-43-PRECINCT 101 43 DISTRICT (N101)
Jefferson,N101,pierceb,12/30/2021 10:16:32.119504,1,686,21111-43-PRECINCT 101 43 DISTRICT (N101)
Jefferson,N101,trumpd,12/30/2021 10:16:32.119504,112,686,21111-43-PRECINCT 101 43 DISTRICT (N101)
Jefferson,N101,westk,12/30/2021 10:16:32.119504,2,686,21111-43-PRECINCT 101 43 DISTRICT (N101)
Jefferson,N102,bidenj,12/30/2021 10:16:32.119504,353,620,21111-43-PRECINCT 102 43 DISTRICT (N102)
Jefferson,N102,jorgensenj,12/30/2021 10:16:32.119504,9,620,21111-43-PRECINCT 102 43 DISTRICT (N102)
Jefferson,N102,pierceb,12/30/2021 10:16:32.119504,2,620,21111-43-PRECINCT 102 43 DISTRICT (N102)
Jefferson,N102,trumpd,12/30/2021 10:16:32.119504,255,620,21111-43-PRECINCT 102 43 DISTRICT (N102)
Jefferson,N102,westk,12/30/2021 10:16:32.119504,1,620,21111-43-PRECINCT 102 43 DISTRICT (N102)
Jefferson,N103,bidenj,12/30/2021 10:16:32.119504,730,766,21111-43-PRECINCT 103 43 DISTRICT (N103)
Jefferson,N103,jorgensenj,12/30/2021 10:16:32.119504,8,766,21111-43-PRECINCT 103 43 DISTRICT (N103)
Jefferson,N103,pierceb,12/30/2021 10:16:32.119504,0,766,21111-43-PRECINCT 103 43 DISTRICT (N103)
Jefferson,N103,trumpd,12/30/2021 10:16:32.119504,27,766,21111-43-PRECINCT 103 43 DISTRICT (N103)
Jefferson,N103,westk,12/30/2021 10:16:32.119504,1,766,21111-43-PRECINCT 103 43 DISTRICT (N103)
Jefferson,N104,bidenj,12/30/2021 10:16:32.119504,720,782,21111-43-PRECINCT 104 43 DISTRICT (N104)
Jefferson,N104,jorgensenj,12/30/2021 10:16:32.119504,6,782,21111-43-PRECINCT 104 43 DISTRICT (N104)
Jefferson,N104,pierceb,12/30/2021 10:16:32.119504,2,782,21111-43-PRECINCT 104 43 DISTRICT (N104)
Jefferson,N104,trumpd,12/30/2021 10:16:32.119504,48,782,21111-43-PRECINCT 104 43 DISTRICT (N104)
Jefferson,N104,westk,12/30/2021 10:16:32.119504,6,782,21111-43-PRECINCT 104 43 DISTRICT (N104)
Jefferson,N105,bidenj,12/30/2021 10:16:32.119504,592,633,21111-43-PRECINCT 105 43 DISTRICT (N105)
Jefferson,N105,jorgensenj,12/30/2021 10:16:32.119504,2,633,21111-43-PRECINCT 105 43 DISTRICT (N105)
Jefferson,N105,pierceb,12/30/2021 10:16:32.119504,0,633,21111-43-PRECINCT 105 43 DISTRICT (N105)
Jefferson,N105,trumpd,12/30/2021 10:16:32.119504,31,633,21111-43-PRECINCT 105 43 DISTRICT (N105)
Jefferson,N105,westk,12/30/2021 10:16:32.119504,8,633,21111-43-PRECINCT 105 43 DISTRICT (N105)
Jefferson,N106,bidenj,12/30/2021 10:16:32.119504,703,721,21111-43-PRECINCT 106 43 DISTRICT (N106)
Jefferson,N106,jorgensenj,12/30/2021 10:16:32.119504,1,721,21111-43-PRECINCT 106 43 DISTRICT (N106)
Jefferson,N106,pierceb,12/30/2021 10:16:32.119504,1,721,21111-43-PRECINCT 106 43 DISTRICT (N106)
Jefferson,N106,trumpd,12/30/2021 10:16:32.119504,11,721,21111-43-PRECINCT 106 43 DISTRICT (N106)
Jefferson,N106,westk,12/30/2021 10:16:32.119504,5,721,21111-43-PRECINCT 106 43 DISTRICT (N106)
Jefferson,N107,bidenj,12/30/2021 10:16:32.119504,724,754,21111-43-PRECINCT 107 43 DISTRICT (N107)
Jefferson,N107,jorgensenj,12/30/2021 10:16:32.119504,5,754,21111-43-PRECINCT 107 43 DISTRICT (N107)
Jefferson,N107,pierceb,12/30/2021 10:16:32.119504,1,754,21111-43-PRECINCT 107 43 DISTRICT (N107)
Jefferson,N107,trumpd,12/30/2021 10:16:32.119504,17,754,21111-43-PRECINCT 107 43 DISTRICT (N107)
Jefferson,N107,westk,12/30/2021 10:16:32.119504,7,754,21111-43-PRECINCT 107 43 DISTRICT (N107)
Jefferson,N108,bidenj,12/30/2021 10:16:32.119504,761,794,21111-43-PRECINCT 108 43 DISTRICT (N108)
Jefferson,N108,jorgensenj,12/30/2021 10:16:32.119504,3,794,21111-43-PRECINCT 108 43 DISTRICT (N108)
Jefferson,N108,pierceb,12/30/2021 10:16:32.119504,1,794,21111-43-PRECINCT 108 43 DISTRICT (N108)
Jefferson,N108,trumpd,12/30/2021 10:16:32.119504,22,794,21111-43-PRECINCT 108 43 DISTRICT (N108)
Jefferson,N108,westk,12/30/2021 10:16:32.119504,7,794,21111-43-PRECINCT 108 43 DISTRICT (N108)
Jefferson,N109,bidenj,12/30/2021 10:16:32.119504,492,521,21111-43-PRECINCT 109 43 DISTRICT (N109)
Jefferson,N109,jorgensenj,12/30/2021 10:16:32.119504,2,521,21111-43-PRECINCT 109 43 DISTRICT (N109)
Jefferson,N109,pierceb,12/30/2021 10:16:32.119504,3,521,21111-43-PRECINCT 109 43 DISTRICT (N109)
Jefferson,N109,trumpd,12/30/2021 10:16:32.119504,21,521,21111-43-PRECINCT 109 43 DISTRICT (N109)
Jefferson,N109,westk,12/30/2021 10:16:32.119504,3,521,21111-43-PRECINCT 109 43 DISTRICT (N109)
Jefferson,N110,bidenj,12/30/2021 10:16:32.119504,447,462,21111-43-PRECINCT 110 43 DISTRICT (N110)
Jefferson,N110,jorgensenj,12/30/2021 10:16:32.119504,0,462,21111-43-PRECINCT 110 43 DISTRICT (N110)
Jefferson,N110,pierceb,12/30/2021 10:16:32.119504,1,462,21111-43-PRECINCT 110 43 DISTRICT (N110)
Jefferson,N110,trumpd,12/30/2021 10:16:32.119504,13,462,21111-43-PRECINCT 110 43 DISTRICT (N110)
Jefferson,N110,westk,12/30/2021 10:16:32.119504,1,462,21111-43-PRECINCT 110 43 DISTRICT (N110)
Jefferson,N111,bidenj,12/30/2021 10:16:32.119504,314,325,21111-43-PRECINCT 111 43 DISTRICT (N111)
Jefferson,N111,jorgensenj,12/30/2021 10:16:32.119504,3,325,21111-43-PRECINCT 111 43 DISTRICT (N111)
Jefferson,N111,pierceb,12/30/2021 10:16:32.119504,0,325,21111-43-PRECINCT 111 43 DISTRICT (N111)
Jefferson,N111,trumpd,12/30/2021 10:16:32.119504,4,325,21111-43-PRECINCT 111 43 DISTRICT (N111)
Jefferson,N111,westk,12/30/2021 10:16:32.119504,4,325,21111-43-PRECINCT 111 43 DISTRICT (N111)
Jefferson,N112,bidenj,12/30/2021 10:16:32.119504,357,372,21111-43-PRECINCT 112 43 DISTRICT (N112)
Jefferson,N112,jorgensenj,12/30/2021 10:16:32.119504,0,372,21111-43-PRECINCT 112 43 DISTRICT (N112)
Jefferson,N112,pierceb,12/30/2021 10:16:32.119504,1,372,21111-43-PRECINCT 112 43 DISTRICT (N112)
Jefferson,N112,trumpd,12/30/2021 10:16:32.119504,9,372,21111-43-PRECINCT 112 43 DISTRICT (N112)
Jefferson,N112,westk,12/30/2021 10:16:32.119504,5,372,21111-43-PRECINCT 112 43 DISTRICT (N112)
Jefferson,N113,bidenj,12/30/2021 10:16:32.119504,290,307,21111-43-PRECINCT 113 43 DISTRICT (N113)
Jefferson,N113,jorgensenj,12/30/2021 10:16:32.119504,4,307,21111-43-PRECINCT 113 43 DISTRICT (N113)
Jefferson,N113,pierceb,12/30/2021 10:16:32.119504,1,307,21111-43-PRECINCT 113 43 DISTRICT (N113)
Jefferson,N113,trumpd,12/30/2021 10:16:32.119504,9,307,21111-43-PRECINCT 113 43 DISTRICT (N113)
Jefferson,N113,westk,12/30/2021 10:16:32.119504,3,307,21111-43-PRECINCT 113 43 DISTRICT (N113)
Jefferson,N115,bidenj,12/30/2021 10:16:32.119504,266,459,21111-43-PRECINCT 115 43 DISTRICT (N115)
Jefferson,N115,jorgensenj,12/30/2021 10:16:32.119504,5,459,21111-43-PRECINCT 115 43 DISTRICT (N115)
Jefferson,N115,pierceb,12/30/2021 10:16:32.119504,3,459,21111-43-PRECINCT 115 43 DISTRICT (N115)
Jefferson,N115,trumpd,12/30/2021 10:16:32.119504,182,459,21111-43-PRECINCT 115 43 DISTRICT (N115)
Jefferson,N115,westk,12/30/2021 10:16:32.119504,3,459,21111-43-PRECINCT 115 43 DISTRICT (N115)
Jefferson,N117,bidenj,12/30/2021 10:16:32.119504,453,592,21111-43-PRECINCT 117 43 DISTRICT (N117)
Jefferson,N117,jorgensenj,12/30/2021 10:16:32.119504,7,592,21111-43-PRECINCT 117 43 DISTRICT (N117)
Jefferson,N117,pierceb,12/30/2021 10:16:32.119504,0,592,21111-43-PRECINCT 117 43 DISTRICT (N117)
Jefferson,N117,trumpd,12/30/2021 10:16:32.119504,127,592,21111-43-PRECINCT 117 43 DISTRICT (N117)
Jefferson,N117,westk,12/30/2021 10:16:32.119504,5,592,21111-43-PRECINCT 117 43 DISTRICT (N117)
Jefferson,N124,bidenj,12/30/2021 10:16:32.119504,5,8,21111-43-PRECINCT 124 43 DISTRICT (N124)
Jefferson,N124,jorgensenj,12/30/2021 10:16:32.119504,0,8,21111-43-PRECINCT 124 43 DISTRICT (N124)
Jefferson,N124,pierceb,12/30/2021 10:16:32.119504,0,8,21111-43-PRECINCT 124 43 DISTRICT (N124)
Jefferson,N124,trumpd,12/30/2021 10:16:32.119504,3,8,21111-43-PRECINCT 124 43 DISTRICT (N124)
Jefferson,N124,westk,12/30/2021 10:16:32.119504,0,8,21111-43-PRECINCT 124 43 DISTRICT (N124)
Jefferson,N125,bidenj,12/30/2021 10:16:32.119504,469,786,21111-43-PRECINCT 125 43 DISTRICT (N125)
Jefferson,N125,jorgensenj,12/30/2021 10:16:32.119504,6,786,21111-43-PRECINCT 125 43 DISTRICT (N125)
Jefferson,N125,pierceb,12/30/2021 10:16:32.119504,1,786,21111-43-PRECINCT 125 43 DISTRICT (N125)
Jefferson,N125,trumpd,12/30/2021 10:16:32.119504,308,786,21111-43-PRECINCT 125 43 DISTRICT (N125)
Jefferson,N125,westk,12/30/2021 10:16:32.119504,2,786,21111-43-PRECINCT 125 43 DISTRICT (N125)
Jefferson,N126,bidenj,12/30/2021 10:16:32.119504,257,612,21111-43-PRECINCT 126 43 DISTRICT (N126)
Jefferson,N126,jorgensenj,12/30/2021 10:16:32.119504,6,612,21111-43-PRECINCT 126 43 DISTRICT (N126)
Jefferson,N126,pierceb,12/30/2021 10:16:32.119504,4,612,21111-43-PRECINCT 126 43 DISTRICT (N126)
Jefferson,N126,trumpd,12/30/2021 10:16:32.119504,343,612,21111-43-PRECINCT 126 43 DISTRICT (N126)
Jefferson,N126,westk,12/30/2021 10:16:32.119504,2,612,21111-43-PRECINCT 126 43 DISTRICT (N126)
Jefferson,N127,bidenj,12/30/2021 10:16:32.119504,53,72,21111-43-PRECINCT 127 43 DISTRICT (N127)
Jefferson,N127,jorgensenj,12/30/2021 10:16:32.119504,1,72,21111-43-PRECINCT 127 43 DISTRICT (N127)
Jefferson,N127,pierceb,12/30/2021 10:16:32.119504,0,72,21111-43-PRECINCT 127 43 DISTRICT (N127)
Jefferson,N127,trumpd,12/30/2021 10:16:32.119504,17,72,21111-43-PRECINCT 127 43 DISTRICT (N127)
Jefferson,N127,westk,12/30/2021 10:16:32.119504,1,72,21111-43-PRECINCT 127 43 DISTRICT (N127)
Jefferson,N128,bidenj,12/30/2021 10:16:32.119504,209,271,21111-43-PRECINCT 128 43 DISTRICT (N128)
Jefferson,N128,jorgensenj,12/30/2021 10:16:32.119504,1,271,21111-43-PRECINCT 128 43 DISTRICT (N128)
Jefferson,N128,pierceb,12/30/2021 10:16:32.119504,1,271,21111-43-PRECINCT 128 43 DISTRICT (N128)
Jefferson,N128,trumpd,12/30/2021 10:16:32.119504,55,271,21111-43-PRECINCT 128 43 DISTRICT (N128)
Jefferson,N128,westk,12/30/2021 10:16:32.119504,5,271,21111-43-PRECINCT 128 43 DISTRICT (N128)
Jefferson,N130,bidenj,12/30/2021 10:16:32.119504,599,881,21111-43-PRECINCT 130 43 DISTRICT (N130)
Jefferson,N130,jorgensenj,12/30/2021 10:16:32.119504,12,881,21111-43-PRECINCT 130 43 DISTRICT (N130)
Jefferson,N130,pierceb,12/30/2021 10:16:32.119504,2,881,21111-43-PRECINCT 130 43 DISTRICT (N130)
Jefferson,N130,trumpd,12/30/2021 10:16:32.119504,266,881,21111-43-PRECINCT 130 43 DISTRICT (N130)
Jefferson,N130,westk,12/30/2021 10:16:32.119504,2,881,21111-43-PRECINCT 130 43 DISTRICT (N130)
Jefferson,N131,bidenj,12/30/2021 10:16:32.119504,412,821,21111-43-PRECINCT 131 43 DISTRICT (N131)
Jefferson,N131,jorgensenj,12/30/2021 10:16:32.119504,8,821,21111-43-PRECINCT 131 43 DISTRICT (N131)
Jefferson,N131,pierceb,12/30/2021 10:16:32.119504,1,821,21111-43-PRECINCT 131 43 DISTRICT (N131)
Jefferson,N131,trumpd,12/30/2021 10:16:32.119504,394,821,21111-43-PRECINCT 131 43 DISTRICT (N131)
Jefferson,N131,westk,12/30/2021 10:16:32.119504,6,821,21111-43-PRECINCT 131 43 DISTRICT (N131)
Jefferson,N134,bidenj,12/30/2021 10:16:32.119504,718,909,21111-43-PRECINCT 134 43 DISTRICT (N134)
Jefferson,N134,jorgensenj,12/30/2021 10:16:32.119504,14,909,21111-43-PRECINCT 134 43 DISTRICT (N134)
Jefferson,N134,pierceb,12/30/2021 10:16:32.119504,3,909,21111-43-PRECINCT 134 43 DISTRICT (N134)
Jefferson,N134,trumpd,12/30/2021 10:16:32.119504,164,909,21111-43-PRECINCT 134 43 DISTRICT (N134)
Jefferson,N134,westk,12/30/2021 10:16:32.119504,10,909,21111-43-PRECINCT 134 43 DISTRICT (N134)
Jefferson,N135,bidenj,12/30/2021 10:16:32.119504,156,202,21111-43-PRECINCT 135 43 DISTRICT (N135)
Jefferson,N135,jorgensenj,12/30/2021 10:16:32.119504,4,202,21111-43-PRECINCT 135 43 DISTRICT (N135)
Jefferson,N135,pierceb,12/30/2021 10:16:32.119504,0,202,21111-43-PRECINCT 135 43 DISTRICT (N135)
Jefferson,N135,trumpd,12/30/2021 10:16:32.119504,42,202,21111-43-PRECINCT 135 43 DISTRICT (N135)
Jefferson,N135,westk,12/30/2021 10:16:32.119504,0,202,21111-43-PRECINCT 135 43 DISTRICT (N135)
Jefferson,N136,bidenj,12/30/2021 10:16:32.119504,264,300,21111-43-PRECINCT 136 43 DISTRICT (N136)
Jefferson,N136,jorgensenj,12/30/2021 10:16:32.119504,1,300,21111-43-PRECINCT 136 43 DISTRICT (N136)
Jefferson,N136,pierceb,12/30/2021 10:16:32.119504,0,300,21111-43-PRECINCT 136 43 DISTRICT (N136)
Jefferson,N136,trumpd,12/30/2021 10:16:32.119504,34,300,21111-43-PRECINCT 136 43 DISTRICT (N136)
Jefferson,N136,westk,12/30/2021 10:16:32.119504,1,300,21111-43-PRECINCT 136 43 DISTRICT (N136)
Jefferson,N137,bidenj,12/30/2021 10:16:32.119504,134,139,21111-43-PRECINCT 137 43 DISTRICT (N137)
Jefferson,N137,jorgensenj,12/30/2021 10:16:32.119504,0,139,21111-43-PRECINCT 137 43 DISTRICT (N137)
Jefferson,N137,pierceb,12/30/2021 10:16:32.119504,0,139,21111-43-PRECINCT 137 43 DISTRICT (N137)
Jefferson,N137,trumpd,12/30/2021 10:16:32.119504,5,139,21111-43-PRECINCT 137 43 DISTRICT (N137)
Jefferson,N137,westk,12/30/2021 10:16:32.119504,0,139,21111-43-PRECINCT 137 43 DISTRICT (N137)
Jefferson,N138,bidenj,12/30/2021 10:16:32.119504,47,51,21111-43-PRECINCT 138 43 DISTRICT (N138)
Jefferson,N138,jorgensenj,12/30/2021 10:16:32.119504,0,51,21111-43-PRECINCT 138 43 DISTRICT (N138)
Jefferson,N138,pierceb,12/30/2021 10:16:32.119504,0,51,21111-43-PRECINCT 138 43 DISTRICT (N138)
Jefferson,N138,trumpd,12/30/2021 10:16:32.119504,4,51,21111-43-PRECINCT 138 43 DISTRICT (N138)
Jefferson,N138,westk,12/30/2021 10:16:32.119504,0,51,21111-43-PRECINCT 138 43 DISTRICT (N138)
Jefferson,N139,bidenj,12/30/2021 10:16:32.119504,74,78,21111-43-PRECINCT 139 43 DISTRICT (N139)
Jefferson,N139,jorgensenj,12/30/2021 10:16:32.119504,1,78,21111-43-PRECINCT 139 43 DISTRICT (N139)
Jefferson,N139,pierceb,12/30/2021 10:16:32.119504,0,78,21111-43-PRECINCT 139 43 DISTRICT (N139)
Jefferson,N139,trumpd,12/30/2021 10:16:32.119504,2,78,21111-43-PRECINCT 139 43 DISTRICT (N139)
Jefferson,N139,westk,12/30/2021 10:16:32.119504,1,78,21111-43-PRECINCT 139 43 DISTRICT (N139)
Jefferson,N141,bidenj,12/30/2021 10:16:32.119504,279,537,21111-43-PRECINCT 141 43 DISTRICT (N141)
Jefferson,N141,jorgensenj,12/30/2021 10:16:32.119504,5,537,21111-43-PRECINCT 141 43 DISTRICT (N141)
Jefferson,N141,pierceb,12/30/2021 10:16:32.119504,0,537,21111-43-PRECINCT 141 43 DISTRICT (N141)
Jefferson,N141,trumpd,12/30/2021 10:16:32.119504,250,537,21111-43-PRECINCT 141 43 DISTRICT (N141)
Jefferson,N141,westk,12/30/2021 10:16:32.119504,3,537,21111-43-PRECINCT 141 43 DISTRICT (N141)
Jefferson,N142,bidenj,12/30/2021 10:16:32.119504,645,1044,21111-43-PRECINCT 142 43 DISTRICT (N142)
Jefferson,N142,jorgensenj,12/30/2021 10:16:32.119504,6,1044,21111-43-PRECINCT 142 43 DISTRICT (N142)
Jefferson,N142,pierceb,12/30/2021 10:16:32.119504,2,1044,21111-43-PRECINCT 142 43 DISTRICT (N142)
Jefferson,N142,trumpd,12/30/2021 10:16:32.119504,387,1044,21111-43-PRECINCT 142 43 DISTRICT (N142)
Jefferson,N142,westk,12/30/2021 10:16:32.119504,4,1044,21111-43-PRECINCT 142 43 DISTRICT (N142)
Jefferson,N143,bidenj,12/30/2021 10:16:32.119504,558,1007,21111-43-PRECINCT 143 43 DISTRICT (N143)
Jefferson,N143,jorgensenj,12/30/2021 10:16:32.119504,12,1007,21111-43-PRECINCT 143 43 DISTRICT (N143)
Jefferson,N143,pierceb,12/30/2021 10:16:32.119504,0,1007,21111-43-PRECINCT 143 43 DISTRICT (N143)
Jefferson,N143,trumpd,12/30/2021 10:16:32.119504,432,1007,21111-43-PRECINCT 143 43 DISTRICT (N143)
Jefferson,N143,westk,12/30/2021 10:16:32.119504,5,1007,21111-43-PRECINCT 143 43 DISTRICT (N143)
Jefferson,N144,bidenj,12/30/2021 10:16:32.119504,297,563,21111-43-PRECINCT 144 43 DISTRICT (N144)
Jefferson,N144,jorgensenj,12/30/2021 10:16:32.119504,6,563,21111-43-PRECINCT 144 43 DISTRICT (N144)
Jefferson,N144,pierceb,12/30/2021 10:16:32.119504,0,563,21111-43-PRECINCT 144 43 DISTRICT (N144)
Jefferson,N144,trumpd,12/30/2021 10:16:32.119504,256,563,21111-43-PRECINCT 144 43 DISTRICT (N144)
Jefferson,N144,westk,12/30/2021 10:16:32.119504,4,563,21111-43-PRECINCT 144 43 DISTRICT (N144)
Jefferson,N145,bidenj,12/30/2021 10:16:32.119504,144,155,21111-43-PRECINCT 145 43 DISTRICT (N145)
Jefferson,N145,jorgensenj,12/30/2021 10:16:32.119504,0,155,21111-43-PRECINCT 145 43 DISTRICT (N145)
Jefferson,N145,pierceb,12/30/2021 10:16:32.119504,0,155,21111-43-PRECINCT 145 43 DISTRICT (N145)
Jefferson,N145,trumpd,12/30/2021 10:16:32.119504,6,155,21111-43-PRECINCT 145 43 DISTRICT (N145)
Jefferson,N145,westk,12/30/2021 10:16:32.119504,5,155,21111-43-PRECINCT 145 43 DISTRICT (N145)
Jefferson,N146,bidenj,12/30/2021 10:16:32.119504,328,567,21111-43-PRECINCT 146 43 DISTRICT (N146)
Jefferson,N146,jorgensenj,12/30/2021 10:16:32.119504,4,567,21111-43-PRECINCT 146 43 DISTRICT (N146)
Jefferson,N146,pierceb,12/30/2021 10:16:32.119504,1,567,21111-43-PRECINCT 146 43 DISTRICT (N146)
Jefferson,N146,trumpd,12/30/2021 10:16:32.119504,230,567,21111-43-PRECINCT 146 43 DISTRICT (N146)
Jefferson,N146,westk,12/30/2021 10:16:32.119504,4,567,21111-43-PRECINCT 146 43 DISTRICT (N146)
Jefferson,N147,bidenj,12/30/2021 10:16:32.119504,82,113,21111-43-PRECINCT 147 43 DISTRICT (N147)
Jefferson,N147,jorgensenj,12/30/2021 10:16:32.119504,0,113,21111-43-PRECINCT 147 43 DISTRICT (N147)
Jefferson,N147,pierceb,12/30/2021 10:16:32.119504,0,113,21111-43-PRECINCT 147 43 DISTRICT (N147)
Jefferson,N147,trumpd,12/30/2021 10:16:32.119504,31,113,21111-43-PRECINCT 147 43 DISTRICT (N147)
Jefferson,N147,westk,12/30/2021 10:16:32.119504,0,113,21111-43-PRECINCT 147 43 DISTRICT (N147)
Jefferson,N148,bidenj,12/30/2021 10:16:32.119504,283,295,21111-43-PRECINCT 148 43 DISTRICT (N148)
Jefferson,N148,jorgensenj,12/30/2021 10:16:32.119504,3,295,21111-43-PRECINCT 148 43 DISTRICT (N148)
Jefferson,N148,pierceb,12/30/2021 10:16:32.119504,1,295,21111-43-PRECINCT 148 43 DISTRICT (N148)
Jefferson,N148,trumpd,12/30/2021 10:16:32.119504,6,295,21111-43-PRECINCT 148 43 DISTRICT (N148)
Jefferson,N148,westk,12/30/2021 10:16:32.119504,2,295,21111-43-PRECINCT 148 43 DISTRICT (N148)
Jefferson,N149,bidenj,12/30/2021 10:16:32.119504,117,119,21111-43-PRECINCT 149 43 DISTRICT (N149)
Jefferson,N149,jorgensenj,12/30/2021 10:16:32.119504,0,119,21111-43-PRECINCT 149 43 DISTRICT (N149)
Jefferson,N149,pierceb,12/30/2021 10:16:32.119504,0,119,21111-43-PRECINCT 149 43 DISTRICT (N149)
Jefferson,N149,trumpd,12/30/2021 10:16:32.119504,1,119,21111-43-PRECINCT 149 43 DISTRICT (N149)
Jefferson,N149,westk,12/30/2021 10:16:32.119504,1,119,21111-43-PRECINCT 149 43 DISTRICT (N149)
Jefferson,N150,bidenj,12/30/2021 10:16:32.119504,19,19,21111-43-PRECINCT 150 43 DISTRICT (N150)
Jefferson,N150,jorgensenj,12/30/2021 10:16:32.119504,0,19,21111-43-PRECINCT 150 43 DISTRICT (N150)
Jefferson,N150,pierceb,12/30/2021 10:16:32.119504,0,19,21111-43-PRECINCT 150 43 DISTRICT (N150)
Jefferson,N150,trumpd,12/30/2021 10:16:32.119504,0,19,21111-43-PRECINCT 150 43 DISTRICT (N150)
Jefferson,N150,westk,12/30/2021 10:16:32.119504,0,19,21111-43-PRECINCT 150 43 DISTRICT (N150)
Jefferson,O105,bidenj,12/30/2021 10:16:32.119504,735,901,21111-44-PRECINCT 105 44 DISTRICT (O105)
Jefferson,O105,jorgensenj,12/30/2021 10:16:32.119504,3,901,21111-44-PRECINCT 105 44 DISTRICT (O105)
Jefferson,O105,pierceb,12/30/2021 10:16:32.119504,0,901,21111-44-PRECINCT 105 44 DISTRICT (O105)
Jefferson,O105,trumpd,12/30/2021 10:16:32.119504,158,901,21111-44-PRECINCT 105 44 DISTRICT (O105)
Jefferson,O105,westk,12/30/2021 10:16:32.119504,5,901,21111-44-PRECINCT 105 44 DISTRICT (O105)
Jefferson,O107,bidenj,12/30/2021 10:16:32.119504,1055,1250,21111-44-PRECINCT 107 44 DISTRICT (O107)
Jefferson,O107,jorgensenj,12/30/2021 10:16:32.119504,6,1250,21111-44-PRECINCT 107 44 DISTRICT (O107)
Jefferson,O107,pierceb,12/30/2021 10:16:32.119504,3,1250,21111-44-PRECINCT 107 44 DISTRICT (O107)
Jefferson,O107,trumpd,12/30/2021 10:16:32.119504,179,1250,21111-44-PRECINCT 107 44 DISTRICT (O107)
Jefferson,O107,westk,12/30/2021 10:16:32.119504,7,1250,21111-44-PRECINCT 107 44 DISTRICT (O107)
Jefferson,O109,bidenj,12/30/2021 10:16:32.119504,664,900,21111-44-PRECINCT 109 44 DISTRICT (O109)
Jefferson,O109,jorgensenj,12/30/2021 10:16:32.119504,7,900,21111-44-PRECINCT 109 44 DISTRICT (O109)
Jefferson,O109,pierceb,12/30/2021 10:16:32.119504,2,900,21111-44-PRECINCT 109 44 DISTRICT (O109)
Jefferson,O109,trumpd,12/30/2021 10:16:32.119504,223,900,21111-44-PRECINCT 109 44 DISTRICT (O109)
Jefferson,O109,westk,12/30/2021 10:16:32.119504,4,900,21111-44-PRECINCT 109 44 DISTRICT (O109)
Jefferson,O111,bidenj,12/30/2021 10:16:32.119504,492,707,21111-44-PRECINCT 111 44 DISTRICT (O111)
Jefferson,O111,jorgensenj,12/30/2021 10:16:32.119504,11,707,21111-44-PRECINCT 111 44 DISTRICT (O111)
Jefferson,O111,pierceb,12/30/2021 10:16:32.119504,2,707,21111-44-PRECINCT 111 44 DISTRICT (O111)
Jefferson,O111,trumpd,12/30/2021 10:16:32.119504,199,707,21111-44-PRECINCT 111 44 DISTRICT (O111)
Jefferson,O111,westk,12/30/2021 10:16:32.119504,3,707,21111-44-PRECINCT 111 44 DISTRICT (O111)
Jefferson,O112,bidenj,12/30/2021 10:16:32.119504,298,603,21111-44-PRECINCT 112 44 DISTRICT (O112)
Jefferson,O112,jorgensenj,12/30/2021 10:16:32.119504,5,603,21111-44-PRECINCT 112 44 DISTRICT (O112)
Jefferson,O112,pierceb,12/30/2021 10:16:32.119504,1,603,21111-44-PRECINCT 112 44 DISTRICT (O112)
Jefferson,O112,trumpd,12/30/2021 10:16:32.119504,298,603,21111-44-PRECINCT 112 44 DISTRICT (O112)
Jefferson,O112,westk,12/30/2021 10:16:32.119504,1,603,21111-44-PRECINCT 112 44 DISTRICT (O112)
Jefferson,O113,bidenj,12/30/2021 10:16:32.119504,397,590,21111-44-PRECINCT 113 44 DISTRICT (O113)
Jefferson,O113,jorgensenj,12/30/2021 10:16:32.119504,9,590,21111-44-PRECINCT 113 44 DISTRICT (O113)
Jefferson,O113,pierceb,12/30/2021 10:16:32.119504,0,590,21111-44-PRECINCT 113 44 DISTRICT (O113)
Jefferson,O113,trumpd,12/30/2021 10:16:32.119504,181,590,21111-44-PRECINCT 113 44 DISTRICT (O113)
Jefferson,O113,westk,12/30/2021 10:16:32.119504,3,590,21111-44-PRECINCT 113 44 DISTRICT (O113)
Jefferson,O114,bidenj,12/30/2021 10:16:32.119504,336,692,21111-44-PRECINCT 114 44 DISTRICT (O114)
Jefferson,O114,jorgensenj,12/30/2021 10:16:32.119504,3,692,21111-44-PRECINCT 114 44 DISTRICT (O114)
Jefferson,O114,pierceb,12/30/2021 10:16:32.119504,1,692,21111-44-PRECINCT 114 44 DISTRICT (O114)
Jefferson,O114,trumpd,12/30/2021 10:16:32.119504,352,692,21111-44-PRECINCT 114 44 DISTRICT (O114)
Jefferson,O114,westk,12/30/2021 10:16:32.119504,0,692,21111-44-PRECINCT 114 44 DISTRICT (O114)
Jefferson,O115,bidenj,12/30/2021 10:16:32.119504,422,897,21111-44-PRECINCT 115 44 DISTRICT (O115)
Jefferson,O115,jorgensenj,12/30/2021 10:16:32.119504,7,897,21111-44-PRECINCT 115 44 DISTRICT (O115)
Jefferson,O115,pierceb,12/30/2021 10:16:32.119504,3,897,21111-44-PRECINCT 115 44 DISTRICT (O115)
Jefferson,O115,trumpd,12/30/2021 10:16:32.119504,462,897,21111-44-PRECINCT 115 44 DISTRICT (O115)
Jefferson,O115,westk,12/30/2021 10:16:32.119504,3,897,21111-44-PRECINCT 115 44 DISTRICT (O115)
Jefferson,O117,bidenj,12/30/2021 10:16:32.119504,633,730,21111-44-PRECINCT 117 44 DISTRICT (O117)
Jefferson,O117,jorgensenj,12/30/2021 10:16:32.119504,6,730,21111-44-PRECINCT 117 44 DISTRICT (O117)
Jefferson,O117,pierceb,12/30/2021 10:16:32.119504,0,730,21111-44-PRECINCT 117 44 DISTRICT (O117)
Jefferson,O117,trumpd,12/30/2021 10:16:32.119504,87,730,21111-44-PRECINCT 117 44 DISTRICT (O117)
Jefferson,O117,westk,12/30/2021 10:16:32.119504,4,730,21111-44-PRECINCT 117 44 DISTRICT (O117)
Jefferson,O119,bidenj,12/30/2021 10:16:32.119504,647,764,21111-44-PRECINCT 119 44 DISTRICT (O119)
Jefferson,O119,jorgensenj,12/30/2021 10:16:32.119504,4,764,21111-44-PRECINCT 119 44 DISTRICT (O119)
Jefferson,O119,pierceb,12/30/2021 10:16:32.119504,1,764,21111-44-PRECINCT 119 44 DISTRICT (O119)
Jefferson,O119,trumpd,12/30/2021 10:16:32.119504,107,764,21111-44-PRECINCT 119 44 DISTRICT (O119)
Jefferson,O119,westk,12/30/2021 10:16:32.119504,5,764,21111-44-PRECINCT 119 44 DISTRICT (O119)
Jefferson,O121,bidenj,12/30/2021 10:16:32.119504,521,666,21111-44-PRECINCT 121 44 DISTRICT (O121)
Jefferson,O121,jorgensenj,12/30/2021 10:16:32.119504,6,666,21111-44-PRECINCT 121 44 DISTRICT (O121)
Jefferson,O121,pierceb,12/30/2021 10:16:32.119504,2,666,21111-44-PRECINCT 121 44 DISTRICT (O121)
Jefferson,O121,trumpd,12/30/2021 10:16:32.119504,136,666,21111-44-PRECINCT 121 44 DISTRICT (O121)
Jefferson,O121,westk,12/30/2021 10:16:32.119504,1,666,21111-44-PRECINCT 121 44 DISTRICT (O121)
Jefferson,O123,bidenj,12/30/2021 10:16:32.119504,304,447,21111-44-PRECINCT 123 44 DISTRICT (O123)
Jefferson,O123,jorgensenj,12/30/2021 10:16:32.119504,4,447,21111-44-PRECINCT 123 44 DISTRICT (O123)
Jefferson,O123,pierceb,12/30/2021 10:16:32.119504,0,447,21111-44-PRECINCT 123 44 DISTRICT (O123)
Jefferson,O123,trumpd,12/30/2021 10:16:32.119504,138,447,21111-44-PRECINCT 123 44 DISTRICT (O123)
Jefferson,O123,westk,12/30/2021 10:16:32.119504,1,447,21111-44-PRECINCT 123 44 DISTRICT (O123)
Jefferson,O124,bidenj,12/30/2021 10:16:32.119504,290,508,21111-44-PRECINCT 124 44 DISTRICT (O124)
Jefferson,O124,jorgensenj,12/30/2021 10:16:32.119504,5,508,21111-44-PRECINCT 124 44 DISTRICT (O124)
Jefferson,O124,pierceb,12/30/2021 10:16:32.119504,1,508,21111-44-PRECINCT 124 44 DISTRICT (O124)
Jefferson,O124,trumpd,12/30/2021 10:16:32.119504,209,508,21111-44-PRECINCT 124 44 DISTRICT (O124)
Jefferson,O124,westk,12/30/2021 10:16:32.119504,3,508,21111-44-PRECINCT 124 44 DISTRICT (O124)
Jefferson,O126,bidenj,12/30/2021 10:16:32.119504,391,623,21111-44-PRECINCT 126 44 DISTRICT (O126)
Jefferson,O126,jorgensenj,12/30/2021 10:16:32.119504,7,623,21111-44-PRECINCT 126 44 DISTRICT (O126)
Jefferson,O126,pierceb,12/30/2021 10:16:32.119504,0,623,21111-44-PRECINCT 126 44 DISTRICT (O126)
Jefferson,O126,trumpd,12/30/2021 10:16:32.119504,223,623,21111-44-PRECINCT 126 44 DISTRICT (O126)
Jefferson,O126,westk,12/30/2021 10:16:32.119504,2,623,21111-44-PRECINCT 126 44 DISTRICT (O126)
Jefferson,O127,bidenj,12/30/2021 10:16:32.119504,437,727,21111-44-PRECINCT 127 44 DISTRICT (O127)
Jefferson,O127,jorgensenj,12/30/2021 10:16:32.119504,5,727,21111-44-PRECINCT 127 44 DISTRICT (O127)
Jefferson,O127,pierceb,12/30/2021 10:16:32.119504,2,727,21111-44-PRECINCT 127 44 DISTRICT (O127)
Jefferson,O127,trumpd,12/30/2021 10:16:32.119504,277,727,21111-44-PRECINCT 127 44 DISTRICT (O127)
Jefferson,O127,westk,12/30/2021 10:16:32.119504,6,727,21111-44-PRECINCT 127 44 DISTRICT (O127)
Jefferson,O128,bidenj,12/30/2021 10:16:32.119504,461,896,21111-44-PRECINCT 128 44 DISTRICT (O128)
Jefferson,O128,jorgensenj,12/30/2021 10:16:32.119504,3,896,21111-44-PRECINCT 128 44 DISTRICT (O128)
Jefferson,O128,pierceb,12/30/2021 10:16:32.119504,4,896,21111-44-PRECINCT 128 44 DISTRICT (O128)
Jefferson,O128,trumpd,12/30/2021 10:16:32.119504,422,896,21111-44-PRECINCT 128 44 DISTRICT (O128)
Jefferson,O128,westk,12/30/2021 10:16:32.119504,6,896,21111-44-PRECINCT 128 44 DISTRICT (O128)
Jefferson,O129,bidenj,12/30/2021 10:16:32.119504,532,1062,21111-44-PRECINCT 129 44 DISTRICT (O129)
Jefferson,O129,jorgensenj,12/30/2021 10:16:32.119504,10,1062,21111-44-PRECINCT 129 44 DISTRICT (O129)
Jefferson,O129,pierceb,12/30/2021 10:16:32.119504,6,1062,21111-44-PRECINCT 129 44 DISTRICT (O129)
Jefferson,O129,trumpd,12/30/2021 10:16:32.119504,510,1062,21111-44-PRECINCT 129 44 DISTRICT (O129)
Jefferson,O129,westk,12/30/2021 10:16:32.119504,4,1062,21111-44-PRECINCT 129 44 DISTRICT (O129)
Jefferson,O130,bidenj,12/30/2021 10:16:32.119504,363,704,21111-44-PRECINCT 130 44 DISTRICT (O130)
Jefferson,O130,jorgensenj,12/30/2021 10:16:32.119504,9,704,21111-44-PRECINCT 130 44 DISTRICT (O130)
Jefferson,O130,pierceb,12/30/2021 10:16:32.119504,1,704,21111-44-PRECINCT 130 44 DISTRICT (O130)
Jefferson,O130,trumpd,12/30/2021 10:16:32.119504,330,704,21111-44-PRECINCT 130 44 DISTRICT (O130)
Jefferson,O130,westk,12/30/2021 10:16:32.119504,1,704,21111-44-PRECINCT 130 44 DISTRICT (O130)
Jefferson,O131,bidenj,12/30/2021 10:16:32.119504,286,562,21111-44-PRECINCT 131 44 DISTRICT (O131)
Jefferson,O131,jorgensenj,12/30/2021 10:16:32.119504,11,562,21111-44-PRECINCT 131 44 DISTRICT (O131)
Jefferson,O131,pierceb,12/30/2021 10:16:32.119504,1,562,21111-44-PRECINCT 131 44 DISTRICT (O131)
Jefferson,O131,trumpd,12/30/2021 10:16:32.119504,262,562,21111-44-PRECINCT 131 44 DISTRICT (O131)
Jefferson,O131,westk,12/30/2021 10:16:32.119504,2,562,21111-44-PRECINCT 131 44 DISTRICT (O131)
Jefferson,O133,bidenj,12/30/2021 10:16:32.119504,405,948,21111-44-PRECINCT 133 44 DISTRICT (O133)
Jefferson,O133,jorgensenj,12/30/2021 10:16:32.119504,15,948,21111-44-PRECINCT 133 44 DISTRICT (O133)
Jefferson,O133,pierceb,12/30/2021 10:16:32.119504,2,948,21111-44-PRECINCT 133 44 DISTRICT (O133)
Jefferson,O133,trumpd,12/30/2021 10:16:32.119504,525,948,21111-44-PRECINCT 133 44 DISTRICT (O133)
Jefferson,O133,westk,12/30/2021 10:16:32.119504,1,948,21111-44-PRECINCT 133 44 DISTRICT (O133)
Jefferson,O134,bidenj,12/30/2021 10:16:32.119504,402,1104,21111-44-PRECINCT 134 44 DISTRICT (O134)
Jefferson,O134,jorgensenj,12/30/2021 10:16:32.119504,13,1104,21111-44-PRECINCT 134 44 DISTRICT (O134)
Jefferson,O134,pierceb,12/30/2021 10:16:32.119504,7,1104,21111-44-PRECINCT 134 44 DISTRICT (O134)
Jefferson,O134,trumpd,12/30/2021 10:16:32.119504,676,1104,21111-44-PRECINCT 134 44 DISTRICT (O134)
Jefferson,O134,westk,12/30/2021 10:16:32.119504,6,1104,21111-44-PRECINCT 134 44 DISTRICT (O134)
Jefferson,O135,bidenj,12/30/2021 10:16:32.119504,292,654,21111-44-PRECINCT 135 44 DISTRICT (O135)
Jefferson,O135,jorgensenj,12/30/2021 10:16:32.119504,6,654,21111-44-PRECINCT 135 44 DISTRICT (O135)
Jefferson,O135,pierceb,12/30/2021 10:16:32.119504,1,654,21111-44-PRECINCT 135 44 DISTRICT (O135)
Jefferson,O135,trumpd,12/30/2021 10:16:32.119504,353,654,21111-44-PRECINCT 135 44 DISTRICT (O135)
Jefferson,O135,westk,12/30/2021 10:16:32.119504,2,654,21111-44-PRECINCT 135 44 DISTRICT (O135)
Jefferson,O136,bidenj,12/30/2021 10:16:32.119504,269,573,21111-44-PRECINCT 136 44 DISTRICT (O136)
Jefferson,O136,jorgensenj,12/30/2021 10:16:32.119504,7,573,21111-44-PRECINCT 136 44 DISTRICT (O136)
Jefferson,O136,pierceb,12/30/2021 10:16:32.119504,1,573,21111-44-PRECINCT 136 44 DISTRICT (O136)
Jefferson,O136,trumpd,12/30/2021 10:16:32.119504,293,573,21111-44-PRECINCT 136 44 DISTRICT (O136)
Jefferson,O136,westk,12/30/2021 10:16:32.119504,3,573,21111-44-PRECINCT 136 44 DISTRICT (O136)
Jefferson,O137,bidenj,12/30/2021 10:16:32.119504,546,1098,21111-44-PRECINCT 137 44 DISTRICT (O137)
Jefferson,O137,jorgensenj,12/30/2021 10:16:32.119504,8,1098,21111-44-PRECINCT 137 44 DISTRICT (O137)
Jefferson,O137,pierceb,12/30/2021 10:16:32.119504,2,1098,21111-44-PRECINCT 137 44 DISTRICT (O137)
Jefferson,O137,trumpd,12/30/2021 10:16:32.119504,541,1098,21111-44-PRECINCT 137 44 DISTRICT (O137)
Jefferson,O137,westk,12/30/2021 10:16:32.119504,1,1098,21111-44-PRECINCT 137 44 DISTRICT (O137)
Jefferson,O138,bidenj,12/30/2021 10:16:32.119504,142,306,21111-44-PRECINCT 138 44 DISTRICT (O138)
Jefferson,O138,jorgensenj,12/30/2021 10:16:32.119504,5,306,21111-44-PRECINCT 138 44 DISTRICT (O138)
Jefferson,O138,pierceb,12/30/2021 10:16:32.119504,0,306,21111-44-PRECINCT 138 44 DISTRICT (O138)
Jefferson,O138,trumpd,12/30/2021 10:16:32.119504,157,306,21111-44-PRECINCT 138 44 DISTRICT (O138)
Jefferson,O138,westk,12/30/2021 10:16:32.119504,2,306,21111-44-PRECINCT 138 44 DISTRICT (O138)
Jefferson,O139,bidenj,12/30/2021 10:16:32.119504,23,59,21111-44-PRECINCT 139 44 DISTRICT (O139)
Jefferson,O139,jorgensenj,12/30/2021 10:16:32.119504,4,59,21111-44-PRECINCT 139 44 DISTRICT (O139)
Jefferson,O139,pierceb,12/30/2021 10:16:32.119504,0,59,21111-44-PRECINCT 139 44 DISTRICT (O139)
Jefferson,O139,trumpd,12/30/2021 10:16:32.119504,31,59,21111-44-PRECINCT 139 44 DISTRICT (O139)
Jefferson,O139,westk,12/30/2021 10:16:32.119504,1,59,21111-44-PRECINCT 139 44 DISTRICT (O139)
Jefferson,O141,bidenj,12/30/2021 10:16:32.119504,0,0,
Jefferson,O141,jorgensenj,12/30/2021 10:16:32.119504,0,0,
Jefferson,O141,pierceb,12/30/2021 10:16:32.119504,0,0,
Jefferson,O141,trumpd,12/30/2021 10:16:32.119504,0,0,
Jefferson,O141,westk,12/30/2021 10:16:32.119504,0,0,
Jefferson,O142,bidenj,12/30/2021 10:16:32.119504,176,458,21111-44-PRECINCT 142 44 DISTRICT (O142)
Jefferson,O142,jorgensenj,12/30/2021 10:16:32.119504,8,458,21111-44-PRECINCT 142 44 DISTRICT (O142)
Jefferson,O142,pierceb,12/30/2021 10:16:32.119504,4,458,21111-44-PRECINCT 142 44 DISTRICT (O142)
Jefferson,O142,trumpd,12/30/2021 10:16:32.119504,269,458,21111-44-PRECINCT 142 44 DISTRICT (O142)
Jefferson,O142,westk,12/30/2021 10:16:32.119504,1,458,21111-44-PRECINCT 142 44 DISTRICT (O142)
Jefferson,O143,bidenj,12/30/2021 10:16:32.119504,9,20,21111-44-PRECINCT 143 44 DISTRICT (O143)
Jefferson,O143,jorgensenj,12/30/2021 10:16:32.119504,0,20,21111-44-PRECINCT 143 44 DISTRICT (O143)
Jefferson,O143,pierceb,12/30/2021 10:16:32.119504,0,20,21111-44-PRECINCT 143 44 DISTRICT (O143)
Jefferson,O143,trumpd,12/30/2021 10:16:32.119504,10,20,21111-44-PRECINCT 143 44 DISTRICT (O143)
Jefferson,O143,westk,12/30/2021 10:16:32.119504,1,20,21111-44-PRECINCT 143 44 DISTRICT (O143)
Jefferson,Q101,bidenj,12/30/2021 10:16:32.119504,671,1049,21111-46-PRECINCT 101 46 DISTRICT (Q101)
Jefferson,Q101,jorgensenj,12/30/2021 10:16:32.119504,10,1049,21111-46-PRECINCT 101 46 DISTRICT (Q101)
Jefferson,Q101,pierceb,12/30/2021 10:16:32.119504,4,1049,21111-46-PRECINCT 101 46 DISTRICT (Q101)
Jefferson,Q101,trumpd,12/30/2021 10:16:32.119504,359,1049,21111-46-PRECINCT 101 46 DISTRICT (Q101)
Jefferson,Q101,westk,12/30/2021 10:16:32.119504,5,1049,21111-46-PRECINCT 101 46 DISTRICT (Q101)
Jefferson,Q103,bidenj,12/30/2021 10:16:32.119504,587,1043,21111-46-PRECINCT 103 46 DISTRICT (Q103)
Jefferson,Q103,jorgensenj,12/30/2021 10:16:32.119504,20,1043,21111-46-PRECINCT 103 46 DISTRICT (Q103)
Jefferson,Q103,pierceb,12/30/2021 10:16:32.119504,1,1043,21111-46-PRECINCT 103 46 DISTRICT (Q103)
Jefferson,Q103,trumpd,12/30/2021 10:16:32.119504,434,1043,21111-46-PRECINCT 103 46 DISTRICT (Q103)
Jefferson,Q103,westk,12/30/2021 10:16:32.119504,1,1043,21111-46-PRECINCT 103 46 DISTRICT (Q103)
Jefferson,Q104,bidenj,12/30/2021 10:16:32.119504,251,360,21111-46-PRECINCT 104 46 DISTRICT (Q104)
Jefferson,Q104,jorgensenj,12/30/2021 10:16:32.119504,3,360,21111-46-PRECINCT 104 46 DISTRICT (Q104)
Jefferson,Q104,pierceb,12/30/2021 10:16:32.119504,0,360,21111-46-PRECINCT 104 46 DISTRICT (Q104)
Jefferson,Q104,trumpd,12/30/2021 10:16:32.119504,103,360,21111-46-PRECINCT 104 46 DISTRICT (Q104)
Jefferson,Q104,westk,12/30/2021 10:16:32.119504,3,360,21111-46-PRECINCT 104 46 DISTRICT (Q104)
Jefferson,Q105,bidenj,12/30/2021 10:16:32.119504,759,1311,21111-46-PRECINCT 105 46 DISTRICT (Q105)
Jefferson,Q105,jorgensenj,12/30/2021 10:16:32.119504,16,1311,21111-46-PRECINCT 105 46 DISTRICT (Q105)
Jefferson,Q105,pierceb,12/30/2021 10:16:32.119504,4,1311,21111-46-PRECINCT 105 46 DISTRICT (Q105)
Jefferson,Q105,trumpd,12/30/2021 10:16:32.119504,526,1311,21111-46-PRECINCT 105 46 DISTRICT (Q105)
Jefferson,Q105,westk,12/30/2021 10:16:32.119504,6,1311,21111-46-PRECINCT 105 46 DISTRICT (Q105)
Jefferson,Q107,bidenj,12/30/2021 10:16:32.119504,641,1044,21111-46-PRECINCT 107 46 DISTRICT (Q107)
Jefferson,Q107,jorgensenj,12/30/2021 10:16:32.119504,13,1044,21111-46-PRECINCT 107 46 DISTRICT (Q107)
Jefferson,Q107,pierceb,12/30/2021 10:16:32.119504,2,1044,21111-46-PRECINCT 107 46 DISTRICT (Q107)
Jefferson,Q107,trumpd,12/30/2021 10:16:32.119504,384,1044,21111-46-PRECINCT 107 46 DISTRICT (Q107)
Jefferson,Q107,westk,12/30/2021 10:16:32.119504,4,1044,21111-46-PRECINCT 107 46 DISTRICT (Q107)
Jefferson,Q109,bidenj,12/30/2021 10:16:32.119504,575,1166,21111-46-PRECINCT 109 46 DISTRICT (Q109)
Jefferson,Q109,jorgensenj,12/30/2021 10:16:32.119504,7,1166,21111-46-PRECINCT 109 46 DISTRICT (Q109)
Jefferson,Q109,pierceb,12/30/2021 10:16:32.119504,4,1166,21111-46-PRECINCT 109 46 DISTRICT (Q109)
Jefferson,Q109,trumpd,12/30/2021 10:16:32.119504,579,1166,21111-46-PRECINCT 109 46 DISTRICT (Q109)
Jefferson,Q109,westk,12/30/2021 10:16:32.119504,1,1166,21111-46-PRECINCT 109 46 DISTRICT (Q109)
Jefferson,Q112,bidenj,12/30/2021 10:16:32.119504,360,855,21111-46-PRECINCT 112 46 DISTRICT (Q112)
Jefferson,Q112,jorgensenj,12/30/2021 10:16:32.119504,10,855,21111-46-PRECINCT 112 46 DISTRICT (Q112)
Jefferson,Q112,pierceb,12/30/2021 10:16:32.119504,0,855,21111-46-PRECINCT 112 46 DISTRICT (Q112)
Jefferson,Q112,trumpd,12/30/2021 10:16:32.119504,485,855,21111-46-PRECINCT 112 46 DISTRICT (Q112)
Jefferson,Q112,westk,12/30/2021 10:16:32.119504,0,855,21111-46-PRECINCT 112 46 DISTRICT (Q112)
Jefferson,Q113,bidenj,12/30/2021 10:16:32.119504,149,420,21111-46-PRECINCT 113 46 DISTRICT (Q113)
Jefferson,Q113,jorgensenj,12/30/2021 10:16:32.119504,6,420,21111-46-PRECINCT 113 46 DISTRICT (Q113)
Jefferson,Q113,pierceb,12/30/2021 10:16:32.119504,0,420,21111-46-PRECINCT 113 46 DISTRICT (Q113)
Jefferson,Q113,trumpd,12/30/2021 10:16:32.119504,265,420,21111-46-PRECINCT 113 46 DISTRICT (Q113)
Jefferson,Q113,westk,12/30/2021 10:16:32.119504,0,420,21111-46-PRECINCT 113 46 DISTRICT (Q113)
Jefferson,Q114,bidenj,12/30/2021 10:16:32.119504,397,936,21111-46-PRECINCT 114 46 DISTRICT (Q114)
Jefferson,Q114,jorgensenj,12/30/2021 10:16:32.119504,16,936,21111-46-PRECINCT 114 46 DISTRICT (Q114)
Jefferson,Q114,pierceb,12/30/2021 10:16:32.119504,0,936,21111-46-PRECINCT 114 46 DISTRICT (Q114)
Jefferson,Q114,trumpd,12/30/2021 10:16:32.119504,522,936,21111-46-PRECINCT 114 46 DISTRICT (Q114)
Jefferson,Q114,westk,12/30/2021 10:16:32.119504,1,936,21111-46-PRECINCT 114 46 DISTRICT (Q114)
Jefferson,Q115,bidenj,12/30/2021 10:16:32.119504,453,928,21111-46-PRECINCT 115 46 DISTRICT (Q115)
Jefferson,Q115,jorgensenj,12/30/2021 10:16:32.119504,18,928,21111-46-PRECINCT 115 46 DISTRICT (Q115)
Jefferson,Q115,pierceb,12/30/2021 10:16:32.119504,2,928,21111-46-PRECINCT 115 46 DISTRICT (Q115)
Jefferson,Q115,trumpd,12/30/2021 10:16:32.119504,451,928,21111-46-PRECINCT 115 46 DISTRICT (Q115)
Jefferson,Q115,westk,12/30/2021 10:16:32.119504,4,928,21111-46-PRECINCT 115 46 DISTRICT (Q115)
Jefferson,Q116,bidenj,12/30/2021 10:16:32.119504,414,872,21111-46-PRECINCT 116 46 DISTRICT (Q116)
Jefferson,Q116,jorgensenj,12/30/2021 10:16:32.119504,10,872,21111-46-PRECINCT 116 46 DISTRICT (Q116)
Jefferson,Q116,pierceb,12/30/2021 10:16:32.119504,2,872,21111-46-PRECINCT 116 46 DISTRICT (Q116)
Jefferson,Q116,trumpd,12/30/2021 10:16:32.119504,444,872,21111-46-PRECINCT 116 46 DISTRICT (Q116)
Jefferson,Q116,westk,12/30/2021 10:16:32.119504,2,872,21111-46-PRECINCT 116 46 DISTRICT (Q116)
Jefferson,Q117,bidenj,12/30/2021 10:16:32.119504,345,834,21111-46-PRECINCT 117 46 DISTRICT (Q117)
Jefferson,Q117,jorgensenj,12/30/2021 10:16:32.119504,12,834,21111-46-PRECINCT 117 46 DISTRICT (Q117)
Jefferson,Q117,pierceb,12/30/2021 10:16:32.119504,2,834,21111-46-PRECINCT 117 46 DISTRICT (Q117)
Jefferson,Q117,trumpd,12/30/2021 10:16:32.119504,469,834,21111-46-PRECINCT 117 46 DISTRICT (Q117)
Jefferson,Q117,westk,12/30/2021 10:16:32.119504,6,834,21111-46-PRECINCT 117 46 DISTRICT (Q117)
Jefferson,Q119,bidenj,12/30/2021 10:16:32.119504,461,1053,21111-46-PRECINCT 119 46 DISTRICT (Q119)
Jefferson,Q119,jorgensenj,12/30/2021 10:16:32.119504,10,1053,21111-46-PRECINCT 119 46 DISTRICT (Q119)
Jefferson,Q119,pierceb,12/30/2021 10:16:32.119504,3,1053,21111-46-PRECINCT 119 46 DISTRICT (Q119)
Jefferson,Q119,trumpd,12/30/2021 10:16:32.119504,574,1053,21111-46-PRECINCT 119 46 DISTRICT (Q119)
Jefferson,Q119,westk,12/30/2021 10:16:32.119504,5,1053,21111-46-PRECINCT 119 46 DISTRICT (Q119)
Jefferson,Q122,bidenj,12/30/2021 10:16:32.119504,511,628,21111-46-PRECINCT 122 46 DISTRICT (Q122)
Jefferson,Q122,jorgensenj,12/30/2021 10:16:32.119504,3,628,21111-46-PRECINCT 122 46 DISTRICT (Q122)
Jefferson,Q122,pierceb,12/30/2021 10:16:32.119504,1,628,21111-46-PRECINCT 122 46 DISTRICT (Q122)
Jefferson,Q122,trumpd,12/30/2021 10:16:32.119504,107,628,21111-46-PRECINCT 122 46 DISTRICT (Q122)
Jefferson,Q122,westk,12/30/2021 10:16:32.119504,6,628,21111-46-PRECINCT 122 46 DISTRICT (Q122)
Jefferson,Q123,bidenj,12/30/2021 10:16:32.119504,764,845,21111-46-PRECINCT 123 46 DISTRICT (Q123)
Jefferson,Q123,jorgensenj,12/30/2021 10:16:32.119504,4,845,21111-46-PRECINCT 123 46 DISTRICT (Q123)
Jefferson,Q123,pierceb,12/30/2021 10:16:32.119504,4,845,21111-46-PRECINCT 123 46 DISTRICT (Q123)
Jefferson,Q123,trumpd,12/30/2021 10:16:32.119504,67,845,21111-46-PRECINCT 123 46 DISTRICT (Q123)
Jefferson,Q123,westk,12/30/2021 10:16:32.119504,6,845,21111-46-PRECINCT 123 46 DISTRICT (Q123)
Jefferson,Q124,bidenj,12/30/2021 10:16:32.119504,449,608,21111-46-PRECINCT 124 46 DISTRICT (Q124)
Jefferson,Q124,jorgensenj,12/30/2021 10:16:32.119504,7,608,21111-46-PRECINCT 124 46 DISTRICT (Q124)
Jefferson,Q124,pierceb,12/30/2021 10:16:32.119504,2,608,21111-46-PRECINCT 124 46 DISTRICT (Q124)
Jefferson,Q124,trumpd,12/30/2021 10:16:32.119504,147,608,21111-46-PRECINCT 124 46 DISTRICT (Q124)
Jefferson,Q124,westk,12/30/2021 10:16:32.119504,3,608,21111-46-PRECINCT 124 46 DISTRICT (Q124)
Jefferson,Q125,bidenj,12/30/2021 10:16:32.119504,705,1442,21111-46-PRECINCT 125 46 DISTRICT (Q125)
Jefferson,Q125,jorgensenj,12/30/2021 10:16:32.119504,25,1442,21111-46-PRECINCT 125 46 DISTRICT (Q125)
Jefferson,Q125,pierceb,12/30/2021 10:16:32.119504,3,1442,21111-46-PRECINCT 125 46 DISTRICT (Q125)
Jefferson,Q125,trumpd,12/30/2021 10:16:32.119504,699,1442,21111-46-PRECINCT 125 46 DISTRICT (Q125)
Jefferson,Q125,westk,12/30/2021 10:16:32.119504,10,1442,21111-46-PRECINCT 125 46 DISTRICT (Q125)
Jefferson,Q126,bidenj,12/30/2021 10:16:32.119504,160,461,21111-46-PRECINCT 126 46 DISTRICT (Q126)
Jefferson,Q126,jorgensenj,12/30/2021 10:16:32.119504,9,461,21111-46-PRECINCT 126 46 DISTRICT (Q126)
Jefferson,Q126,pierceb,12/30/2021 10:16:32.119504,1,461,21111-46-PRECINCT 126 46 DISTRICT (Q126)
Jefferson,Q126,trumpd,12/30/2021 10:16:32.119504,290,461,21111-46-PRECINCT 126 46 DISTRICT (Q126)
Jefferson,Q126,westk,12/30/2021 10:16:32.119504,1,461,21111-46-PRECINCT 126 46 DISTRICT (Q126)
Jefferson,Q127,bidenj,12/30/2021 10:16:32.119504,249,415,21111-46-PRECINCT 127 46 DISTRICT (Q127)
Jefferson,Q127,jorgensenj,12/30/2021 10:16:32.119504,3,415,21111-46-PRECINCT 127 46 DISTRICT (Q127)
Jefferson,Q127,pierceb,12/30/2021 10:16:32.119504,0,415,21111-46-PRECINCT 127 46 DISTRICT (Q127)
Jefferson,Q127,trumpd,12/30/2021 10:16:32.119504,163,415,21111-46-PRECINCT 127 46 DISTRICT (Q127)
Jefferson,Q127,westk,12/30/2021 10:16:32.119504,0,415,21111-46-PRECINCT 127 46 DISTRICT (Q127)
Jefferson,Q131,bidenj,12/30/2021 10:16:32.119504,192,428,21111-46-PRECINCT 131 46 DISTRICT (Q131)
Jefferson,Q131,jorgensenj,12/30/2021 10:16:32.119504,5,428,21111-46-PRECINCT 131 46 DISTRICT (Q131)
Jefferson,Q131,pierceb,12/30/2021 10:16:32.119504,1,428,21111-46-PRECINCT 131 46 DISTRICT (Q131)
Jefferson,Q131,trumpd,12/30/2021 10:16:32.119504,229,428,21111-46-PRECINCT 131 46 DISTRICT (Q131)
Jefferson,Q131,westk,12/30/2021 10:16:32.119504,1,428,21111-46-PRECINCT 131 46 DISTRICT (Q131)
Jefferson,Q132,bidenj,12/30/2021 10:16:32.119504,271,534,21111-46-PRECINCT 132 46 DISTRICT (Q132)
Jefferson,Q132,jorgensenj,12/30/2021 10:16:32.119504,3,534,21111-46-PRECINCT 132 46 DISTRICT (Q132)
Jefferson,Q132,pierceb,12/30/2021 10:16:32.119504,3,534,21111-46-PRECINCT 132 46 DISTRICT (Q132)
Jefferson,Q132,trumpd,12/30/2021 10:16:32.119504,255,534,21111-46-PRECINCT 132 46 DISTRICT (Q132)
Jefferson,Q132,westk,12/30/2021 10:16:32.119504,2,534,21111-46-PRECINCT 132 46 DISTRICT (Q132)
Jefferson,Q134,bidenj,12/30/2021 10:16:32.119504,407,560,21111-46-PRECINCT 134 46 DISTRICT (Q134)
Jefferson,Q134,jorgensenj,12/30/2021 10:16:32.119504,5,560,21111-46-PRECINCT 134 46 DISTRICT (Q134)
Jefferson,Q134,pierceb,12/30/2021 10:16:32.119504,0,560,21111-46-PRECINCT 134 46 DISTRICT (Q134)
Jefferson,Q134,trumpd,12/30/2021 10:16:32.119504,146,560,21111-46-PRECINCT 134 46 DISTRICT (Q134)
Jefferson,Q134,westk,12/30/2021 10:16:32.119504,2,560,21111-46-PRECINCT 134 46 DISTRICT (Q134)
Jefferson,Q136,bidenj,12/30/2021 10:16:32.119504,144,251,21111-46-PRECINCT 136 46 DISTRICT (Q136)
Jefferson,Q136,jorgensenj,12/30/2021 10:16:32.119504,4,251,21111-46-PRECINCT 136 46 DISTRICT (Q136)
Jefferson,Q136,pierceb,12/30/2021 10:16:32.119504,1,251,21111-46-PRECINCT 136 46 DISTRICT (Q136)
Jefferson,Q136,trumpd,12/30/2021 10:16:32.119504,102,251,21111-46-PRECINCT 136 46 DISTRICT (Q136)
Jefferson,Q136,westk,12/30/2021 10:16:32.119504,0,251,21111-46-PRECINCT 136 46 DISTRICT (Q136)
Jefferson,Q137,bidenj,12/30/2021 10:16:32.119504,442,754,21111-46-PRECINCT 137 46 DISTRICT (Q137)
Jefferson,Q137,jorgensenj,12/30/2021 10:16:32.119504,14,754,21111-46-PRECINCT 137 46 DISTRICT (Q137)
Jefferson,Q137,pierceb,12/30/2021 10:16:32.119504,1,754,21111-46-PRECINCT 137 46 DISTRICT (Q137)
Jefferson,Q137,trumpd,12/30/2021 10:16:32.119504,292,754,21111-46-PRECINCT 137 46 DISTRICT (Q137)
Jefferson,Q137,westk,12/30/2021 10:16:32.119504,5,754,21111-46-PRECINCT 137 46 DISTRICT (Q137)
Jefferson,Q138,bidenj,12/30/2021 10:16:32.119504,339,516,21111-46-PRECINCT 138 46 DISTRICT (Q138)
Jefferson,Q138,jorgensenj,12/30/2021 10:16:32.119504,14,516,21111-46-PRECINCT 138 46 DISTRICT (Q138)
Jefferson,Q138,pierceb,12/30/2021 10:16:32.119504,1,516,21111-46-PRECINCT 138 46 DISTRICT (Q138)
Jefferson,Q138,trumpd,12/30/2021 10:16:32.119504,156,516,21111-46-PRECINCT 138 46 DISTRICT (Q138)
Jefferson,Q138,westk,12/30/2021 10:16:32.119504,6,516,21111-46-PRECINCT 138 46 DISTRICT (Q138)
Jefferson,Q139,bidenj,12/30/2021 10:16:32.119504,150,367,21111-46-PRECINCT 139 46 DISTRICT (Q139)
Jefferson,Q139,jorgensenj,12/30/2021 10:16:32.119504,6,367,21111-46-PRECINCT 139 46 DISTRICT (Q139)
Jefferson,Q139,pierceb,12/30/2021 10:16:32.119504,1,367,21111-46-PRECINCT 139 46 DISTRICT (Q139)
Jefferson,Q139,trumpd,12/30/2021 10:16:32.119504,207,367,21111-46-PRECINCT 139 46 DISTRICT (Q139)
Jefferson,Q139,westk,12/30/2021 10:16:32.119504,3,367,21111-46-PRECINCT 139 46 DISTRICT (Q139)
Jefferson,S116,bidenj,12/30/2021 10:16:32.119504,401,868,21111-48-PRECINCT 116 48 DISTRICT (S116)
Jefferson,S116,jorgensenj,12/30/2021 10:16:32.119504,13,868,21111-48-PRECINCT 116 48 DISTRICT (S116)
Jefferson,S116,pierceb,12/30/2021 10:16:32.119504,2,868,21111-48-PRECINCT 116 48 DISTRICT (S116)
Jefferson,S116,trumpd,12/30/2021 10:16:32.119504,444,868,21111-48-PRECINCT 116 48 DISTRICT (S116)
Jefferson,S116,westk,12/30/2021 10:16:32.119504,8,868,21111-48-PRECINCT 116 48 DISTRICT (S116)
Jefferson,S118,bidenj,12/30/2021 10:16:32.119504,576,985,21111-48-PRECINCT 118 48 DISTRICT (S118)
Jefferson,S118,jorgensenj,12/30/2021 10:16:32.119504,15,985,21111-48-PRECINCT 118 48 DISTRICT (S118)
Jefferson,S118,pierceb,12/30/2021 10:16:32.119504,1,985,21111-48-PRECINCT 118 48 DISTRICT (S118)
Jefferson,S118,trumpd,12/30/2021 10:16:32.119504,393,985,21111-48-PRECINCT 118 48 DISTRICT (S118)
Jefferson,S118,westk,12/30/2021 10:16:32.119504,0,985,21111-48-PRECINCT 118 48 DISTRICT (S118)
Jefferson,S119,bidenj,12/30/2021 10:16:32.119504,675,1078,21111-48-PRECINCT 119 48 DISTRICT (S119)
Jefferson,S119,jorgensenj,12/30/2021 10:16:32.119504,14,1078,21111-48-PRECINCT 119 48 DISTRICT (S119)
Jefferson,S119,pierceb,12/30/2021 10:16:32.119504,4,1078,21111-48-PRECINCT 119 48 DISTRICT (S119)
Jefferson,S119,trumpd,12/30/2021 10:16:32.119504,384,1078,21111-48-PRECINCT 119 48 DISTRICT (S119)
Jefferson,S119,westk,12/30/2021 10:16:32.119504,1,1078,21111-48-PRECINCT 119 48 DISTRICT (S119)
Jefferson,S125,bidenj,12/30/2021 10:16:32.119504,742,1355,21111-48-PRECINCT 125 48 DISTRICT (S125)
Jefferson,S125,jorgensenj,12/30/2021 10:16:32.119504,13,1355,21111-48-PRECINCT 125 48 DISTRICT (S125)
Jefferson,S125,pierceb,12/30/2021 10:16:32.119504,1,1355,21111-48-PRECINCT 125 48 DISTRICT (S125)
Jefferson,S125,trumpd,12/30/2021 10:16:32.119504,596,1355,21111-48-PRECINCT 125 48 DISTRICT (S125)
Jefferson,S125,westk,12/30/2021 10:16:32.119504,3,1355,21111-48-PRECINCT 125 48 DISTRICT (S125)
Jefferson,S126,bidenj,12/30/2021 10:16:32.119504,469,942,21111-48-PRECINCT 126 48 DISTRICT (S126)
Jefferson,S126,jorgensenj,12/30/2021 10:16:32.119504,10,942,21111-48-PRECINCT 126 48 DISTRICT (S126)
Jefferson,S126,pierceb,12/30/2021 10:16:32.119504,1,942,21111-48-PRECINCT 126 48 DISTRICT (S126)
Jefferson,S126,trumpd,12/30/2021 10:16:32.119504,460,942,21111-48-PRECINCT 126 48 DISTRICT (S126)
Jefferson,S126,westk,12/30/2021 10:16:32.119504,2,942,21111-48-PRECINCT 126 48 DISTRICT (S126)
Jefferson,S128,bidenj,12/30/2021 10:16:32.119504,384,707,21111-48-PRECINCT 128 48 DISTRICT (S128)
Jefferson,S128,jorgensenj,12/30/2021 10:16:32.119504,6,707,21111-48-PRECINCT 128 48 DISTRICT (S128)
Jefferson,S128,pierceb,12/30/2021 10:16:32.119504,0,707,21111-48-PRECINCT 128 48 DISTRICT (S128)
Jefferson,S128,trumpd,12/30/2021 10:16:32.119504,314,707,21111-48-PRECINCT 128 48 DISTRICT (S128)
Jefferson,S128,westk,12/30/2021 10:16:32.119504,3,707,21111-48-PRECINCT 128 48 DISTRICT (S128)
Jefferson,S129,bidenj,12/30/2021 10:16:32.119504,469,860,21111-48-PRECINCT 129 48 DISTRICT (S129)
Jefferson,S129,jorgensenj,12/30/2021 10:16:32.119504,8,860,21111-48-PRECINCT 129 48 DISTRICT (S129)
Jefferson,S129,pierceb,12/30/2021 10:16:32.119504,2,860,21111-48-PRECINCT 129 48 DISTRICT (S129)
Jefferson,S129,trumpd,12/30/2021 10:16:32.119504,378,860,21111-48-PRECINCT 129 48 DISTRICT (S129)
Jefferson,S129,westk,12/30/2021 10:16:32.119504,3,860,21111-48-PRECINCT 129 48 DISTRICT (S129)
Jefferson,S130,bidenj,12/30/2021 10:16:32.119504,403,815,21111-48-PRECINCT 130 48 DISTRICT (S130)
Jefferson,S130,jorgensenj,12/30/2021 10:16:32.119504,5,815,21111-48-PRECINCT 130 48 DISTRICT (S130)
Jefferson,S130,pierceb,12/30/2021 10:16:32.119504,0,815,21111-48-PRECINCT 130 48 DISTRICT (S130)
Jefferson,S130,trumpd,12/30/2021 10:16:32.119504,403,815,21111-48-PRECINCT 130 48 DISTRICT (S130)
Jefferson,S130,westk,12/30/2021 10:16:32.119504,4,815,21111-48-PRECINCT 130 48 DISTRICT (S130)
Jefferson,S131,bidenj,12/30/2021 10:16:32.119504,556,843,21111-48-PRECINCT 131 48 DISTRICT (S131)
Jefferson,S131,jorgensenj,12/30/2021 10:16:32.119504,13,843,21111-48-PRECINCT 131 48 DISTRICT (S131)
Jefferson,S131,pierceb,12/30/2021 10:16:32.119504,2,843,21111-48-PRECINCT 131 48 DISTRICT (S131)
Jefferson,S131,trumpd,12/30/2021 10:16:32.119504,265,843,21111-48-PRECINCT 131 48 DISTRICT (S131)
Jefferson,S131,westk,12/30/2021 10:16:32.119504,7,843,21111-48-PRECINCT 131 48 DISTRICT (S131)
Jefferson,S132,bidenj,12/30/2021 10:16:32.119504,798,1202,21111-48-PRECINCT 132 48 DISTRICT (S132)
Jefferson,S132,jorgensenj,12/30/2021 10:16:32.119504,20,1202,21111-48-PRECINCT 132 48 DISTRICT (S132)
Jefferson,S132,pierceb,12/30/2021 10:16:32.119504,1,1202,21111-48-PRECINCT 132 48 DISTRICT (S132)
Jefferson,S132,trumpd,12/30/2021 10:16:32.119504,380,1202,21111-48-PRECINCT 132 48 DISTRICT (S132)
Jefferson,S132,westk,12/30/2021 10:16:32.119504,3,1202,21111-48-PRECINCT 132 48 DISTRICT (S132)
Jefferson,S135,bidenj,12/30/2021 10:16:32.119504,597,909,21111-48-PRECINCT 135 48 DISTRICT (S135)
Jefferson,S135,jorgensenj,12/30/2021 10:16:32.119504,10,909,21111-48-PRECINCT 135 48 DISTRICT (S135)
Jefferson,S135,pierceb,12/30/2021 10:16:32.119504,2,909,21111-48-PRECINCT 135 48 DISTRICT (S135)
Jefferson,S135,trumpd,12/30/2021 10:16:32.119504,294,909,21111-48-PRECINCT 135 48 DISTRICT (S135)
Jefferson,S135,westk,12/30/2021 10:16:32.119504,6,909,21111-48-PRECINCT 135 48 DISTRICT (S135)
Jefferson,S139,bidenj,12/30/2021 10:16:32.119504,750,1222,21111-48-PRECINCT 139 48 DISTRICT (S139)
Jefferson,S139,jorgensenj,12/30/2021 10:16:32.119504,16,1222,21111-48-PRECINCT 139 48 DISTRICT (S139)
Jefferson,S139,pierceb,12/30/2021 10:16:32.119504,4,1222,21111-48-PRECINCT 139 48 DISTRICT (S139)
Jefferson,S139,trumpd,12/30/2021 10:16:32.119504,447,1222,21111-48-PRECINCT 139 48 DISTRICT (S139)
Jefferson,S139,westk,12/30/2021 10:16:32.119504,5,1222,21111-48-PRECINCT 139 48 DISTRICT (S139)
Jefferson,S140,bidenj,12/30/2021 10:16:32.119504,418,856,21111-48-PRECINCT 140 48 DISTRICT (S140)
Jefferson,S140,jorgensenj,12/30/2021 10:16:32.119504,7,856,21111-48-PRECINCT 140 48 DISTRICT (S140)
Jefferson,S140,pierceb,12/30/2021 10:16:32.119504,2,856,21111-48-PRECINCT 140 48 DISTRICT (S140)
Jefferson,S140,trumpd,12/30/2021 10:16:32.119504,428,856,21111-48-PRECINCT 140 48 DISTRICT (S140)
Jefferson,S140,westk,12/30/2021 10:16:32.119504,1,856,21111-48-PRECINCT 140 48 DISTRICT (S140)
Jefferson,S141,bidenj,12/30/2021 10:16:32.119504,781,1287,21111-48-PRECINCT 141 48 DISTRICT (S141)
Jefferson,S141,jorgensenj,12/30/2021 10:16:32.119504,16,1287,21111-48-PRECINCT 141 48 DISTRICT (S141)
Jefferson,S141,pierceb,12/30/2021 10:16:32.119504,2,1287,21111-48-PRECINCT 141 48 DISTRICT (S141)
Jefferson,S141,trumpd,12/30/2021 10:16:32.119504,486,1287,21111-48-PRECINCT 141 48 DISTRICT (S141)
Jefferson,S141,westk,12/30/2021 10:16:32.119504,2,1287,21111-48-PRECINCT 141 48 DISTRICT (S141)
Jefferson,S142,bidenj,12/30/2021 10:16:32.119504,466,818,21111-48-PRECINCT 142 48 DISTRICT (S142)
Jefferson,S142,jorgensenj,12/30/2021 10:16:32.119504,7,818,21111-48-PRECINCT 142 48 DISTRICT (S142)
Jefferson,S142,pierceb,12/30/2021 10:16:32.119504,2,818,21111-48-PRECINCT 142 48 DISTRICT (S142)
Jefferson,S142,trumpd,12/30/2021 10:16:32.119504,341,818,21111-48-PRECINCT 142 48 DISTRICT (S142)
Jefferson,S142,westk,12/30/2021 10:16:32.119504,2,818,21111-48-PRECINCT 142 48 DISTRICT (S142)
Jefferson,S143,bidenj,12/30/2021 10:16:32.119504,387,932,21111-48-PRECINCT 143 48 DISTRICT (S143)
Jefferson,S143,jorgensenj,12/30/2021 10:16:32.119504,16,932,21111-48-PRECINCT 143 48 DISTRICT (S143)
Jefferson,S143,pierceb,12/30/2021 10:16:32.119504,0,932,21111-48-PRECINCT 143 48 DISTRICT (S143)
Jefferson,S143,trumpd,12/30/2021 10:16:32.119504,528,932,21111-48-PRECINCT 143 48 DISTRICT (S143)
Jefferson,S143,westk,12/30/2021 10:16:32.119504,1,932,21111-48-PRECINCT 143 48 DISTRICT (S143)
Jefferson,S144,bidenj,12/30/2021 10:16:32.119504,379,718,21111-48-PRECINCT 144 48 DISTRICT (S144)
Jefferson,S144,jorgensenj,12/30/2021 10:16:32.119504,5,718,21111-48-PRECINCT 144 48 DISTRICT (S144)
Jefferson,S144,pierceb,12/30/2021 10:16:32.119504,2,718,21111-48-PRECINCT 144 48 DISTRICT (S144)
Jefferson,S144,trumpd,12/30/2021 10:16:32.119504,328,718,21111-48-PRECINCT 144 48 DISTRICT (S144)
Jefferson,S144,westk,12/30/2021 10:16:32.119504,4,718,21111-48-PRECINCT 144 48 DISTRICT (S144)
Jefferson,S146,bidenj,12/30/2021 10:16:32.119504,424,704,21111-48-PRECINCT 146 48 DISTRICT (S146)
Jefferson,S146,jorgensenj,12/30/2021 10:16:32.119504,10,704,21111-48-PRECINCT 146 48 DISTRICT (S146)
Jefferson,S146,pierceb,12/30/2021 10:16:32.119504,0,704,21111-48-PRECINCT 146 48 DISTRICT (S146)
Jefferson,S146,trumpd,12/30/2021 10:16:32.119504,262,704,21111-48-PRECINCT 146 48 DISTRICT (S146)
Jefferson,S146,westk,12/30/2021 10:16:32.119504,8,704,21111-48-PRECINCT 146 48 DISTRICT (S146)
Jefferson,S150,bidenj,12/30/2021 10:16:32.119504,499,1084,21111-48-PRECINCT 150 48 DISTRICT (S150)
Jefferson,S150,jorgensenj,12/30/2021 10:16:32.119504,10,1084,21111-48-PRECINCT 150 48 DISTRICT (S150)
Jefferson,S150,pierceb,12/30/2021 10:16:32.119504,2,1084,21111-48-PRECINCT 150 48 DISTRICT (S150)
Jefferson,S150,trumpd,12/30/2021 10:16:32.119504,573,1084,21111-48-PRECINCT 150 48 DISTRICT (S150)
Jefferson,S150,westk,12/30/2021 10:16:32.119504,0,1084,21111-48-PRECINCT 150 48 DISTRICT (S150)
Jefferson,S152,bidenj,12/30/2021 10:16:32.119504,390,680,21111-48-PRECINCT 152 48 DISTRICT (S152)
Jefferson,S152,jorgensenj,12/30/2021 10:16:32.119504,9,680,21111-48-PRECINCT 152 48 DISTRICT (S152)
Jefferson,S152,pierceb,12/30/2021 10:16:32.119504,1,680,21111-48-PRECINCT 152 48 DISTRICT (S152)
Jefferson,S152,trumpd,12/30/2021 10:16:32.119504,278,680,21111-48-PRECINCT 152 48 DISTRICT (S152)
Jefferson,S152,westk,12/30/2021 10:16:32.119504,2,680,21111-48-PRECINCT 152 48 DISTRICT (S152)
Jefferson,S153,bidenj,12/30/2021 10:16:32.119504,782,1441,21111-48-PRECINCT 153 48 DISTRICT (S153)
Jefferson,S153,jorgensenj,12/30/2021 10:16:32.119504,16,1441,21111-48-PRECINCT 153 48 DISTRICT (S153)
Jefferson,S153,pierceb,12/30/2021 10:16:32.119504,1,1441,21111-48-PRECINCT 153 48 DISTRICT (S153)
Jefferson,S153,trumpd,12/30/2021 10:16:32.119504,637,1441,21111-48-PRECINCT 153 48 DISTRICT (S153)
Jefferson,S153,westk,12/30/2021 10:16:32.119504,5,1441,21111-48-PRECINCT 153 48 DISTRICT (S153)
Jefferson,S156,bidenj,12/30/2021 10:16:32.119504,358,570,21111-48-PRECINCT 156 48 DISTRICT (S156)
Jefferson,S156,jorgensenj,12/30/2021 10:16:32.119504,9,570,21111-48-PRECINCT 156 48 DISTRICT (S156)
Jefferson,S156,pierceb,12/30/2021 10:16:32.119504,2,570,21111-48-PRECINCT 156 48 DISTRICT (S156)
Jefferson,S156,trumpd,12/30/2021 10:16:32.119504,198,570,21111-48-PRECINCT 156 48 DISTRICT (S156)
Jefferson,S156,westk,12/30/2021 10:16:32.119504,3,570,21111-48-PRECINCT 156 48 DISTRICT (S156)
Jefferson,S160,bidenj,12/30/2021 10:16:32.119504,1145,2372,21111-48-PRECINCT 160 48 DISTRICT (S160)
Jefferson,S160,jorgensenj,12/30/2021 10:16:32.119504,23,2372,21111-48-PRECINCT 160 48 DISTRICT (S160)
Jefferson,S160,pierceb,12/30/2021 10:16:32.119504,2,2372,21111-48-PRECINCT 160 48 DISTRICT (S160)
Jefferson,S160,trumpd,12/30/2021 10:16:32.119504,1198,2372,21111-48-PRECINCT 160 48 DISTRICT (S160)
Jefferson,S160,westk,12/30/2021 10:16:32.119504,4,2372,21111-48-PRECINCT 160 48 DISTRICT (S160)
Jefferson,S161,bidenj,12/30/2021 10:16:32.119504,371,613,21111-48-PRECINCT 161 48 DISTRICT (S161)
Jefferson,S161,jorgensenj,12/30/2021 10:16:32.119504,6,613,21111-48-PRECINCT 161 48 DISTRICT (S161)
Jefferson,S161,pierceb,12/30/2021 10:16:32.119504,0,613,21111-48-PRECINCT 161 48 DISTRICT (S161)
Jefferson,S161,trumpd,12/30/2021 10:16:32.119504,235,613,21111-48-PRECINCT 161 48 DISTRICT (S161)
Jefferson,S161,westk,12/30/2021 10:16:32.119504,1,613,21111-48-PRECINCT 161 48 DISTRICT (S161)
Jefferson,S164,bidenj,12/30/2021 10:16:32.119504,484,827,21111-48-PRECINCT 164 48 DISTRICT (S164)
Jefferson,S164,jorgensenj,12/30/2021 10:16:32.119504,8,827,21111-48-PRECINCT 164 48 DISTRICT (S164)
Jefferson,S164,pierceb,12/30/2021 10:16:32.119504,4,827,21111-48-PRECINCT 164 48 DISTRICT (S164)
Jefferson,S164,trumpd,12/30/2021 10:16:32.119504,330,827,21111-48-PRECINCT 164 48 DISTRICT (S164)
Jefferson,S164,westk,12/30/2021 10:16:32.119504,1,827,21111-48-PRECINCT 164 48 DISTRICT (S164)
Jefferson,S165,bidenj,12/30/2021 10:16:32.119504,413,740,21111-48-PRECINCT 165 48 DISTRICT (S165)
Jefferson,S165,jorgensenj,12/30/2021 10:16:32.119504,5,740,21111-48-PRECINCT 165 48 DISTRICT (S165)
Jefferson,S165,pierceb,12/30/2021 10:16:32.119504,0,740,21111-48-PRECINCT 165 48 DISTRICT (S165)
Jefferson,S165,trumpd,12/30/2021 10:16:32.119504,319,740,21111-48-PRECINCT 165 48 DISTRICT (S165)
Jefferson,S165,westk,12/30/2021 10:16:32.119504,3,740,21111-48-PRECINCT 165 48 DISTRICT (S165)
Jefferson,S166,bidenj,12/30/2021 10:16:32.119504,355,784,21111-48-PRECINCT 166 48 DISTRICT (S166)
Jefferson,S166,jorgensenj,12/30/2021 10:16:32.119504,7,784,21111-48-PRECINCT 166 48 DISTRICT (S166)
Jefferson,S166,pierceb,12/30/2021 10:16:32.119504,1,784,21111-48-PRECINCT 166 48 DISTRICT (S166)
Jefferson,S166,trumpd,12/30/2021 10:16:32.119504,420,784,21111-48-PRECINCT 166 48 DISTRICT (S166)
Jefferson,S166,westk,12/30/2021 10:16:32.119504,1,784,21111-48-PRECINCT 166 48 DISTRICT (S166)
Jefferson,S167,bidenj,12/30/2021 10:16:32.119504,360,711,21111-48-PRECINCT 167 48 DISTRICT (S167)
Jefferson,S167,jorgensenj,12/30/2021 10:16:32.119504,12,711,21111-48-PRECINCT 167 48 DISTRICT (S167)
Jefferson,S167,pierceb,12/30/2021 10:16:32.119504,0,711,21111-48-PRECINCT 167 48 DISTRICT (S167)
Jefferson,S167,trumpd,12/30/2021 10:16:32.119504,338,711,21111-48-PRECINCT 167 48 DISTRICT (S167)
Jefferson,S167,westk,12/30/2021 10:16:32.119504,1,711,21111-48-PRECINCT 167 48 DISTRICT (S167)
Jefferson,S168,bidenj,12/30/2021 10:16:32.119504,417,757,21111-48-PRECINCT 168 48 DISTRICT (S168)
Jefferson,S168,jorgensenj,12/30/2021 10:16:32.119504,4,757,21111-48-PRECINCT 168 48 DISTRICT (S168)
Jefferson,S168,pierceb,12/30/2021 10:16:32.119504,0,757,21111-48-PRECINCT 168 48 DISTRICT (S168)
Jefferson,S168,trumpd,12/30/2021 10:16:32.119504,332,757,21111-48-PRECINCT 168 48 DISTRICT (S168)
Jefferson,S168,westk,12/30/2021 10:16:32.119504,4,757,21111-48-PRECINCT 168 48 DISTRICT (S168)
Jefferson,V101,bidenj,12/30/2021 10:16:32.119504,456,764,21111-36-PRECINCT 101 36 DISTRICT (V101)
Jefferson,V101,jorgensenj,12/30/2021 10:16:32.119504,15,764,21111-36-PRECINCT 101 36 DISTRICT (V101)
Jefferson,V101,pierceb,12/30/2021 10:16:32.119504,3,764,21111-36-PRECINCT 101 36 DISTRICT (V101)
Jefferson,V101,trumpd,12/30/2021 10:16:32.119504,287,764,21111-36-PRECINCT 101 36 DISTRICT (V101)
Jefferson,V101,westk,12/30/2021 10:16:32.119504,3,764,21111-36-PRECINCT 101 36 DISTRICT (V101)
Jefferson,V102,bidenj,12/30/2021 10:16:32.119504,715,1776,21111-36-PRECINCT 102 36 DISTRICT (V102)
Jefferson,V102,jorgensenj,12/30/2021 10:16:32.119504,24,1776,21111-36-PRECINCT 102 36 DISTRICT (V102)
Jefferson,V102,pierceb,12/30/2021 10:16:32.119504,2,1776,21111-36-PRECINCT 102 36 DISTRICT (V102)
Jefferson,V102,trumpd,12/30/2021 10:16:32.119504,1032,1776,21111-36-PRECINCT 102 36 DISTRICT (V102)
Jefferson,V102,westk,12/30/2021 10:16:32.119504,3,1776,21111-36-PRECINCT 102 36 DISTRICT (V102)
Jefferson,V103,bidenj,12/30/2021 10:16:32.119504,151,527,21111-36-PRECINCT 103 36 DISTRICT (V103)
Jefferson,V103,jorgensenj,12/30/2021 10:16:32.119504,5,527,21111-36-PRECINCT 103 36 DISTRICT (V103)
Jefferson,V103,pierceb,12/30/2021 10:16:32.119504,1,527,21111-36-PRECINCT 103 36 DISTRICT (V103)
Jefferson,V103,trumpd,12/30/2021 10:16:32.119504,370,527,21111-36-PRECINCT 103 36 DISTRICT (V103)
Jefferson,V103,westk,12/30/2021 10:16:32.119504,0,527,21111-36-PRECINCT 103 36 DISTRICT (V103)
Jefferson,V104,bidenj,12/30/2021 10:16:32.119504,918,2128,21111-36-PRECINCT 104 36 DISTRICT (V104)
Jefferson,V104,jorgensenj,12/30/2021 10:16:32.119504,35,2128,21111-36-PRECINCT 104 36 DISTRICT (V104)
Jefferson,V104,pierceb,12/30/2021 10:16:32.119504,4,2128,21111-36-PRECINCT 104 36 DISTRICT (V104)
Jefferson,V104,trumpd,12/30/2021 10:16:32.119504,1159,2128,21111-36-PRECINCT 104 36 DISTRICT (V104)
Jefferson,V104,westk,12/30/2021 10:16:32.119504,12,2128,21111-36-PRECINCT 104 36 DISTRICT (V104)
Jefferson,V105,bidenj,12/30/2021 10:16:32.119504,421,1294,21111-36-PRECINCT 105 36 DISTRICT (V105)
Jefferson,V105,jorgensenj,12/30/2021 10:16:32.119504,21,1294,21111-36-PRECINCT 105 36 DISTRICT (V105)
Jefferson,V105,pierceb,12/30/2021 10:16:32.119504,1,1294,21111-36-PRECINCT 105 36 DISTRICT (V105)
Jefferson,V105,trumpd,12/30/2021 10:16:32.119504,844,1294,21111-36-PRECINCT 105 36 DISTRICT (V105)
Jefferson,V105,westk,12/30/2021 10:16:32.119504,7,1294,21111-36-PRECINCT 105 36 DISTRICT (V105)
Jefferson,V106,bidenj,12/30/2021 10:16:32.119504,413,739,21111-36-PRECINCT 106 36 DISTRICT (V106)
Jefferson,V106,jorgensenj,12/30/2021 10:16:32.119504,14,739,21111-36-PRECINCT 106 36 DISTRICT (V106)
Jefferson,V106,pierceb,12/30/2021 10:16:32.119504,1,739,21111-36-PRECINCT 106 36 DISTRICT (V106)
Jefferson,V106,trumpd,12/30/2021 10:16:32.119504,307,739,21111-36-PRECINCT 106 36 DISTRICT (V106)
Jefferson,V106,westk,12/30/2021 10:16:32.119504,4,739,21111-36-PRECINCT 106 36 DISTRICT (V106)
Jefferson,V107,bidenj,12/30/2021 10:16:32.119504,259,804,21111-36-PRECINCT 107 36 DISTRICT (V107)
Jefferson,V107,jorgensenj,12/30/2021 10:16:32.119504,5,804,21111-36-PRECINCT 107 36 DISTRICT (V107)
Jefferson,V107,pierceb,12/30/2021 10:16:32.119504,0,804,21111-36-PRECINCT 107 36 DISTRICT (V107)
Jefferson,V107,trumpd,12/30/2021 10:16:32.119504,540,804,21111-36-PRECINCT 107 36 DISTRICT (V107)
Jefferson,V107,westk,12/30/2021 10:16:32.119504,0,804,21111-36-PRECINCT 107 36 DISTRICT (V107)
Jefferson,V108,bidenj,12/30/2021 10:16:32.119504,628,1868,21111-36-PRECINCT 108 36 DISTRICT (V108)
Jefferson,V108,jorgensenj,12/30/2021 10:16:32.119504,21,1868,21111-36-PRECINCT 108 36 DISTRICT (V108)
Jefferson,V108,pierceb,12/30/2021 10:16:32.119504,2,1868,21111-36-PRECINCT 108 36 DISTRICT (V108)
Jefferson,V108,trumpd,12/30/2021 10:16:32.119504,1213,1868,21111-36-PRECINCT 108 36 DISTRICT (V108)
Jefferson,V108,westk,12/30/2021 10:16:32.119504,4,1868,21111-36-PRECINCT 108 36 DISTRICT (V108)
Jefferson,V109,bidenj,12/30/2021 10:16:32.119504,62,197,21111-36-PRECINCT 109 36 DISTRICT (V109)
Jefferson,V109,jorgensenj,12/30/2021 10:16:32.119504,2,197,21111-36-PRECINCT 109 36 DISTRICT (V109)
Jefferson,V109,pierceb,12/30/2021 10:16:32.119504,0,197,21111-36-PRECINCT 109 36 DISTRICT (V109)
Jefferson,V109,trumpd,12/30/2021 10:16:32.119504,133,197,21111-36-PRECINCT 109 36 DISTRICT (V109)
Jefferson,V109,westk,12/30/2021 10:16:32.119504,0,197,21111-36-PRECINCT 109 36 DISTRICT (V109)
Jefferson,V110,bidenj,12/30/2021 10:16:32.119504,572,1448,21111-36-PRECINCT 110 36 DISTRICT (V110)
Jefferson,V110,jorgensenj,12/30/2021 10:16:32.119504,15,1448,21111-36-PRECINCT 110 36 DISTRICT (V110)
Jefferson,V110,pierceb,12/30/2021 10:16:32.119504,3,1448,21111-36-PRECINCT 110 36 DISTRICT (V110)
Jefferson,V110,trumpd,12/30/2021 10:16:32.119504,856,1448,21111-36-PRECINCT 110 36 DISTRICT (V110)
Jefferson,V110,westk,12/30/2021 10:16:32.119504,2,1448,21111-36-PRECINCT 110 36 DISTRICT (V110)
Jefferson,V111,bidenj,12/30/2021 10:16:32.119504,418,1002,21111-36-PRECINCT 111 36 DISTRICT (V111)
Jefferson,V111,jorgensenj,12/30/2021 10:16:32.119504,14,1002,21111-36-PRECINCT 111 36 DISTRICT (V111)
Jefferson,V111,pierceb,12/30/2021 10:16:32.119504,1,1002,21111-36-PRECINCT 111 36 DISTRICT (V111)
Jefferson,V111,trumpd,12/30/2021 10:16:32.119504,566,1002,21111-36-PRECINCT 111 36 DISTRICT (V111)
Jefferson,V111,westk,12/30/2021 10:16:32.119504,3,1002,21111-36-PRECINCT 111 36 DISTRICT (V111)
Jefferson,V112,bidenj,12/30/2021 10:16:32.119504,13,29,21111-36-PRECINCT 112 36 DISTRICT (V112)
Jefferson,V112,jorgensenj,12/30/2021 10:16:32.119504,0,29,21111-36-PRECINCT 112 36 DISTRICT (V112)
Jefferson,V112,pierceb,12/30/2021 10:16:32.119504,0,29,21111-36-PRECINCT 112 36 DISTRICT (V112)
Jefferson,V112,trumpd,12/30/2021 10:16:32.119504,15,29,21111-36-PRECINCT 112 36 DISTRICT (V112)
Jefferson,V112,westk,12/30/2021 10:16:32.119504,1,29,21111-36-PRECINCT 112 36 DISTRICT (V112)
Jefferson,V113,bidenj,12/30/2021 10:16:32.119504,1134,2566,21111-36-PRECINCT 113 36 DISTRICT (V113)
Jefferson,V113,jorgensenj,12/30/2021 10:16:32.119504,30,2566,21111-36-PRECINCT 113 36 DISTRICT (V113)
Jefferson,V113,pierceb,12/30/2021 10:16:32.119504,5,2566,21111-36-PRECINCT 113 36 DISTRICT (V113)
Jefferson,V113,trumpd,12/30/2021 10:16:32.119504,1391,2566,21111-36-PRECINCT 113 36 DISTRICT (V113)
Jefferson,V113,westk,12/30/2021 10:16:32.119504,6,2566,21111-36-PRECINCT 113 36 DISTRICT (V113)
Jefferson,V114,bidenj,12/30/2021 10:16:32.119504,378,1070,21111-36-PRECINCT 114 36 DISTRICT (V114)
Jefferson,V114,jorgensenj,12/30/2021 10:16:32.119504,4,1070,21111-36-PRECINCT 114 36 DISTRICT (V114)
Jefferson,V114,pierceb,12/30/2021 10:16:32.119504,0,1070,21111-36-PRECINCT 114 36 DISTRICT (V114)
Jefferson,V114,trumpd,12/30/2021 10:16:32.119504,685,1070,21111-36-PRECINCT 114 36 DISTRICT (V114)
Jefferson,V114,westk,12/30/2021 10:16:32.119504,3,1070,21111-36-PRECINCT 114 36 DISTRICT (V114)
Jefferson,V115,bidenj,12/30/2021 10:16:32.119504,395,848,21111-36-PRECINCT 115 36 DISTRICT (V115)
Jefferson,V115,jorgensenj,12/30/2021 10:16:32.119504,19,848,21111-36-PRECINCT 115 36 DISTRICT (V115)
Jefferson,V115,pierceb,12/30/2021 10:16:32.119504,7,848,21111-36-PRECINCT 115 36 DISTRICT (V115)
Jefferson,V115,trumpd,12/30/2021 10:16:32.119504,423,848,21111-36-PRECINCT 115 36 DISTRICT (V115)
Jefferson,V115,westk,12/30/2021 10:16:32.119504,4,848,21111-36-PRECINCT 115 36 DISTRICT (V115)
Jefferson,V116,bidenj,12/30/2021 10:16:32.119504,421,1016,21111-36-PRECINCT 116 36 DISTRICT (V116)
Jefferson,V116,jorgensenj,12/30/2021 10:16:32.119504,17,1016,21111-36-PRECINCT 116 36 DISTRICT (V116)
Jefferson,V116,pierceb,12/30/2021 10:16:32.119504,2,1016,21111-36-PRECINCT 116 36 DISTRICT (V116)
Jefferson,V116,trumpd,12/30/2021 10:16:32.119504,576,1016,21111-36-PRECINCT 116 36 DISTRICT (V116)
Jefferson,V116,westk,12/30/2021 10:16:32.119504,0,1016,21111-36-PRECINCT 116 36 DISTRICT (V116)
Jefferson,V117,bidenj,12/30/2021 10:16:32.119504,442,837,21111-36-PRECINCT 117 36 DISTRICT (V117)
Jefferson,V117,jorgensenj,12/30/2021 10:16:32.119504,12,837,21111-36-PRECINCT 117 36 DISTRICT (V117)
Jefferson,V117,pierceb,12/30/2021 10:16:32.119504,3,837,21111-36-PRECINCT 117 36 DISTRICT (V117)
Jefferson,V117,trumpd,12/30/2021 10:16:32.119504,378,837,21111-36-PRECINCT 117 36 DISTRICT (V117)
Jefferson,V117,westk,12/30/2021 10:16:32.119504,2,837,21111-36-PRECINCT 117 36 DISTRICT (V117)
Jefferson,V118,bidenj,12/30/2021 10:16:32.119504,449,877,21111-36-PRECINCT 118 36 DISTRICT (V118)
Jefferson,V118,jorgensenj,12/30/2021 10:16:32.119504,18,877,21111-36-PRECINCT 118 36 DISTRICT (V118)
Jefferson,V118,pierceb,12/30/2021 10:16:32.119504,3,877,21111-36-PRECINCT 118 36 DISTRICT (V118)
Jefferson,V118,trumpd,12/30/2021 10:16:32.119504,407,877,21111-36-PRECINCT 118 36 DISTRICT (V118)
Jefferson,V118,westk,12/30/2021 10:16:32.119504,0,877,21111-36-PRECINCT 118 36 DISTRICT (V118)
Jefferson,V119,bidenj,12/30/2021 10:16:32.119504,800,1667,21111-36-PRECINCT 119 36 DISTRICT (V119)
Jefferson,V119,jorgensenj,12/30/2021 10:16:32.119504,13,1667,21111-36-PRECINCT 119 36 DISTRICT (V119)
Jefferson,V119,pierceb,12/30/2021 10:16:32.119504,4,1667,21111-36-PRECINCT 119 36 DISTRICT (V119)
Jefferson,V119,trumpd,12/30/2021 10:16:32.119504,846,1667,21111-36-PRECINCT 119 36 DISTRICT (V119)
Jefferson,V119,westk,12/30/2021 10:16:32.119504,4,1667,21111-36-PRECINCT 119 36 DISTRICT (V119)
Jefferson,V120,bidenj,12/30/2021 10:16:32.119504,722,1422,21111-36-PRECINCT 120 36 DISTRICT (V120)
Jefferson,V120,jorgensenj,12/30/2021 10:16:32.119504,18,1422,21111-36-PRECINCT 120 36 DISTRICT (V120)
Jefferson,V120,pierceb,12/30/2021 10:16:32.119504,1,1422,21111-36-PRECINCT 120 36 DISTRICT (V120)
Jefferson,V120,trumpd,12/30/2021 10:16:32.119504,671,1422,21111-36-PRECINCT 120 36 DISTRICT (V120)
Jefferson,V120,westk,12/30/2021 10:16:32.119504,10,1422,21111-36-PRECINCT 120 36 DISTRICT (V120)
Jefferson,V121,bidenj,12/30/2021 10:16:32.119504,505,1050,21111-36-PRECINCT 121 36 DISTRICT (V121)
Jefferson,V121,jorgensenj,12/30/2021 10:16:32.119504,9,1050,21111-36-PRECINCT 121 36 DISTRICT (V121)
Jefferson,V121,pierceb,12/30/2021 10:16:32.119504,4,1050,21111-36-PRECINCT 121 36 DISTRICT (V121)
Jefferson,V121,trumpd,12/30/2021 10:16:32.119504,530,1050,21111-36-PRECINCT 121 36 DISTRICT (V121)
Jefferson,V121,westk,12/30/2021 10:16:32.119504,2,1050,21111-36-PRECINCT 121 36 DISTRICT (V121)
Jefferson,V122,bidenj,12/30/2021 10:16:32.119504,0,0,
Jefferson,V122,jorgensenj,12/30/2021 10:16:32.119504,0,0,
Jefferson,V122,pierceb,12/30/2021 10:16:32.119504,0,0,
Jefferson,V122,trumpd,12/30/2021 10:16:32.119504,0,0,
Jefferson,V122,westk,12/30/2021 10:16:32.119504,0,0,
Jefferson,V123,bidenj,12/30/2021 10:16:32.119504,0,2,21111-36-PRECINCT 123 36 DISTRICT (V123)
Jefferson,V123,jorgensenj,12/30/2021 10:16:32.119504,0,2,21111-36-PRECINCT 123 36 DISTRICT (V123)
Jefferson,V123,pierceb,12/30/2021 10:16:32.119504,0,2,21111-36-PRECINCT 123 36 DISTRICT (V123)
Jefferson,V123,trumpd,12/30/2021 10:16:32.119504,2,2,21111-36-PRECINCT 123 36 DISTRICT (V123)
Jefferson,V123,westk,12/30/2021 10:16:32.119504,0,2,21111-36-PRECINCT 123 36 DISTRICT (V123)
Jefferson,V124,bidenj,12/30/2021 10:16:32.119504,397,731,21111-36-PRECINCT 124 36 DISTRICT (V124)
Jefferson,V124,jorgensenj,12/30/2021 10:16:32.119504,11,731,21111-36-PRECINCT 124 36 DISTRICT (V124)
Jefferson,V124,pierceb,12/30/2021 10:16:32.119504,1,731,21111-36-PRECINCT 124 36 DISTRICT (V124)
Jefferson,V124,trumpd,12/30/2021 10:16:32.119504,320,731,21111-36-PRECINCT 124 36 DISTRICT (V124)
Jefferson,V124,westk,12/30/2021 10:16:32.119504,2,731,21111-36-PRECINCT 124 36 DISTRICT (V124)
Jefferson,V125,bidenj,12/30/2021 10:16:32.119504,332,748,21111-36-PRECINCT 125 36 DISTRICT (V125)
Jefferson,V125,jorgensenj,12/30/2021 10:16:32.119504,5,748,21111-36-PRECINCT 125 36 DISTRICT (V125)
Jefferson,V125,pierceb,12/30/2021 10:16:32.119504,1,748,21111-36-PRECINCT 125 36 DISTRICT (V125)
Jefferson,V125,trumpd,12/30/2021 10:16:32.119504,406,748,21111-36-PRECINCT 125 36 DISTRICT (V125)
Jefferson,V125,westk,12/30/2021 10:16:32.119504,4,748,21111-36-PRECINCT 125 36 DISTRICT (V125)
Jefferson,V126,bidenj,12/30/2021 10:16:32.119504,608,1361,21111-36-PRECINCT 126 36 DISTRICT (V126)
Jefferson,V126,jorgensenj,12/30/2021 10:16:32.119504,21,1361,21111-36-PRECINCT 126 36 DISTRICT (V126)
Jefferson,V126,pierceb,12/30/2021 10:16:32.119504,1,1361,21111-36-PRECINCT 126 36 DISTRICT (V126)
Jefferson,V126,trumpd,12/30/2021 10:16:32.119504,726,1361,21111-36-PRECINCT 126 36 DISTRICT (V126)
Jefferson,V126,westk,12/30/2021 10:16:32.119504,5,1361,21111-36-PRECINCT 126 36 DISTRICT (V126)
Jefferson,V127,bidenj,12/30/2021 10:16:32.119504,736,1467,21111-36-PRECINCT 127 36 DISTRICT (V127)
Jefferson,V127,jorgensenj,12/30/2021 10:16:32.119504,20,1467,21111-36-PRECINCT 127 36 DISTRICT (V127)
Jefferson,V127,pierceb,12/30/2021 10:16:32.119504,1,1467,21111-36-PRECINCT 127 36 DISTRICT (V127)
Jefferson,V127,trumpd,12/30/2021 10:16:32.119504,703,1467,21111-36-PRECINCT 127 36 DISTRICT (V127)
Jefferson,V127,westk,12/30/2021 10:16:32.119504,7,1467,21111-36-PRECINCT 127 36 DISTRICT (V127)
Jefferson,V128,bidenj,12/30/2021 10:16:32.119504,516,1114,21111-36-PRECINCT 128 36 DISTRICT (V128)
Jefferson,V128,jorgensenj,12/30/2021 10:16:32.119504,18,1114,21111-36-PRECINCT 128 36 DISTRICT (V128)
Jefferson,V128,pierceb,12/30/2021 10:16:32.119504,0,1114,21111-36-PRECINCT 128 36 DISTRICT (V128)
Jefferson,V128,trumpd,12/30/2021 10:16:32.119504,578,1114,21111-36-PRECINCT 128 36 DISTRICT (V128)
Jefferson,V128,westk,12/30/2021 10:16:32.119504,2,1114,21111-36-PRECINCT 128 36 DISTRICT (V128)
Jefferson,V129,bidenj,12/30/2021 10:16:32.119504,638,1706,21111-36-PRECINCT 129 36 DISTRICT (V129)
Jefferson,V129,jorgensenj,12/30/2021 10:16:32.119504,14,1706,21111-36-PRECINCT 129 36 DISTRICT (V129)
Jefferson,V129,pierceb,12/30/2021 10:16:32.119504,3,1706,21111-36-PRECINCT 129 36 DISTRICT (V129)
Jefferson,V129,trumpd,12/30/2021 10:16:32.119504,1047,1706,21111-36-PRECINCT 129 36 DISTRICT (V129)
Jefferson,V129,westk,12/30/2021 10:16:32.119504,4,1706,21111-36-PRECINCT 129 36 DISTRICT (V129)
Jefferson,V130,bidenj,12/30/2021 10:16:32.119504,124,323,21111-36-PRECINCT 130 36 DISTRICT (V130)
Jefferson,V130,jorgensenj,12/30/2021 10:16:32.119504,3,323,21111-36-PRECINCT 130 36 DISTRICT (V130)
Jefferson,V130,pierceb,12/30/2021 10:16:32.119504,1,323,21111-36-PRECINCT 130 36 DISTRICT (V130)
Jefferson,V130,trumpd,12/30/2021 10:16:32.119504,193,323,21111-36-PRECINCT 130 36 DISTRICT (V130)
Jefferson,V130,westk,12/30/2021 10:16:32.119504,2,323,21111-36-PRECINCT 130 36 DISTRICT (V130)
Jefferson,V131,bidenj,12/30/2021 10:16:32.119504,499,1144,21111-36-PRECINCT 131 36 DISTRICT (V131)
Jefferson,V131,jorgensenj,12/30/2021 10:16:32.119504,16,1144,21111-36-PRECINCT 131 36 DISTRICT (V131)
Jefferson,V131,pierceb,12/30/2021 10:16:32.119504,2,1144,21111-36-PRECINCT 131 36 DISTRICT (V131)
Jefferson,V131,trumpd,12/30/2021 10:16:32.119504,626,1144,21111-36-PRECINCT 131 36 DISTRICT (V131)
Jefferson,V131,westk,12/30/2021 10:16:32.119504,1,1144,21111-36-PRECINCT 131 36 DISTRICT (V131)
Jefferson,V132,bidenj,12/30/2021 10:16:32.119504,250,640,21111-36-PRECINCT 132 36 DISTRICT (V132)
Jefferson,V132,jorgensenj,12/30/2021 10:16:32.119504,6,640,21111-36-PRECINCT 132 36 DISTRICT (V132)
Jefferson,V132,pierceb,12/30/2021 10:16:32.119504,0,640,21111-36-PRECINCT 132 36 DISTRICT (V132)
Jefferson,V132,trumpd,12/30/2021 10:16:32.119504,383,640,21111-36-PRECINCT 132 36 DISTRICT (V132)
Jefferson,V132,westk,12/30/2021 10:16:32.119504,1,640,21111-36-PRECINCT 132 36 DISTRICT (V132)
Johnson,A101,bidenj,12/30/2021 10:16:32.119504,63,310,21115-WARD UPPER (A101)
Johnson,A101,jorgensenj,12/30/2021 10:16:32.119504,1,310,21115-WARD UPPER (A101)
Johnson,A101,pierceb,12/30/2021 10:16:32.119504,2,310,21115-WARD UPPER (A101)
Johnson,A101,trumpd,12/30/2021 10:16:32.119504,243,310,21115-WARD UPPER (A101)
Johnson,A101,westk,12/30/2021 10:16:32.119504,1,310,21115-WARD UPPER (A101)
Johnson,A102,bidenj,12/30/2021 10:16:32.119504,66,313,21115-WARD MIDDLE (A102)
Johnson,A102,jorgensenj,12/30/2021 10:16:32.119504,2,313,21115-WARD MIDDLE (A102)
Johnson,A102,pierceb,12/30/2021 10:16:32.119504,3,313,21115-WARD MIDDLE (A102)
Johnson,A102,trumpd,12/30/2021 10:16:32.119504,241,313,21115-WARD MIDDLE (A102)
Johnson,A102,westk,12/30/2021 10:16:32.119504,1,313,21115-WARD MIDDLE (A102)
Johnson,A103,bidenj,12/30/2021 10:16:32.119504,43,197,21115-WARD LOWER (A103)
Johnson,A103,jorgensenj,12/30/2021 10:16:32.119504,1,197,21115-WARD LOWER (A103)
Johnson,A103,pierceb,12/30/2021 10:16:32.119504,0,197,21115-WARD LOWER (A103)
Johnson,A103,trumpd,12/30/2021 10:16:32.119504,152,197,21115-WARD LOWER (A103)
Johnson,A103,westk,12/30/2021 10:16:32.119504,1,197,21115-WARD LOWER (A103)
Johnson,A104,bidenj,12/30/2021 10:16:32.119504,50,267,21115-BRIDGEFORD (A104)
Johnson,A104,jorgensenj,12/30/2021 10:16:32.119504,2,267,21115-BRIDGEFORD (A104)
Johnson,A104,pierceb,12/30/2021 10:16:32.119504,0,267,21115-BRIDGEFORD (A104)
Johnson,A104,trumpd,12/30/2021 10:16:32.119504,213,267,21115-BRIDGEFORD (A104)
Johnson,A104,westk,12/30/2021 10:16:32.119504,2,267,21115-BRIDGEFORD (A104)
Johnson,A105,bidenj,12/30/2021 10:16:32.119504,117,730,21115-STAFFORDSVILLE (A105)
Johnson,A105,jorgensenj,12/30/2021 10:16:32.119504,4,730,21115-STAFFORDSVILLE (A105)
Johnson,A105,pierceb,12/30/2021 10:16:32.119504,2,730,21115-STAFFORDSVILLE (A105)
Johnson,A105,trumpd,12/30/2021 10:16:32.119504,603,730,21115-STAFFORDSVILLE (A105)
Johnson,A105,westk,12/30/2021 10:16:32.119504,4,730,21115-STAFFORDSVILLE (A105)
Johnson,A106,bidenj,12/30/2021 10:16:32.119504,89,583,21115-HAGER HILL (A106)
Johnson,A106,jorgensenj,12/30/2021 10:16:32.119504,7,583,21115-HAGER HILL (A106)
Johnson,A106,pierceb,12/30/2021 10:16:32.119504,1,583,21115-HAGER HILL (A106)
Johnson,A106,trumpd,12/30/2021 10:16:32.119504,485,583,21115-HAGER HILL (A106)
Johnson,A106,westk,12/30/2021 10:16:32.119504,1,583,21115-HAGER HILL (A106)
Johnson,A107,bidenj,12/30/2021 10:16:32.119504,79,300,21115-SOUTH SIDE (A107)
Johnson,A107,jorgensenj,12/30/2021 10:16:32.119504,3,300,21115-SOUTH SIDE (A107)
Johnson,A107,pierceb,12/30/2021 10:16:32.119504,0,300,21115-SOUTH SIDE (A107)
Johnson,A107,trumpd,12/30/2021 10:16:32.119504,218,300,21115-SOUTH SIDE (A107)
Johnson,A107,westk,12/30/2021 10:16:32.119504,0,300,21115-SOUTH SIDE (A107)
Johnson,A108,bidenj,12/30/2021 10:16:32.119504,101,534,21115-KING ADDITION (A108)
Johnson,A108,jorgensenj,12/30/2021 10:16:32.119504,2,534,21115-KING ADDITION (A108)
Johnson,A108,pierceb,12/30/2021 10:16:32.119504,0,534,21115-KING ADDITION (A108)
Johnson,A108,trumpd,12/30/2021 10:16:32.119504,429,534,21115-KING ADDITION (A108)
Johnson,A108,westk,12/30/2021 10:16:32.119504,2,534,21115-KING ADDITION (A108)
Johnson,A109,bidenj,12/30/2021 10:16:32.119504,6,108,21115-EAST POINT (A109)
Johnson,A109,jorgensenj,12/30/2021 10:16:32.119504,4,108,21115-EAST POINT (A109)
Johnson,A109,pierceb,12/30/2021 10:16:32.119504,0,108,21115-EAST POINT (A109)
Johnson,A109,trumpd,12/30/2021 10:16:32.119504,97,108,21115-EAST POINT (A109)
Johnson,A109,westk,12/30/2021 10:16:32.119504,1,108,21115-EAST POINT (A109)
Johnson,A110,bidenj,12/30/2021 10:16:32.119504,21,183,21115-MUDDY BRANCH (A110)
Johnson,A110,jorgensenj,12/30/2021 10:16:32.119504,2,183,21115-MUDDY BRANCH (A110)
Johnson,A110,pierceb,12/30/2021 10:16:32.119504,1,183,21115-MUDDY BRANCH (A110)
Johnson,A110,trumpd,12/30/2021 10:16:32.119504,157,183,21115-MUDDY BRANCH (A110)
Johnson,A110,westk,12/30/2021 10:16:32.119504,2,183,21115-MUDDY BRANCH (A110)
Johnson,B101,bidenj,12/30/2021 10:16:32.119504,53,297,21115-WEST VAN LEAR (B101)
Johnson,B101,jorgensenj,12/30/2021 10:16:32.119504,0,297,21115-WEST VAN LEAR (B101)
Johnson,B101,pierceb,12/30/2021 10:16:32.119504,0,297,21115-WEST VAN LEAR (B101)
Johnson,B101,trumpd,12/30/2021 10:16:32.119504,244,297,21115-WEST VAN LEAR (B101)
Johnson,B101,westk,12/30/2021 10:16:32.119504,0,297,21115-WEST VAN LEAR (B101)
Johnson,B102,bidenj,12/30/2021 10:16:32.119504,55,347,21115-DANIELS CREEK (B102)
Johnson,B102,jorgensenj,12/30/2021 10:16:32.119504,1,347,21115-DANIELS CREEK (B102)
Johnson,B102,pierceb,12/30/2021 10:16:32.119504,1,347,21115-DANIELS CREEK (B102)
Johnson,B102,trumpd,12/30/2021 10:16:32.119504,287,347,21115-DANIELS CREEK (B102)
Johnson,B102,westk,12/30/2021 10:16:32.119504,3,347,21115-DANIELS CREEK (B102)
Johnson,B103,bidenj,12/30/2021 10:16:32.119504,55,350,21115-POWELL ADDITION (B103)
Johnson,B103,jorgensenj,12/30/2021 10:16:32.119504,3,350,21115-POWELL ADDITION (B103)
Johnson,B103,pierceb,12/30/2021 10:16:32.119504,0,350,21115-POWELL ADDITION (B103)
Johnson,B103,trumpd,12/30/2021 10:16:32.119504,292,350,21115-POWELL ADDITION (B103)
Johnson,B103,westk,12/30/2021 10:16:32.119504,0,350,21115-POWELL ADDITION (B103)
Johnson,B104,bidenj,12/30/2021 10:16:32.119504,55,378,21115-MINGO (B104)
Johnson,B104,jorgensenj,12/30/2021 10:16:32.119504,5,378,21115-MINGO (B104)
Johnson,B104,pierceb,12/30/2021 10:16:32.119504,1,378,21115-MINGO (B104)
Johnson,B104,trumpd,12/30/2021 10:16:32.119504,317,378,21115-MINGO (B104)
Johnson,B104,westk,12/30/2021 10:16:32.119504,0,378,21115-MINGO (B104)
Johnson,B105,bidenj,12/30/2021 10:16:32.119504,60,276,21115-VAN LEAR (B105)
Johnson,B105,jorgensenj,12/30/2021 10:16:32.119504,2,276,21115-VAN LEAR (B105)
Johnson,B105,pierceb,12/30/2021 10:16:32.119504,0,276,21115-VAN LEAR (B105)
Johnson,B105,trumpd,12/30/2021 10:16:32.119504,214,276,21115-VAN LEAR (B105)
Johnson,B105,westk,12/30/2021 10:16:32.119504,0,276,21115-VAN LEAR (B105)
Johnson,B106,bidenj,12/30/2021 10:16:32.119504,52,321,21115-BUFFALO (B106)
Johnson,B106,jorgensenj,12/30/2021 10:16:32.119504,2,321,21115-BUFFALO (B106)
Johnson,B106,pierceb,12/30/2021 10:16:32.119504,0,321,21115-BUFFALO (B106)
Johnson,B106,trumpd,12/30/2021 10:16:32.119504,266,321,21115-BUFFALO (B106)
Johnson,B106,westk,12/30/2021 10:16:32.119504,1,321,21115-BUFFALO (B106)
Johnson,B107,bidenj,12/30/2021 10:16:32.119504,66,415,21115-GREASY CREEK (B107)
Johnson,B107,jorgensenj,12/30/2021 10:16:32.119504,2,415,21115-GREASY CREEK (B107)
Johnson,B107,pierceb,12/30/2021 10:16:32.119504,0,415,21115-GREASY CREEK (B107)
Johnson,B107,trumpd,12/30/2021 10:16:32.119504,345,415,21115-GREASY CREEK (B107)
Johnson,B107,westk,12/30/2021 10:16:32.119504,2,415,21115-GREASY CREEK (B107)
Johnson,B108,bidenj,12/30/2021 10:16:32.119504,8,65,21115-WHITE HOUSE (B108)
Johnson,B108,jorgensenj,12/30/2021 10:16:32.119504,1,65,21115-WHITE HOUSE (B108)
Johnson,B108,pierceb,12/30/2021 10:16:32.119504,0,65,21115-WHITE HOUSE (B108)
Johnson,B108,trumpd,12/30/2021 10:16:32.119504,56,65,21115-WHITE HOUSE (B108)
Johnson,B108,westk,12/30/2021 10:16:32.119504,0,65,21115-WHITE HOUSE (B108)
Johnson,B109,bidenj,12/30/2021 10:16:32.119504,53,307,21115-THELMA (B109)
Johnson,B109,jorgensenj,12/30/2021 10:16:32.119504,6,307,21115-THELMA (B109)
Johnson,B109,pierceb,12/30/2021 10:16:32.119504,0,307,21115-THELMA (B109)
Johnson,B109,trumpd,12/30/2021 10:16:32.119504,247,307,21115-THELMA (B109)
Johnson,B109,westk,12/30/2021 10:16:32.119504,1,307,21115-THELMA (B109)
Johnson,B110,bidenj,12/30/2021 10:16:32.119504,57,459,21115-MOUTH OF RUSH (B110)
Johnson,B110,jorgensenj,12/30/2021 10:16:32.119504,7,459,21115-MOUTH OF RUSH (B110)
Johnson,B110,pierceb,12/30/2021 10:16:32.119504,2,459,21115-MOUTH OF RUSH (B110)
Johnson,B110,trumpd,12/30/2021 10:16:32.119504,391,459,21115-MOUTH OF RUSH (B110)
Johnson,B110,westk,12/30/2021 10:16:32.119504,2,459,21115-MOUTH OF RUSH (B110)
Johnson,C101,bidenj,12/30/2021 10:16:32.119504,45,338,21115-OIL SPRINGS (C101)
Johnson,C101,jorgensenj,12/30/2021 10:16:32.119504,0,338,21115-OIL SPRINGS (C101)
Johnson,C101,pierceb,12/30/2021 10:16:32.119504,1,338,21115-OIL SPRINGS (C101)
Johnson,C101,trumpd,12/30/2021 10:16:32.119504,292,338,21115-OIL SPRINGS (C101)
Johnson,C101,westk,12/30/2021 10:16:32.119504,0,338,21115-OIL SPRINGS (C101)
Johnson,C102,bidenj,12/30/2021 10:16:32.119504,45,367,21115-BARNETTS CREEK (C102)
Johnson,C102,jorgensenj,12/30/2021 10:16:32.119504,5,367,21115-BARNETTS CREEK (C102)
Johnson,C102,pierceb,12/30/2021 10:16:32.119504,1,367,21115-BARNETTS CREEK (C102)
Johnson,C102,trumpd,12/30/2021 10:16:32.119504,313,367,21115-BARNETTS CREEK (C102)
Johnson,C102,westk,12/30/2021 10:16:32.119504,3,367,21115-BARNETTS CREEK (C102)
Johnson,C103,bidenj,12/30/2021 10:16:32.119504,52,547,21115-FLAT GAP (C103)
Johnson,C103,jorgensenj,12/30/2021 10:16:32.119504,2,547,21115-FLAT GAP (C103)
Johnson,C103,pierceb,12/30/2021 10:16:32.119504,2,547,21115-FLAT GAP (C103)
Johnson,C103,trumpd,12/30/2021 10:16:32.119504,490,547,21115-FLAT GAP (C103)
Johnson,C103,westk,12/30/2021 10:16:32.119504,1,547,21115-FLAT GAP (C103)
Johnson,C104,bidenj,12/30/2021 10:16:32.119504,39,161,21115-VOLGA (C104)
Johnson,C104,jorgensenj,12/30/2021 10:16:32.119504,0,161,21115-VOLGA (C104)
Johnson,C104,pierceb,12/30/2021 10:16:32.119504,0,161,21115-VOLGA (C104)
Johnson,C104,trumpd,12/30/2021 10:16:32.119504,122,161,21115-VOLGA (C104)
Johnson,C104,westk,12/30/2021 10:16:32.119504,0,161,21115-VOLGA (C104)
Johnson,C105,bidenj,12/30/2021 10:16:32.119504,38,245,21115-LOW GAP (C105)
Johnson,C105,jorgensenj,12/30/2021 10:16:32.119504,3,245,21115-LOW GAP (C105)
Johnson,C105,pierceb,12/30/2021 10:16:32.119504,3,245,21115-LOW GAP (C105)
Johnson,C105,trumpd,12/30/2021 10:16:32.119504,200,245,21115-LOW GAP (C105)
Johnson,C105,westk,12/30/2021 10:16:32.119504,1,245,21115-LOW GAP (C105)
Johnson,C106,bidenj,12/30/2021 10:16:32.119504,36,205,21115-RED BUSH (C106)
Johnson,C106,jorgensenj,12/30/2021 10:16:32.119504,0,205,21115-RED BUSH (C106)
Johnson,C106,pierceb,12/30/2021 10:16:32.119504,0,205,21115-RED BUSH (C106)
Johnson,C106,trumpd,12/30/2021 10:16:32.119504,169,205,21115-RED BUSH (C106)
Johnson,C106,westk,12/30/2021 10:16:32.119504,0,205,21115-RED BUSH (C106)
Johnson,C107,bidenj,12/30/2021 10:16:32.119504,68,531,21115-JENNYS CREEK (C107)
Johnson,C107,jorgensenj,12/30/2021 10:16:32.119504,2,531,21115-JENNYS CREEK (C107)
Johnson,C107,pierceb,12/30/2021 10:16:32.119504,4,531,21115-JENNYS CREEK (C107)
Johnson,C107,trumpd,12/30/2021 10:16:32.119504,456,531,21115-JENNYS CREEK (C107)
Johnson,C107,westk,12/30/2021 10:16:32.119504,1,531,21115-JENNYS CREEK (C107)
Johnson,C108,bidenj,12/30/2021 10:16:32.119504,32,217,21115-LITTLE GAP (C108)
Johnson,C108,jorgensenj,12/30/2021 10:16:32.119504,1,217,21115-LITTLE GAP (C108)
Johnson,C108,pierceb,12/30/2021 10:16:32.119504,0,217,21115-LITTLE GAP (C108)
Johnson,C108,trumpd,12/30/2021 10:16:32.119504,184,217,21115-LITTLE GAP (C108)
Johnson,C108,westk,12/30/2021 10:16:32.119504,0,217,21115-LITTLE GAP (C108)
Johnson,C109,bidenj,12/30/2021 10:16:32.119504,45,285,21115-STAMBAUGH (C109)
Johnson,C109,jorgensenj,12/30/2021 10:16:32.119504,2,285,21115-STAMBAUGH (C109)
Johnson,C109,pierceb,12/30/2021 10:16:32.119504,1,285,21115-STAMBAUGH (C109)
Johnson,C109,trumpd,12/30/2021 10:16:32.119504,236,285,21115-STAMBAUGH (C109)
Johnson,C109,westk,12/30/2021 10:16:32.119504,1,285,21115-STAMBAUGH (C109)
Johnson,C110,bidenj,12/30/2021 10:16:32.119504,31,262,21115-SITKA (C110)
Johnson,C110,jorgensenj,12/30/2021 10:16:32.119504,2,262,21115-SITKA (C110)
Johnson,C110,pierceb,12/30/2021 10:16:32.119504,0,262,21115-SITKA (C110)
Johnson,C110,trumpd,12/30/2021 10:16:32.119504,229,262,21115-SITKA (C110)
Johnson,C110,westk,12/30/2021 10:16:32.119504,0,262,21115-SITKA (C110)
Johnson,C111,bidenj,12/30/2021 10:16:32.119504,28,292,21115-SYCAMORE (C111)
Johnson,C111,jorgensenj,12/30/2021 10:16:32.119504,3,292,21115-SYCAMORE (C111)
Johnson,C111,pierceb,12/30/2021 10:16:32.119504,1,292,21115-SYCAMORE (C111)
Johnson,C111,trumpd,12/30/2021 10:16:32.119504,260,292,21115-SYCAMORE (C111)
Johnson,C111,westk,12/30/2021 10:16:32.119504,0,292,21115-SYCAMORE (C111)
Johnson,Pres,bidenj,12/30/2021 10:16:32.119504,0,2,
Johnson,Pres,jorgensenj,12/30/2021 10:16:32.119504,0,2,
Johnson,Pres,pierceb,12/30/2021 10:16:32.119504,0,2,
Johnson,Pres,trumpd,12/30/2021 10:16:32.119504,2,2,
Johnson,Pres,westk,12/30/2021 10:16:32.119504,0,2,
Knott,A101,bidenj,12/30/2021 10:16:32.119504,102,426,21119-HINDMAN-RIGHT WARD (A101)
Knott,A101,jorgensenj,12/30/2021 10:16:32.119504,2,426,21119-HINDMAN-RIGHT WARD (A101)
Knott,A101,pierceb,12/30/2021 10:16:32.119504,1,426,21119-HINDMAN-RIGHT WARD (A101)
Knott,A101,trumpd,12/30/2021 10:16:32.119504,318,426,21119-HINDMAN-RIGHT WARD (A101)
Knott,A101,westk,12/30/2021 10:16:32.119504,3,426,21119-HINDMAN-RIGHT WARD (A101)
Knott,A103,bidenj,12/30/2021 10:16:32.119504,72,269,21119-CLEAR CREEK (A103)
Knott,A103,jorgensenj,12/30/2021 10:16:32.119504,1,269,21119-CLEAR CREEK (A103)
Knott,A103,pierceb,12/30/2021 10:16:32.119504,0,269,21119-CLEAR CREEK (A103)
Knott,A103,trumpd,12/30/2021 10:16:32.119504,195,269,21119-CLEAR CREEK (A103)
Knott,A103,westk,12/30/2021 10:16:32.119504,1,269,21119-CLEAR CREEK (A103)
Knott,A104,bidenj,12/30/2021 10:16:32.119504,107,544,21119-CARRIE (A104)
Knott,A104,jorgensenj,12/30/2021 10:16:32.119504,3,544,21119-CARRIE (A104)
Knott,A104,pierceb,12/30/2021 10:16:32.119504,1,544,21119-CARRIE (A104)
Knott,A104,trumpd,12/30/2021 10:16:32.119504,432,544,21119-CARRIE (A104)
Knott,A104,westk,12/30/2021 10:16:32.119504,1,544,21119-CARRIE (A104)
Knott,A105,bidenj,12/30/2021 10:16:32.119504,60,248,21119-LOTTS CREEK (A105)
Knott,A105,jorgensenj,12/30/2021 10:16:32.119504,2,248,21119-LOTTS CREEK (A105)
Knott,A105,pierceb,12/30/2021 10:16:32.119504,2,248,21119-LOTTS CREEK (A105)
Knott,A105,trumpd,12/30/2021 10:16:32.119504,183,248,21119-LOTTS CREEK (A105)
Knott,A105,westk,12/30/2021 10:16:32.119504,1,248,21119-LOTTS CREEK (A105)
Knott,A106,bidenj,12/30/2021 10:16:32.119504,47,185,21119-GARNER (A106)
Knott,A106,jorgensenj,12/30/2021 10:16:32.119504,0,185,21119-GARNER (A106)
Knott,A106,pierceb,12/30/2021 10:16:32.119504,0,185,21119-GARNER (A106)
Knott,A106,trumpd,12/30/2021 10:16:32.119504,138,185,21119-GARNER (A106)
Knott,A106,westk,12/30/2021 10:16:32.119504,0,185,21119-GARNER (A106)
Knott,A108,bidenj,12/30/2021 10:16:32.119504,41,187,21119-LEBURN (A108)
Knott,A108,jorgensenj,12/30/2021 10:16:32.119504,1,187,21119-LEBURN (A108)
Knott,A108,pierceb,12/30/2021 10:16:32.119504,2,187,21119-LEBURN (A108)
Knott,A108,trumpd,12/30/2021 10:16:32.119504,143,187,21119-LEBURN (A108)
Knott,A108,westk,12/30/2021 10:16:32.119504,0,187,21119-LEBURN (A108)
Knott,B101,bidenj,12/30/2021 10:16:32.119504,50,373,21119-CARR UPPER (B101)
Knott,B101,jorgensenj,12/30/2021 10:16:32.119504,1,373,21119-CARR UPPER (B101)
Knott,B101,pierceb,12/30/2021 10:16:32.119504,0,373,21119-CARR UPPER (B101)
Knott,B101,trumpd,12/30/2021 10:16:32.119504,321,373,21119-CARR UPPER (B101)
Knott,B101,westk,12/30/2021 10:16:32.119504,1,373,21119-CARR UPPER (B101)
Knott,B102,bidenj,12/30/2021 10:16:32.119504,66,291,21119-CARR MIDDLE (B102)
Knott,B102,jorgensenj,12/30/2021 10:16:32.119504,2,291,21119-CARR MIDDLE (B102)
Knott,B102,pierceb,12/30/2021 10:16:32.119504,0,291,21119-CARR MIDDLE (B102)
Knott,B102,trumpd,12/30/2021 10:16:32.119504,222,291,21119-CARR MIDDLE (B102)
Knott,B102,westk,12/30/2021 10:16:32.119504,1,291,21119-CARR MIDDLE (B102)
Knott,B103,bidenj,12/30/2021 10:16:32.119504,46,182,21119-BREEDINGS CREEK (B103)
Knott,B103,jorgensenj,12/30/2021 10:16:32.119504,2,182,21119-BREEDINGS CREEK (B103)
Knott,B103,pierceb,12/30/2021 10:16:32.119504,2,182,21119-BREEDINGS CREEK (B103)
Knott,B103,trumpd,12/30/2021 10:16:32.119504,132,182,21119-BREEDINGS CREEK (B103)
Knott,B103,westk,12/30/2021 10:16:32.119504,0,182,21119-BREEDINGS CREEK (B103)
Knott,B104,bidenj,12/30/2021 10:16:32.119504,22,171,21119-IRISHMAN (B104)
Knott,B104,jorgensenj,12/30/2021 10:16:32.119504,0,171,21119-IRISHMAN (B104)
Knott,B104,pierceb,12/30/2021 10:16:32.119504,2,171,21119-IRISHMAN (B104)
Knott,B104,trumpd,12/30/2021 10:16:32.119504,147,171,21119-IRISHMAN (B104)
Knott,B104,westk,12/30/2021 10:16:32.119504,0,171,21119-IRISHMAN (B104)
Knott,B105,bidenj,12/30/2021 10:16:32.119504,41,178,21119-SASSAFRAS (B105)
Knott,B105,jorgensenj,12/30/2021 10:16:32.119504,0,178,21119-SASSAFRAS (B105)
Knott,B105,pierceb,12/30/2021 10:16:32.119504,0,178,21119-SASSAFRAS (B105)
Knott,B105,trumpd,12/30/2021 10:16:32.119504,137,178,21119-SASSAFRAS (B105)
Knott,B105,westk,12/30/2021 10:16:32.119504,0,178,21119-SASSAFRAS (B105)
Knott,B106,bidenj,12/30/2021 10:16:32.119504,16,76,21119-ANCO (B106)
Knott,B106,jorgensenj,12/30/2021 10:16:32.119504,0,76,21119-ANCO (B106)
Knott,B106,pierceb,12/30/2021 10:16:32.119504,0,76,21119-ANCO (B106)
Knott,B106,trumpd,12/30/2021 10:16:32.119504,59,76,21119-ANCO (B106)
Knott,B106,westk,12/30/2021 10:16:32.119504,1,76,21119-ANCO (B106)
Knott,B107,bidenj,12/30/2021 10:16:32.119504,72,317,21119-MALLIE (B107)
Knott,B107,jorgensenj,12/30/2021 10:16:32.119504,1,317,21119-MALLIE (B107)
Knott,B107,pierceb,12/30/2021 10:16:32.119504,1,317,21119-MALLIE (B107)
Knott,B107,trumpd,12/30/2021 10:16:32.119504,241,317,21119-MALLIE (B107)
Knott,B107,westk,12/30/2021 10:16:32.119504,2,317,21119-MALLIE (B107)
Knott,C101,bidenj,12/30/2021 10:16:32.119504,41,180,21119-BALL LOWER (C101)
Knott,C101,jorgensenj,12/30/2021 10:16:32.119504,2,180,21119-BALL LOWER (C101)
Knott,C101,pierceb,12/30/2021 10:16:32.119504,0,180,21119-BALL LOWER (C101)
Knott,C101,trumpd,12/30/2021 10:16:32.119504,137,180,21119-BALL LOWER (C101)
Knott,C101,westk,12/30/2021 10:16:32.119504,0,180,21119-BALL LOWER (C101)
Knott,C102,bidenj,12/30/2021 10:16:32.119504,72,362,21119-BALL UPPER (C102)
Knott,C102,jorgensenj,12/30/2021 10:16:32.119504,2,362,21119-BALL UPPER (C102)
Knott,C102,pierceb,12/30/2021 10:16:32.119504,0,362,21119-BALL UPPER (C102)
Knott,C102,trumpd,12/30/2021 10:16:32.119504,288,362,21119-BALL UPPER (C102)
Knott,C102,westk,12/30/2021 10:16:32.119504,0,362,21119-BALL UPPER (C102)
Knott,C103,bidenj,12/30/2021 10:16:32.119504,8,26,21119-QUICKSAND UPPER (C103)
Knott,C103,jorgensenj,12/30/2021 10:16:32.119504,1,26,21119-QUICKSAND UPPER (C103)
Knott,C103,pierceb,12/30/2021 10:16:32.119504,0,26,21119-QUICKSAND UPPER (C103)
Knott,C103,trumpd,12/30/2021 10:16:32.119504,17,26,21119-QUICKSAND UPPER (C103)
Knott,C103,westk,12/30/2021 10:16:32.119504,0,26,21119-QUICKSAND UPPER (C103)
Knott,C104,bidenj,12/30/2021 10:16:32.119504,7,40,21119-SALT LICK (C104)
Knott,C104,jorgensenj,12/30/2021 10:16:32.119504,0,40,21119-SALT LICK (C104)
Knott,C104,pierceb,12/30/2021 10:16:32.119504,1,40,21119-SALT LICK (C104)
Knott,C104,trumpd,12/30/2021 10:16:32.119504,32,40,21119-SALT LICK (C104)
Knott,C104,westk,12/30/2021 10:16:32.119504,0,40,21119-SALT LICK (C104)
Knott,C105,bidenj,12/30/2021 10:16:32.119504,20,116,21119-ROCK FORK (C105)
Knott,C105,jorgensenj,12/30/2021 10:16:32.119504,0,116,21119-ROCK FORK (C105)
Knott,C105,pierceb,12/30/2021 10:16:32.119504,0,116,21119-ROCK FORK (C105)
Knott,C105,trumpd,12/30/2021 10:16:32.119504,96,116,21119-ROCK FORK (C105)
Knott,C105,westk,12/30/2021 10:16:32.119504,0,116,21119-ROCK FORK (C105)
Knott,C106,bidenj,12/30/2021 10:16:32.119504,3,34,21119-QUICKSAND LOWER (C106)
Knott,C106,jorgensenj,12/30/2021 10:16:32.119504,0,34,21119-QUICKSAND LOWER (C106)
Knott,C106,pierceb,12/30/2021 10:16:32.119504,0,34,21119-QUICKSAND LOWER (C106)
Knott,C106,trumpd,12/30/2021 10:16:32.119504,31,34,21119-QUICKSAND LOWER (C106)
Knott,C106,westk,12/30/2021 10:16:32.119504,0,34,21119-QUICKSAND LOWER (C106)
Knott,C107,bidenj,12/30/2021 10:16:32.119504,39,152,21119-BALL MIDDLE (C107)
Knott,C107,jorgensenj,12/30/2021 10:16:32.119504,0,152,21119-BALL MIDDLE (C107)
Knott,C107,pierceb,12/30/2021 10:16:32.119504,0,152,21119-BALL MIDDLE (C107)
Knott,C107,trumpd,12/30/2021 10:16:32.119504,113,152,21119-BALL MIDDLE (C107)
Knott,C107,westk,12/30/2021 10:16:32.119504,0,152,21119-BALL MIDDLE (C107)
Knott,C108,bidenj,12/30/2021 10:16:32.119504,54,229,21119-HINDMAN 2 (C108)
Knott,C108,jorgensenj,12/30/2021 10:16:32.119504,0,229,21119-HINDMAN 2 (C108)
Knott,C108,pierceb,12/30/2021 10:16:32.119504,1,229,21119-HINDMAN 2 (C108)
Knott,C108,trumpd,12/30/2021 10:16:32.119504,174,229,21119-HINDMAN 2 (C108)
Knott,C108,westk,12/30/2021 10:16:32.119504,0,229,21119-HINDMAN 2 (C108)
Knott,C109,bidenj,12/30/2021 10:16:32.119504,32,108,21119-JONES FORK UPPER (C109)
Knott,C109,jorgensenj,12/30/2021 10:16:32.119504,0,108,21119-JONES FORK UPPER (C109)
Knott,C109,pierceb,12/30/2021 10:16:32.119504,0,108,21119-JONES FORK UPPER (C109)
Knott,C109,trumpd,12/30/2021 10:16:32.119504,76,108,21119-JONES FORK UPPER (C109)
Knott,C109,westk,12/30/2021 10:16:32.119504,0,108,21119-JONES FORK UPPER (C109)
Knott,C110,bidenj,12/30/2021 10:16:32.119504,27,90,21119-FISTY (C110)
Knott,C110,jorgensenj,12/30/2021 10:16:32.119504,0,90,21119-FISTY (C110)
Knott,C110,pierceb,12/30/2021 10:16:32.119504,1,90,21119-FISTY (C110)
Knott,C110,trumpd,12/30/2021 10:16:32.119504,62,90,21119-FISTY (C110)
Knott,C110,westk,12/30/2021 10:16:32.119504,0,90,21119-FISTY (C110)
Knott,C111,bidenj,12/30/2021 10:16:32.119504,14,42,21119-JONES FORK LOWER (C111)
Knott,C111,jorgensenj,12/30/2021 10:16:32.119504,0,42,21119-JONES FORK LOWER (C111)
Knott,C111,pierceb,12/30/2021 10:16:32.119504,0,42,21119-JONES FORK LOWER (C111)
Knott,C111,trumpd,12/30/2021 10:16:32.119504,28,42,21119-JONES FORK LOWER (C111)
Knott,C111,westk,12/30/2021 10:16:32.119504,0,42,21119-JONES FORK LOWER (C111)
Knott,C112,bidenj,12/30/2021 10:16:32.119504,63,209,21119-JONES FORK MIDDLE (C112)
Knott,C112,jorgensenj,12/30/2021 10:16:32.119504,1,209,21119-JONES FORK MIDDLE (C112)
Knott,C112,pierceb,12/30/2021 10:16:32.119504,1,209,21119-JONES FORK MIDDLE (C112)
Knott,C112,trumpd,12/30/2021 10:16:32.119504,144,209,21119-JONES FORK MIDDLE (C112)
Knott,C112,westk,12/30/2021 10:16:32.119504,0,209,21119-JONES FORK MIDDLE (C112)
Knott,D102,bidenj,12/30/2021 10:16:32.119504,37,98,21119-CANEY LOWER (D102)
Knott,D102,jorgensenj,12/30/2021 10:16:32.119504,0,98,21119-CANEY LOWER (D102)
Knott,D102,pierceb,12/30/2021 10:16:32.119504,0,98,21119-CANEY LOWER (D102)
Knott,D102,trumpd,12/30/2021 10:16:32.119504,60,98,21119-CANEY LOWER (D102)
Knott,D102,westk,12/30/2021 10:16:32.119504,1,98,21119-CANEY LOWER (D102)
Knott,D103,bidenj,12/30/2021 10:16:32.119504,73,301,21119-BEAVER LOWER (D103)
Knott,D103,jorgensenj,12/30/2021 10:16:32.119504,1,301,21119-BEAVER LOWER (D103)
Knott,D103,pierceb,12/30/2021 10:16:32.119504,0,301,21119-BEAVER LOWER (D103)
Knott,D103,trumpd,12/30/2021 10:16:32.119504,225,301,21119-BEAVER LOWER (D103)
Knott,D103,westk,12/30/2021 10:16:32.119504,2,301,21119-BEAVER LOWER (D103)
Knott,D104,bidenj,12/30/2021 10:16:32.119504,51,233,21119-BEAVER UPPER (D104)
Knott,D104,jorgensenj,12/30/2021 10:16:32.119504,0,233,21119-BEAVER UPPER (D104)
Knott,D104,pierceb,12/30/2021 10:16:32.119504,1,233,21119-BEAVER UPPER (D104)
Knott,D104,trumpd,12/30/2021 10:16:32.119504,181,233,21119-BEAVER UPPER (D104)
Knott,D104,westk,12/30/2021 10:16:32.119504,0,233,21119-BEAVER UPPER (D104)
Knott,D105,bidenj,12/30/2021 10:16:32.119504,84,340,21119-CANEY UPPER (D105)
Knott,D105,jorgensenj,12/30/2021 10:16:32.119504,5,340,21119-CANEY UPPER (D105)
Knott,D105,pierceb,12/30/2021 10:16:32.119504,0,340,21119-CANEY UPPER (D105)
Knott,D105,trumpd,12/30/2021 10:16:32.119504,250,340,21119-CANEY UPPER (D105)
Knott,D105,westk,12/30/2021 10:16:32.119504,1,340,21119-CANEY UPPER (D105)
Knott,D107,bidenj,12/30/2021 10:16:32.119504,45,244,21119-BEAVER MIDDLE (D107)
Knott,D107,jorgensenj,12/30/2021 10:16:32.119504,1,244,21119-BEAVER MIDDLE (D107)
Knott,D107,pierceb,12/30/2021 10:16:32.119504,1,244,21119-BEAVER MIDDLE (D107)
Knott,D107,trumpd,12/30/2021 10:16:32.119504,197,244,21119-BEAVER MIDDLE (D107)
Knott,D107,westk,12/30/2021 10:16:32.119504,0,244,21119-BEAVER MIDDLE (D107)
Knott,Pres,bidenj,12/30/2021 10:16:32.119504,0,0,
Knott,Pres,jorgensenj,12/30/2021 10:16:32.119504,0,0,
Knott,Pres,pierceb,12/30/2021 10:16:32.119504,0,0,
Knott,Pres,trumpd,12/30/2021 10:16:32.119504,0,0,
Knott,Pres,westk,12/30/2021 10:16:32.119504,0,0,
Leslie,A101,bidenj,12/30/2021 10:16:32.119504,10,192,21131-BEECHFORK (A101)
Leslie,A101,jorgensenj,12/30/2021 10:16:32.119504,2,192,21131-BEECHFORK (A101)
Leslie,A101,pierceb,12/30/2021 10:16:32.119504,0,192,21131-BEECHFORK (A101)
Leslie,A101,trumpd,12/30/2021 10:16:32.119504,180,192,21131-BEECHFORK (A101)
Leslie,A101,westk,12/30/2021 10:16:32.119504,0,192,21131-BEECHFORK (A101)
Leslie,A102,bidenj,12/30/2021 10:16:32.119504,39,496,21131-STINNETT (A102)
Leslie,A102,jorgensenj,12/30/2021 10:16:32.119504,0,496,21131-STINNETT (A102)
Leslie,A102,pierceb,12/30/2021 10:16:32.119504,0,496,21131-STINNETT (A102)
Leslie,A102,trumpd,12/30/2021 10:16:32.119504,457,496,21131-STINNETT (A102)
Leslie,A102,westk,12/30/2021 10:16:32.119504,0,496,21131-STINNETT (A102)
Leslie,A103,bidenj,12/30/2021 10:16:32.119504,2,31,21131-GREASY (A103)
Leslie,A103,jorgensenj,12/30/2021 10:16:32.119504,0,31,21131-GREASY (A103)
Leslie,A103,pierceb,12/30/2021 10:16:32.119504,0,31,21131-GREASY (A103)
Leslie,A103,trumpd,12/30/2021 10:16:32.119504,29,31,21131-GREASY (A103)
Leslie,A103,westk,12/30/2021 10:16:32.119504,0,31,21131-GREASY (A103)
Leslie,A104,bidenj,12/30/2021 10:16:32.119504,40,400,21131-HYDEN-JEFF (A104)
Leslie,A104,jorgensenj,12/30/2021 10:16:32.119504,2,400,21131-HYDEN-JEFF (A104)
Leslie,A104,pierceb,12/30/2021 10:16:32.119504,0,400,21131-HYDEN-JEFF (A104)
Leslie,A104,trumpd,12/30/2021 10:16:32.119504,357,400,21131-HYDEN-JEFF (A104)
Leslie,A104,westk,12/30/2021 10:16:32.119504,1,400,21131-HYDEN-JEFF (A104)
Leslie,A105,bidenj,12/30/2021 10:16:32.119504,12,129,21131-MARROWBONE (A105)
Leslie,A105,jorgensenj,12/30/2021 10:16:32.119504,2,129,21131-MARROWBONE (A105)
Leslie,A105,pierceb,12/30/2021 10:16:32.119504,0,129,21131-MARROWBONE (A105)
Leslie,A105,trumpd,12/30/2021 10:16:32.119504,115,129,21131-MARROWBONE (A105)
Leslie,A105,westk,12/30/2021 10:16:32.119504,0,129,21131-MARROWBONE (A105)
Leslie,B101,bidenj,12/30/2021 10:16:32.119504,42,516,21131-JACKS CREEK (B101)
Leslie,B101,jorgensenj,12/30/2021 10:16:32.119504,3,516,21131-JACKS CREEK (B101)
Leslie,B101,pierceb,12/30/2021 10:16:32.119504,2,516,21131-JACKS CREEK (B101)
Leslie,B101,trumpd,12/30/2021 10:16:32.119504,467,516,21131-JACKS CREEK (B101)
Leslie,B101,westk,12/30/2021 10:16:32.119504,2,516,21131-JACKS CREEK (B101)
Leslie,B102,bidenj,12/30/2021 10:16:32.119504,33,213,21131-BAD CREEK (B102)
Leslie,B102,jorgensenj,12/30/2021 10:16:32.119504,1,213,21131-BAD CREEK (B102)
Leslie,B102,pierceb,12/30/2021 10:16:32.119504,1,213,21131-BAD CREEK (B102)
Leslie,B102,trumpd,12/30/2021 10:16:32.119504,178,213,21131-BAD CREEK (B102)
Leslie,B102,westk,12/30/2021 10:16:32.119504,0,213,21131-BAD CREEK (B102)
Leslie,B103,bidenj,12/30/2021 10:16:32.119504,11,215,21131-ROCKHOUSE (B103)
Leslie,B103,jorgensenj,12/30/2021 10:16:32.119504,2,215,21131-ROCKHOUSE (B103)
Leslie,B103,pierceb,12/30/2021 10:16:32.119504,1,215,21131-ROCKHOUSE (B103)
Leslie,B103,trumpd,12/30/2021 10:16:32.119504,200,215,21131-ROCKHOUSE (B103)
Leslie,B103,westk,12/30/2021 10:16:32.119504,1,215,21131-ROCKHOUSE (B103)
Leslie,B104,bidenj,12/30/2021 10:16:32.119504,9,169,21131-BIG CREEK (B104)
Leslie,B104,jorgensenj,12/30/2021 10:16:32.119504,0,169,21131-BIG CREEK (B104)
Leslie,B104,pierceb,12/30/2021 10:16:32.119504,0,169,21131-BIG CREEK (B104)
Leslie,B104,trumpd,12/30/2021 10:16:32.119504,160,169,21131-BIG CREEK (B104)
Leslie,B104,westk,12/30/2021 10:16:32.119504,0,169,21131-BIG CREEK (B104)
Leslie,C101,bidenj,12/30/2021 10:16:32.119504,33,529,21131-WOOTON (C101)
Leslie,C101,jorgensenj,12/30/2021 10:16:32.119504,3,529,21131-WOOTON (C101)
Leslie,C101,pierceb,12/30/2021 10:16:32.119504,1,529,21131-WOOTON (C101)
Leslie,C101,trumpd,12/30/2021 10:16:32.119504,490,529,21131-WOOTON (C101)
Leslie,C101,westk,12/30/2021 10:16:32.119504,2,529,21131-WOOTON (C101)
Leslie,C102,bidenj,12/30/2021 10:16:32.119504,28,289,21131-TRACE FORK (C102)
Leslie,C102,jorgensenj,12/30/2021 10:16:32.119504,0,289,21131-TRACE FORK (C102)
Leslie,C102,pierceb,12/30/2021 10:16:32.119504,0,289,21131-TRACE FORK (C102)
Leslie,C102,trumpd,12/30/2021 10:16:32.119504,261,289,21131-TRACE FORK (C102)
Leslie,C102,westk,12/30/2021 10:16:32.119504,0,289,21131-TRACE FORK (C102)
Leslie,C103,bidenj,12/30/2021 10:16:32.119504,50,512,21131-WOLF (C103)
Leslie,C103,jorgensenj,12/30/2021 10:16:32.119504,1,512,21131-WOLF (C103)
Leslie,C103,pierceb,12/30/2021 10:16:32.119504,0,512,21131-WOLF (C103)
Leslie,C103,trumpd,12/30/2021 10:16:32.119504,460,512,21131-WOLF (C103)
Leslie,C103,westk,12/30/2021 10:16:32.119504,1,512,21131-WOLF (C103)
Leslie,D101,bidenj,12/30/2021 10:16:32.119504,36,298,21131-HYDEN 1 (D101)
Leslie,D101,jorgensenj,12/30/2021 10:16:32.119504,2,298,21131-HYDEN 1 (D101)
Leslie,D101,pierceb,12/30/2021 10:16:32.119504,1,298,21131-HYDEN 1 (D101)
Leslie,D101,trumpd,12/30/2021 10:16:32.119504,259,298,21131-HYDEN 1 (D101)
Leslie,D101,westk,12/30/2021 10:16:32.119504,0,298,21131-HYDEN 1 (D101)
Leslie,D102,bidenj,12/30/2021 10:16:32.119504,41,253,21131-HYDEN 2 (D102)
Leslie,D102,jorgensenj,12/30/2021 10:16:32.119504,1,253,21131-HYDEN 2 (D102)
Leslie,D102,pierceb,12/30/2021 10:16:32.119504,1,253,21131-HYDEN 2 (D102)
Leslie,D102,trumpd,12/30/2021 10:16:32.119504,209,253,21131-HYDEN 2 (D102)
Leslie,D102,westk,12/30/2021 10:16:32.119504,1,253,21131-HYDEN 2 (D102)
Leslie,D103,bidenj,12/30/2021 10:16:32.119504,26,189,21131-WILDER (D103)
Leslie,D103,jorgensenj,12/30/2021 10:16:32.119504,1,189,21131-WILDER (D103)
Leslie,D103,pierceb,12/30/2021 10:16:32.119504,2,189,21131-WILDER (D103)
Leslie,D103,trumpd,12/30/2021 10:16:32.119504,160,189,21131-WILDER (D103)
Leslie,D103,westk,12/30/2021 10:16:32.119504,0,189,21131-WILDER (D103)
Leslie,D104,bidenj,12/30/2021 10:16:32.119504,32,313,21131-MIDWAY (D104)
Leslie,D104,jorgensenj,12/30/2021 10:16:32.119504,3,313,21131-MIDWAY (D104)
Leslie,D104,pierceb,12/30/2021 10:16:32.119504,0,313,21131-MIDWAY (D104)
Leslie,D104,trumpd,12/30/2021 10:16:32.119504,274,313,21131-MIDWAY (D104)
Leslie,D104,westk,12/30/2021 10:16:32.119504,4,313,21131-MIDWAY (D104)
Leslie,D105,bidenj,12/30/2021 10:16:32.119504,2,67,21131-BULLSKIN NO. 17 (D105)
Leslie,D105,jorgensenj,12/30/2021 10:16:32.119504,0,67,21131-BULLSKIN NO. 17 (D105)
Leslie,D105,pierceb,12/30/2021 10:16:32.119504,0,67,21131-BULLSKIN NO. 17 (D105)
Leslie,D105,trumpd,12/30/2021 10:16:32.119504,65,67,21131-BULLSKIN NO. 17 (D105)
Leslie,D105,westk,12/30/2021 10:16:32.119504,0,67,21131-BULLSKIN NO. 17 (D105)
Leslie,Pres,bidenj,12/30/2021 10:16:32.119504,0,0,
Leslie,Pres,jorgensenj,12/30/2021 10:16:32.119504,0,0,
Leslie,Pres,pierceb,12/30/2021 10:16:32.119504,0,0,
Leslie,Pres,trumpd,12/30/2021 10:16:32.119504,0,0,
Leslie,Pres,westk,12/30/2021 10:16:32.119504,0,0,
Magoffin,A101,bidenj,12/30/2021 10:16:32.119504,135,454,21153-SALYERSVILLE 2 (A101)
Magoffin,A101,jorgensenj,12/30/2021 10:16:32.119504,1,454,21153-SALYERSVILLE 2 (A101)
Magoffin,A101,pierceb,12/30/2021 10:16:32.119504,1,454,21153-SALYERSVILLE 2 (A101)
Magoffin,A101,trumpd,12/30/2021 10:16:32.119504,317,454,21153-SALYERSVILLE 2 (A101)
Magoffin,A101,westk,12/30/2021 10:16:32.119504,0,454,21153-SALYERSVILLE 2 (A101)
Magoffin,A102,bidenj,12/30/2021 10:16:32.119504,106,500,21153-BLOOMINGTON (A102)
Magoffin,A102,jorgensenj,12/30/2021 10:16:32.119504,2,500,21153-BLOOMINGTON (A102)
Magoffin,A102,pierceb,12/30/2021 10:16:32.119504,0,500,21153-BLOOMINGTON (A102)
Magoffin,A102,trumpd,12/30/2021 10:16:32.119504,391,500,21153-BLOOMINGTON (A102)
Magoffin,A102,westk,12/30/2021 10:16:32.119504,1,500,21153-BLOOMINGTON (A102)
Magoffin,A103,bidenj,12/30/2021 10:16:32.119504,55,303,undefined
Magoffin,A103,jorgensenj,12/30/2021 10:16:32.119504,2,303,undefined
Magoffin,A103,pierceb,12/30/2021 10:16:32.119504,0,303,undefined
Magoffin,A103,trumpd,12/30/2021 10:16:32.119504,244,303,undefined
Magoffin,A103,westk,12/30/2021 10:16:32.119504,2,303,undefined
Magoffin,A104,bidenj,12/30/2021 10:16:32.119504,143,617,21153-CARTY BRANCH (A104)
Magoffin,A104,jorgensenj,12/30/2021 10:16:32.119504,6,617,21153-CARTY BRANCH (A104)
Magoffin,A104,pierceb,12/30/2021 10:16:32.119504,3,617,21153-CARTY BRANCH (A104)
Magoffin,A104,trumpd,12/30/2021 10:16:32.119504,465,617,21153-CARTY BRANCH (A104)
Magoffin,A104,westk,12/30/2021 10:16:32.119504,0,617,21153-CARTY BRANCH (A104)
Magoffin,B101,bidenj,12/30/2021 10:16:32.119504,167,604,21153-SALYERSVILLE 1 (B101)
Magoffin,B101,jorgensenj,12/30/2021 10:16:32.119504,5,604,21153-SALYERSVILLE 1 (B101)
Magoffin,B101,pierceb,12/30/2021 10:16:32.119504,3,604,21153-SALYERSVILLE 1 (B101)
Magoffin,B101,trumpd,12/30/2021 10:16:32.119504,428,604,21153-SALYERSVILLE 1 (B101)
Magoffin,B101,westk,12/30/2021 10:16:32.119504,1,604,21153-SALYERSVILLE 1 (B101)
Magoffin,B102,bidenj,12/30/2021 10:16:32.119504,102,482,21153-STATE ROAD (B102)
Magoffin,B102,jorgensenj,12/30/2021 10:16:32.119504,3,482,21153-STATE ROAD (B102)
Magoffin,B102,pierceb,12/30/2021 10:16:32.119504,0,482,21153-STATE ROAD (B102)
Magoffin,B102,trumpd,12/30/2021 10:16:32.119504,376,482,21153-STATE ROAD (B102)
Magoffin,B102,westk,12/30/2021 10:16:32.119504,1,482,21153-STATE ROAD (B102)
Magoffin,B103,bidenj,12/30/2021 10:16:32.119504,19,222,21153-NEW IVYTOWN (B103)
Magoffin,B103,jorgensenj,12/30/2021 10:16:32.119504,3,222,21153-NEW IVYTOWN (B103)
Magoffin,B103,pierceb,12/30/2021 10:16:32.119504,0,222,21153-NEW IVYTOWN (B103)
Magoffin,B103,trumpd,12/30/2021 10:16:32.119504,199,222,21153-NEW IVYTOWN (B103)
Magoffin,B103,westk,12/30/2021 10:16:32.119504,1,222,21153-NEW IVYTOWN (B103)
Magoffin,B104,bidenj,12/30/2021 10:16:32.119504,77,305,21153-FLAT FORK (B104)
Magoffin,B104,jorgensenj,12/30/2021 10:16:32.119504,0,305,21153-FLAT FORK (B104)
Magoffin,B104,pierceb,12/30/2021 10:16:32.119504,0,305,21153-FLAT FORK (B104)
Magoffin,B104,trumpd,12/30/2021 10:16:32.119504,227,305,21153-FLAT FORK (B104)
Magoffin,B104,westk,12/30/2021 10:16:32.119504,1,305,21153-FLAT FORK (B104)
Magoffin,B105,bidenj,12/30/2021 10:16:32.119504,60,228,21153-BAYES (B105)
Magoffin,B105,jorgensenj,12/30/2021 10:16:32.119504,1,228,21153-BAYES (B105)
Magoffin,B105,pierceb,12/30/2021 10:16:32.119504,0,228,21153-BAYES (B105)
Magoffin,B105,trumpd,12/30/2021 10:16:32.119504,167,228,21153-BAYES (B105)
Magoffin,B105,westk,12/30/2021 10:16:32.119504,0,228,21153-BAYES (B105)
Magoffin,C101,bidenj,12/30/2021 10:16:32.119504,79,297,21153-MEADOWS (C101)
Magoffin,C101,jorgensenj,12/30/2021 10:16:32.119504,3,297,21153-MEADOWS (C101)
Magoffin,C101,pierceb,12/30/2021 10:16:32.119504,0,297,21153-MEADOWS (C101)
Magoffin,C101,trumpd,12/30/2021 10:16:32.119504,215,297,21153-MEADOWS (C101)
Magoffin,C101,westk,12/30/2021 10:16:32.119504,0,297,21153-MEADOWS (C101)
Magoffin,C102,bidenj,12/30/2021 10:16:32.119504,41,282,21153-WIREMAN (C102)
Magoffin,C102,jorgensenj,12/30/2021 10:16:32.119504,6,282,21153-WIREMAN (C102)
Magoffin,C102,pierceb,12/30/2021 10:16:32.119504,1,282,21153-WIREMAN (C102)
Magoffin,C102,trumpd,12/30/2021 10:16:32.119504,234,282,21153-WIREMAN (C102)
Magoffin,C102,westk,12/30/2021 10:16:32.119504,0,282,21153-WIREMAN (C102)
Magoffin,C103,bidenj,12/30/2021 10:16:32.119504,70,342,21153-LAKEVILLE (C103)
Magoffin,C103,jorgensenj,12/30/2021 10:16:32.119504,5,342,21153-LAKEVILLE (C103)
Magoffin,C103,pierceb,12/30/2021 10:16:32.119504,0,342,21153-LAKEVILLE (C103)
Magoffin,C103,trumpd,12/30/2021 10:16:32.119504,266,342,21153-LAKEVILLE (C103)
Magoffin,C103,westk,12/30/2021 10:16:32.119504,1,342,21153-LAKEVILLE (C103)
Magoffin,C104,bidenj,12/30/2021 10:16:32.119504,70,348,21153-ATKINSON (C104)
Magoffin,C104,jorgensenj,12/30/2021 10:16:32.119504,1,348,21153-ATKINSON (C104)
Magoffin,C104,pierceb,12/30/2021 10:16:32.119504,0,348,21153-ATKINSON (C104)
Magoffin,C104,trumpd,12/30/2021 10:16:32.119504,276,348,21153-ATKINSON (C104)
Magoffin,C104,westk,12/30/2021 10:16:32.119504,1,348,21153-ATKINSON (C104)
Magoffin,C105,bidenj,12/30/2021 10:16:32.119504,89,462,21153-BRADLEY (C105)
Magoffin,C105,jorgensenj,12/30/2021 10:16:32.119504,2,462,21153-BRADLEY (C105)
Magoffin,C105,pierceb,12/30/2021 10:16:32.119504,1,462,21153-BRADLEY (C105)
Magoffin,C105,trumpd,12/30/2021 10:16:32.119504,369,462,21153-BRADLEY (C105)
Magoffin,C105,westk,12/30/2021 10:16:32.119504,1,462,21153-BRADLEY (C105)
Magoffin,Pres,bidenj,12/30/2021 10:16:32.119504,0,0,
Magoffin,Pres,jorgensenj,12/30/2021 10:16:32.119504,0,0,
Magoffin,Pres,pierceb,12/30/2021 10:16:32.119504,0,0,
Magoffin,Pres,trumpd,12/30/2021 10:16:32.119504,0,0,
Magoffin,Pres,westk,12/30/2021 10:16:32.119504,0,0,
Martin,A101,bidenj,12/30/2021 10:16:32.119504,56,384,21159-INEZ LOWER (A101)
Martin,A101,jorgensenj,12/30/2021 10:16:32.119504,2,384,21159-INEZ LOWER (A101)
Martin,A101,pierceb,12/30/2021 10:16:32.119504,0,384,21159-INEZ LOWER (A101)
Martin,A101,trumpd,12/30/2021 10:16:32.119504,325,384,21159-INEZ LOWER (A101)
Martin,A101,westk,12/30/2021 10:16:32.119504,1,384,21159-INEZ LOWER (A101)
Martin,A102,bidenj,12/30/2021 10:16:32.119504,25,213,21159-INEZ UPPER (A102)
Martin,A102,jorgensenj,12/30/2021 10:16:32.119504,1,213,21159-INEZ UPPER (A102)
Martin,A102,pierceb,12/30/2021 10:16:32.119504,0,213,21159-INEZ UPPER (A102)
Martin,A102,trumpd,12/30/2021 10:16:32.119504,186,213,21159-INEZ UPPER (A102)
Martin,A102,westk,12/30/2021 10:16:32.119504,1,213,21159-INEZ UPPER (A102)
Martin,A103,bidenj,12/30/2021 10:16:32.119504,19,216,21159-TURKEY (A103)
Martin,A103,jorgensenj,12/30/2021 10:16:32.119504,0,216,21159-TURKEY (A103)
Martin,A103,pierceb,12/30/2021 10:16:32.119504,0,216,21159-TURKEY (A103)
Martin,A103,trumpd,12/30/2021 10:16:32.119504,195,216,21159-TURKEY (A103)
Martin,A103,westk,12/30/2021 10:16:32.119504,2,216,21159-TURKEY (A103)
Martin,B101,bidenj,12/30/2021 10:16:32.119504,15,159,21159-BLACKLOG (B101)
Martin,B101,jorgensenj,12/30/2021 10:16:32.119504,0,159,21159-BLACKLOG (B101)
Martin,B101,pierceb,12/30/2021 10:16:32.119504,1,159,21159-BLACKLOG (B101)
Martin,B101,trumpd,12/30/2021 10:16:32.119504,143,159,21159-BLACKLOG (B101)
Martin,B101,westk,12/30/2021 10:16:32.119504,0,159,21159-BLACKLOG (B101)
Martin,B102,bidenj,12/30/2021 10:16:32.119504,26,424,21159-COLDWATER (B102)
Martin,B102,jorgensenj,12/30/2021 10:16:32.119504,2,424,21159-COLDWATER (B102)
Martin,B102,pierceb,12/30/2021 10:16:32.119504,1,424,21159-COLDWATER (B102)
Martin,B102,trumpd,12/30/2021 10:16:32.119504,395,424,21159-COLDWATER (B102)
Martin,B102,westk,12/30/2021 10:16:32.119504,0,424,21159-COLDWATER (B102)
Martin,B103,bidenj,12/30/2021 10:16:32.119504,26,293,21159-JOHN DAVIS (B103)
Martin,B103,jorgensenj,12/30/2021 10:16:32.119504,1,293,21159-JOHN DAVIS (B103)
Martin,B103,pierceb,12/30/2021 10:16:32.119504,1,293,21159-JOHN DAVIS (B103)
Martin,B103,trumpd,12/30/2021 10:16:32.119504,263,293,21159-JOHN DAVIS (B103)
Martin,B103,westk,12/30/2021 10:16:32.119504,2,293,21159-JOHN DAVIS (B103)
Martin,C101,bidenj,12/30/2021 10:16:32.119504,62,512,21159-TOMAHAWK (C101)
Martin,C101,jorgensenj,12/30/2021 10:16:32.119504,5,512,21159-TOMAHAWK (C101)
Martin,C101,pierceb,12/30/2021 10:16:32.119504,1,512,21159-TOMAHAWK (C101)
Martin,C101,trumpd,12/30/2021 10:16:32.119504,444,512,21159-TOMAHAWK (C101)
Martin,C101,westk,12/30/2021 10:16:32.119504,0,512,21159-TOMAHAWK (C101)
Martin,C102,bidenj,12/30/2021 10:16:32.119504,30,303,21159-LICK BRANCH (C102)
Martin,C102,jorgensenj,12/30/2021 10:16:32.119504,1,303,21159-LICK BRANCH (C102)
Martin,C102,pierceb,12/30/2021 10:16:32.119504,0,303,21159-LICK BRANCH (C102)
Martin,C102,trumpd,12/30/2021 10:16:32.119504,271,303,21159-LICK BRANCH (C102)
Martin,C102,westk,12/30/2021 10:16:32.119504,1,303,21159-LICK BRANCH (C102)
Martin,D101,bidenj,12/30/2021 10:16:32.119504,24,200,21159-LONG BRANCH (D101)
Martin,D101,jorgensenj,12/30/2021 10:16:32.119504,1,200,21159-LONG BRANCH (D101)
Martin,D101,pierceb,12/30/2021 10:16:32.119504,0,200,21159-LONG BRANCH (D101)
Martin,D101,trumpd,12/30/2021 10:16:32.119504,175,200,21159-LONG BRANCH (D101)
Martin,D101,westk,12/30/2021 10:16:32.119504,0,200,21159-LONG BRANCH (D101)
Martin,D102,bidenj,12/30/2021 10:16:32.119504,27,239,21159-EMILY (D102)
Martin,D102,jorgensenj,12/30/2021 10:16:32.119504,2,239,21159-EMILY (D102)
Martin,D102,pierceb,12/30/2021 10:16:32.119504,1,239,21159-EMILY (D102)
Martin,D102,trumpd,12/30/2021 10:16:32.119504,209,239,21159-EMILY (D102)
Martin,D102,westk,12/30/2021 10:16:32.119504,0,239,21159-EMILY (D102)
Martin,D103,bidenj,12/30/2021 10:16:32.119504,15,265,21159-PIGEON ROOST (D103)
Martin,D103,jorgensenj,12/30/2021 10:16:32.119504,2,265,21159-PIGEON ROOST (D103)
Martin,D103,pierceb,12/30/2021 10:16:32.119504,0,265,21159-PIGEON ROOST (D103)
Martin,D103,trumpd,12/30/2021 10:16:32.119504,248,265,21159-PIGEON ROOST (D103)
Martin,D103,westk,12/30/2021 10:16:32.119504,0,265,21159-PIGEON ROOST (D103)
Martin,D104,bidenj,12/30/2021 10:16:32.119504,4,104,21159-SAM MOORE (D104)
Martin,D104,jorgensenj,12/30/2021 10:16:32.119504,0,104,21159-SAM MOORE (D104)
Martin,D104,pierceb,12/30/2021 10:16:32.119504,0,104,21159-SAM MOORE (D104)
Martin,D104,trumpd,12/30/2021 10:16:32.119504,100,104,21159-SAM MOORE (D104)
Martin,D104,westk,12/30/2021 10:16:32.119504,0,104,21159-SAM MOORE (D104)
Martin,E101,bidenj,12/30/2021 10:16:32.119504,29,229,21159-HIMLERVILLE (E101)
Martin,E101,jorgensenj,12/30/2021 10:16:32.119504,0,229,21159-HIMLERVILLE (E101)
Martin,E101,pierceb,12/30/2021 10:16:32.119504,0,229,21159-HIMLERVILLE (E101)
Martin,E101,trumpd,12/30/2021 10:16:32.119504,200,229,21159-HIMLERVILLE (E101)
Martin,E101,westk,12/30/2021 10:16:32.119504,0,229,21159-HIMLERVILLE (E101)
Martin,E102,bidenj,12/30/2021 10:16:32.119504,45,389,21159-WARFIELD (E102)
Martin,E102,jorgensenj,12/30/2021 10:16:32.119504,0,389,21159-WARFIELD (E102)
Martin,E102,pierceb,12/30/2021 10:16:32.119504,1,389,21159-WARFIELD (E102)
Martin,E102,trumpd,12/30/2021 10:16:32.119504,342,389,21159-WARFIELD (E102)
Martin,E102,westk,12/30/2021 10:16:32.119504,1,389,21159-WARFIELD (E102)
Martin,Pres,bidenj,12/30/2021 10:16:32.119504,0,0,
Martin,Pres,jorgensenj,12/30/2021 10:16:32.119504,0,0,
Martin,Pres,pierceb,12/30/2021 10:16:32.119504,0,0,
Martin,Pres,trumpd,12/30/2021 10:16:32.119504,0,0,
Martin,Pres,westk,12/30/2021 10:16:32.119504,0,0,
Menifee,A101,bidenj,12/30/2021 10:16:32.119504,93,329,21165-FRENCHBURG 1 (A101)
Menifee,A101,jorgensenj,12/30/2021 10:16:32.119504,4,329,21165-FRENCHBURG 1 (A101)
Menifee,A101,pierceb,12/30/2021 10:16:32.119504,3,329,21165-FRENCHBURG 1 (A101)
Menifee,A101,trumpd,12/30/2021 10:16:32.119504,227,329,21165-FRENCHBURG 1 (A101)
Menifee,A101,westk,12/30/2021 10:16:32.119504,2,329,21165-FRENCHBURG 1 (A101)
Menifee,A102,bidenj,12/30/2021 10:16:32.119504,55,270,21165-FRENCHBURG 2 (A102)
Menifee,A102,jorgensenj,12/30/2021 10:16:32.119504,3,270,21165-FRENCHBURG 2 (A102)
Menifee,A102,pierceb,12/30/2021 10:16:32.119504,0,270,21165-FRENCHBURG 2 (A102)
Menifee,A102,trumpd,12/30/2021 10:16:32.119504,212,270,21165-FRENCHBURG 2 (A102)
Menifee,A102,westk,12/30/2021 10:16:32.119504,0,270,21165-FRENCHBURG 2 (A102)
Menifee,B101,bidenj,12/30/2021 10:16:32.119504,217,835,21165-WELLINGTON (B101)
Menifee,B101,jorgensenj,12/30/2021 10:16:32.119504,7,835,21165-WELLINGTON (B101)
Menifee,B101,pierceb,12/30/2021 10:16:32.119504,1,835,21165-WELLINGTON (B101)
Menifee,B101,trumpd,12/30/2021 10:16:32.119504,606,835,21165-WELLINGTON (B101)
Menifee,B101,westk,12/30/2021 10:16:32.119504,4,835,21165-WELLINGTON (B101)
Menifee,C101,bidenj,12/30/2021 10:16:32.119504,110,571,21165-MEANS (C101)
Menifee,C101,jorgensenj,12/30/2021 10:16:32.119504,4,571,21165-MEANS (C101)
Menifee,C101,pierceb,12/30/2021 10:16:32.119504,0,571,21165-MEANS (C101)
Menifee,C101,trumpd,12/30/2021 10:16:32.119504,456,571,21165-MEANS (C101)
Menifee,C101,westk,12/30/2021 10:16:32.119504,1,571,21165-MEANS (C101)
Menifee,D101,bidenj,12/30/2021 10:16:32.119504,133,553,21165-POMEROYTON (D101)
Menifee,D101,jorgensenj,12/30/2021 10:16:32.119504,2,553,21165-POMEROYTON (D101)
Menifee,D101,pierceb,12/30/2021 10:16:32.119504,0,553,21165-POMEROYTON (D101)
Menifee,D101,trumpd,12/30/2021 10:16:32.119504,417,553,21165-POMEROYTON (D101)
Menifee,D101,westk,12/30/2021 10:16:32.119504,1,553,21165-POMEROYTON (D101)
Menifee,E101,bidenj,12/30/2021 10:16:32.119504,142,538,21165-MARIBA (E101)
Menifee,E101,jorgensenj,12/30/2021 10:16:32.119504,4,538,21165-MARIBA (E101)
Menifee,E101,pierceb,12/30/2021 10:16:32.119504,1,538,21165-MARIBA (E101)
Menifee,E101,trumpd,12/30/2021 10:16:32.119504,387,538,21165-MARIBA (E101)
Menifee,E101,westk,12/30/2021 10:16:32.119504,4,538,21165-MARIBA (E101)
Menifee,Pres,bidenj,12/30/2021 10:16:32.119504,0,6,
Menifee,Pres,jorgensenj,12/30/2021 10:16:32.119504,0,6,
Menifee,Pres,pierceb,12/30/2021 10:16:32.119504,0,6,
Menifee,Pres,trumpd,12/30/2021 10:16:32.119504,6,6,
Menifee,Pres,westk,12/30/2021 10:16:32.119504,0,6,
Powell,A101,bidenj,12/30/2021 10:16:32.119504,116,515,21197-VIRDEN 1 (A101)
Powell,A101,jorgensenj,12/30/2021 10:16:32.119504,3,515,21197-VIRDEN 1 (A101)
Powell,A101,pierceb,12/30/2021 10:16:32.119504,0,515,21197-VIRDEN 1 (A101)
Powell,A101,trumpd,12/30/2021 10:16:32.119504,396,515,21197-VIRDEN 1 (A101)
Powell,A101,westk,12/30/2021 10:16:32.119504,0,515,21197-VIRDEN 1 (A101)
Powell,A102,bidenj,12/30/2021 10:16:32.119504,163,664,21197-HARDWICKS CREEK 6 (A102)
Powell,A102,jorgensenj,12/30/2021 10:16:32.119504,6,664,21197-HARDWICKS CREEK 6 (A102)
Powell,A102,pierceb,12/30/2021 10:16:32.119504,2,664,21197-HARDWICKS CREEK 6 (A102)
Powell,A102,trumpd,12/30/2021 10:16:32.119504,493,664,21197-HARDWICKS CREEK 6 (A102)
Powell,A102,westk,12/30/2021 10:16:32.119504,0,664,21197-HARDWICKS CREEK 6 (A102)
Powell,B101,bidenj,12/30/2021 10:16:32.119504,79,347,21197-CLAY CITY 5 (B101)
Powell,B101,jorgensenj,12/30/2021 10:16:32.119504,4,347,21197-CLAY CITY 5 (B101)
Powell,B101,pierceb,12/30/2021 10:16:32.119504,1,347,21197-CLAY CITY 5 (B101)
Powell,B101,trumpd,12/30/2021 10:16:32.119504,261,347,21197-CLAY CITY 5 (B101)
Powell,B101,westk,12/30/2021 10:16:32.119504,2,347,21197-CLAY CITY 5 (B101)
Powell,B102,bidenj,12/30/2021 10:16:32.119504,138,702,21197-CLAY CITY 9 (B102)
Powell,B102,jorgensenj,12/30/2021 10:16:32.119504,16,702,21197-CLAY CITY 9 (B102)
Powell,B102,pierceb,12/30/2021 10:16:32.119504,2,702,21197-CLAY CITY 9 (B102)
Powell,B102,trumpd,12/30/2021 10:16:32.119504,544,702,21197-CLAY CITY 9 (B102)
Powell,B102,westk,12/30/2021 10:16:32.119504,2,702,21197-CLAY CITY 9 (B102)
Powell,C101,bidenj,12/30/2021 10:16:32.119504,119,473,21197-STANTON 02 (C101)
Powell,C101,jorgensenj,12/30/2021 10:16:32.119504,3,473,21197-STANTON 02 (C101)
Powell,C101,pierceb,12/30/2021 10:16:32.119504,1,473,21197-STANTON 02 (C101)
Powell,C101,trumpd,12/30/2021 10:16:32.119504,349,473,21197-STANTON 02 (C101)
Powell,C101,westk,12/30/2021 10:16:32.119504,1,473,21197-STANTON 02 (C101)
Powell,C102,bidenj,12/30/2021 10:16:32.119504,147,542,21197-STANTON 07 (C102)
Powell,C102,jorgensenj,12/30/2021 10:16:32.119504,9,542,21197-STANTON 07 (C102)
Powell,C102,pierceb,12/30/2021 10:16:32.119504,1,542,21197-STANTON 07 (C102)
Powell,C102,trumpd,12/30/2021 10:16:32.119504,382,542,21197-STANTON 07 (C102)
Powell,C102,westk,12/30/2021 10:16:32.119504,3,542,21197-STANTON 07 (C102)
Powell,D101,bidenj,12/30/2021 10:16:32.119504,172,598,21197-ROSSLYN 3 (D101)
Powell,D101,jorgensenj,12/30/2021 10:16:32.119504,6,598,21197-ROSSLYN 3 (D101)
Powell,D101,pierceb,12/30/2021 10:16:32.119504,0,598,21197-ROSSLYN 3 (D101)
Powell,D101,trumpd,12/30/2021 10:16:32.119504,419,598,21197-ROSSLYN 3 (D101)
Powell,D101,westk,12/30/2021 10:16:32.119504,1,598,21197-ROSSLYN 3 (D101)
Powell,D102,bidenj,12/30/2021 10:16:32.119504,80,254,21197-SOUTH FORK 4 (D102)
Powell,D102,jorgensenj,12/30/2021 10:16:32.119504,0,254,21197-SOUTH FORK 4 (D102)
Powell,D102,pierceb,12/30/2021 10:16:32.119504,1,254,21197-SOUTH FORK 4 (D102)
Powell,D102,trumpd,12/30/2021 10:16:32.119504,173,254,21197-SOUTH FORK 4 (D102)
Powell,D102,westk,12/30/2021 10:16:32.119504,0,254,21197-SOUTH FORK 4 (D102)
Powell,D103,bidenj,12/30/2021 10:16:32.119504,53,153,21197-SLADE 11 (D103)
Powell,D103,jorgensenj,12/30/2021 10:16:32.119504,2,153,21197-SLADE 11 (D103)
Powell,D103,pierceb,12/30/2021 10:16:32.119504,0,153,21197-SLADE 11 (D103)
Powell,D103,trumpd,12/30/2021 10:16:32.119504,98,153,21197-SLADE 11 (D103)
Powell,D103,westk,12/30/2021 10:16:32.119504,0,153,21197-SLADE 11 (D103)
Powell,E101,bidenj,12/30/2021 10:16:32.119504,175,683,21197-STANTON 08 (E101)
Powell,E101,jorgensenj,12/30/2021 10:16:32.119504,11,683,21197-STANTON 08 (E101)
Powell,E101,pierceb,12/30/2021 10:16:32.119504,3,683,21197-STANTON 08 (E101)
Powell,E101,trumpd,12/30/2021 10:16:32.119504,491,683,21197-STANTON 08 (E101)
Powell,E101,westk,12/30/2021 10:16:32.119504,3,683,21197-STANTON 08 (E101)
Powell,E102,bidenj,12/30/2021 10:16:32.119504,125,567,21197-FURNACE MTN 10 (E102)
Powell,E102,jorgensenj,12/30/2021 10:16:32.119504,7,567,21197-FURNACE MTN 10 (E102)
Powell,E102,pierceb,12/30/2021 10:16:32.119504,3,567,21197-FURNACE MTN 10 (E102)
Powell,E102,trumpd,12/30/2021 10:16:32.119504,428,567,21197-FURNACE MTN 10 (E102)
Powell,E102,westk,12/30/2021 10:16:32.119504,4,567,21197-FURNACE MTN 10 (E102)
Powell,Pres,bidenj,12/30/2021 10:16:32.119504,0,7,
Powell,Pres,jorgensenj,12/30/2021 10:16:32.119504,0,7,
Powell,Pres,pierceb,12/30/2021 10:16:32.119504,0,7,
Powell,Pres,trumpd,12/30/2021 10:16:32.119504,7,7,
Powell,Pres,westk,12/30/2021 10:16:32.119504,0,7,
Rockcastle,A101,bidenj,12/30/2021 10:16:32.119504,162,1117,21203-BRODHEAD N (A101)
Rockcastle,A101,jorgensenj,12/30/2021 10:16:32.119504,10,1117,21203-BRODHEAD N (A101)
Rockcastle,A101,pierceb,12/30/2021 10:16:32.119504,0,1117,21203-BRODHEAD N (A101)
Rockcastle,A101,trumpd,12/30/2021 10:16:32.119504,940,1117,21203-BRODHEAD N (A101)
Rockcastle,A101,westk,12/30/2021 10:16:32.119504,5,1117,21203-BRODHEAD N (A101)
Rockcastle,A102,bidenj,12/30/2021 10:16:32.119504,71,516,21203-MT VERNON N (A102)
Rockcastle,A102,jorgensenj,12/30/2021 10:16:32.119504,1,516,21203-MT VERNON N (A102)
Rockcastle,A102,pierceb,12/30/2021 10:16:32.119504,0,516,21203-MT VERNON N (A102)
Rockcastle,A102,trumpd,12/30/2021 10:16:32.119504,442,516,21203-MT VERNON N (A102)
Rockcastle,A102,westk,12/30/2021 10:16:32.119504,2,516,21203-MT VERNON N (A102)
Rockcastle,B101,bidenj,12/30/2021 10:16:32.119504,69,517,21203-MT VERNON S (B101)
Rockcastle,B101,jorgensenj,12/30/2021 10:16:32.119504,4,517,21203-MT VERNON S (B101)
Rockcastle,B101,pierceb,12/30/2021 10:16:32.119504,0,517,21203-MT VERNON S (B101)
Rockcastle,B101,trumpd,12/30/2021 10:16:32.119504,441,517,21203-MT VERNON S (B101)
Rockcastle,B101,westk,12/30/2021 10:16:32.119504,3,517,21203-MT VERNON S (B101)
Rockcastle,B102,bidenj,12/30/2021 10:16:32.119504,125,786,21203-WEST MT VERNON (B102)
Rockcastle,B102,jorgensenj,12/30/2021 10:16:32.119504,3,786,21203-WEST MT VERNON (B102)
Rockcastle,B102,pierceb,12/30/2021 10:16:32.119504,0,786,21203-WEST MT VERNON (B102)
Rockcastle,B102,trumpd,12/30/2021 10:16:32.119504,658,786,21203-WEST MT VERNON (B102)
Rockcastle,B102,westk,12/30/2021 10:16:32.119504,0,786,21203-WEST MT VERNON (B102)
Rockcastle,C101,bidenj,12/30/2021 10:16:32.119504,94,849,21203-BROWN (C101)
Rockcastle,C101,jorgensenj,12/30/2021 10:16:32.119504,0,849,21203-BROWN (C101)
Rockcastle,C101,pierceb,12/30/2021 10:16:32.119504,3,849,21203-BROWN (C101)
Rockcastle,C101,trumpd,12/30/2021 10:16:32.119504,752,849,21203-BROWN (C101)
Rockcastle,C101,westk,12/30/2021 10:16:32.119504,0,849,21203-BROWN (C101)
Rockcastle,C102,bidenj,12/30/2021 10:16:32.119504,99,733,21203-BRODHEAD W (C102)
Rockcastle,C102,jorgensenj,12/30/2021 10:16:32.119504,5,733,21203-BRODHEAD W (C102)
Rockcastle,C102,pierceb,12/30/2021 10:16:32.119504,0,733,21203-BRODHEAD W (C102)
Rockcastle,C102,trumpd,12/30/2021 10:16:32.119504,629,733,21203-BRODHEAD W (C102)
Rockcastle,C102,westk,12/30/2021 10:16:32.119504,0,733,21203-BRODHEAD W (C102)
Rockcastle,C103,bidenj,12/30/2021 10:16:32.119504,11,200,21203-BULLOCK (C103)
Rockcastle,C103,jorgensenj,12/30/2021 10:16:32.119504,3,200,21203-BULLOCK (C103)
Rockcastle,C103,pierceb,12/30/2021 10:16:32.119504,0,200,21203-BULLOCK (C103)
Rockcastle,C103,trumpd,12/30/2021 10:16:32.119504,185,200,21203-BULLOCK (C103)
Rockcastle,C103,westk,12/30/2021 10:16:32.119504,1,200,21203-BULLOCK (C103)
Rockcastle,D101,bidenj,12/30/2021 10:16:32.119504,149,910,21203-CONWAY (D101)
Rockcastle,D101,jorgensenj,12/30/2021 10:16:32.119504,11,910,21203-CONWAY (D101)
Rockcastle,D101,pierceb,12/30/2021 10:16:32.119504,0,910,21203-CONWAY (D101)
Rockcastle,D101,trumpd,12/30/2021 10:16:32.119504,750,910,21203-CONWAY (D101)
Rockcastle,D101,westk,12/30/2021 10:16:32.119504,0,910,21203-CONWAY (D101)
Rockcastle,D102,bidenj,12/30/2021 10:16:32.119504,84,475,21203-ROUNDSTONE (D102)
Rockcastle,D102,jorgensenj,12/30/2021 10:16:32.119504,3,475,21203-ROUNDSTONE (D102)
Rockcastle,D102,pierceb,12/30/2021 10:16:32.119504,0,475,21203-ROUNDSTONE (D102)
Rockcastle,D102,trumpd,12/30/2021 10:16:32.119504,388,475,21203-ROUNDSTONE (D102)
Rockcastle,D102,westk,12/30/2021 10:16:32.119504,0,475,21203-ROUNDSTONE (D102)
Rockcastle,D103,bidenj,12/30/2021 10:16:32.119504,46,154,21203-CLIMAX (D103)
Rockcastle,D103,jorgensenj,12/30/2021 10:16:32.119504,2,154,21203-CLIMAX (D103)
Rockcastle,D103,pierceb,12/30/2021 10:16:32.119504,0,154,21203-CLIMAX (D103)
Rockcastle,D103,trumpd,12/30/2021 10:16:32.119504,106,154,21203-CLIMAX (D103)
Rockcastle,D103,westk,12/30/2021 10:16:32.119504,0,154,21203-CLIMAX (D103)
Rockcastle,E101,bidenj,12/30/2021 10:16:32.119504,77,510,21203-MT VERNON E (E101)
Rockcastle,E101,jorgensenj,12/30/2021 10:16:32.119504,6,510,21203-MT VERNON E (E101)
Rockcastle,E101,pierceb,12/30/2021 10:16:32.119504,0,510,21203-MT VERNON E (E101)
Rockcastle,E101,trumpd,12/30/2021 10:16:32.119504,426,510,21203-MT VERNON E (E101)
Rockcastle,E101,westk,12/30/2021 10:16:32.119504,1,510,21203-MT VERNON E (E101)
Rockcastle,E102,bidenj,12/30/2021 10:16:32.119504,39,420,21203-ORLANDO (E102)
Rockcastle,E102,jorgensenj,12/30/2021 10:16:32.119504,2,420,21203-ORLANDO (E102)
Rockcastle,E102,pierceb,12/30/2021 10:16:32.119504,0,420,21203-ORLANDO (E102)
Rockcastle,E102,trumpd,12/30/2021 10:16:32.119504,378,420,21203-ORLANDO (E102)
Rockcastle,E102,westk,12/30/2021 10:16:32.119504,1,420,21203-ORLANDO (E102)
Rockcastle,E103,bidenj,12/30/2021 10:16:32.119504,44,290,21203-LIVINGSTON E (E103)
Rockcastle,E103,jorgensenj,12/30/2021 10:16:32.119504,3,290,21203-LIVINGSTON E (E103)
Rockcastle,E103,pierceb,12/30/2021 10:16:32.119504,0,290,21203-LIVINGSTON E (E103)
Rockcastle,E103,trumpd,12/30/2021 10:16:32.119504,243,290,21203-LIVINGSTON E (E103)
Rockcastle,E103,westk,12/30/2021 10:16:32.119504,0,290,21203-LIVINGSTON E (E103)
Rockcastle,E104,bidenj,12/30/2021 10:16:32.119504,24,109,21203-WILDIE (E104)
Rockcastle,E104,jorgensenj,12/30/2021 10:16:32.119504,2,109,21203-WILDIE (E104)
Rockcastle,E104,pierceb,12/30/2021 10:16:32.119504,0,109,21203-WILDIE (E104)
Rockcastle,E104,trumpd,12/30/2021 10:16:32.119504,83,109,21203-WILDIE (E104)
Rockcastle,E104,westk,12/30/2021 10:16:32.119504,0,109,21203-WILDIE (E104)
Rockcastle,E105,bidenj,12/30/2021 10:16:32.119504,40,197,21203-WEST LIVINGSTON (E105)
Rockcastle,E105,jorgensenj,12/30/2021 10:16:32.119504,1,197,21203-WEST LIVINGSTON (E105)
Rockcastle,E105,pierceb,12/30/2021 10:16:32.119504,0,197,21203-WEST LIVINGSTON (E105)
Rockcastle,E105,trumpd,12/30/2021 10:16:32.119504,156,197,21203-WEST LIVINGSTON (E105)
Rockcastle,E105,westk,12/30/2021 10:16:32.119504,0,197,21203-WEST LIVINGSTON (E105)
Rockcastle,Pres,bidenj,12/30/2021 10:16:32.119504,0,0,
Rockcastle,Pres,jorgensenj,12/30/2021 10:16:32.119504,0,0,
Rockcastle,Pres,pierceb,12/30/2021 10:16:32.119504,0,0,
Rockcastle,Pres,trumpd,12/30/2021 10:16:32.119504,0,0,
Rockcastle,Pres,westk,12/30/2021 10:16:32.119504,0,0,
